Total Population,California County,ZIP,Longitude,Latitude,Ozone Pctl,PM2.5 Pctl,Diesel PM Pctl,Pesticides Pctl,Traffic Pctl,Asthma Pctl,Cardiovascular Disease Pctl,Poverty Pctl
2780,Fresno ,93706,-119.7816961,36.7096952,82.48,97.71,98.72,42.9,60.38,97.22,92.25,98.92
4680,San Joaquin,95206,-121.2878729,37.9431727,44.98,72.59,91.15,73.66,48.29,94.22,88.12,98.39
2751,Los Angeles,90023,-118.1974975,34.0175004,53.73,89.21,96.55,0.0,92.84,82.76,90.15,93.39
3664,Fresno ,93706,-119.8277069,36.7345353,82.48,95.88,57.09,71.59,35.28,98.24,94.57,95.35
2689,Fresno ,93706,-119.8055044,36.7354914,82.48,97.47,99.3,64.41,52.26,98.17,94.43,98.3
3306,Los Angeles,90221,-118.2124134,33.881969,29.89,89.22,90.64,36.07,77.66,88.6,93.67,74.05
4255,Fresno ,93706,-119.804314,36.6977507,82.48,96.02,36.19,90.83,5.7,98.23,94.57,99.41
5124,Los Angeles,90220,-118.230032,33.8798617,26.7,88.64,83.17,46.07,79.6,95.46,81.31,88.92
4561,Fresno ,93725,-119.7410277,36.7026849,84.58,97.9,62.55,59.45,16.6,89.34,61.13,98.12
3688,San Joaquin,95202,-121.2853628,37.953996,44.98,72.2,90.63,63.93,7.61,99.96,89.13,99.31
2000,Los Angeles,90033,-118.2077883,34.0588723,59.69,91.57,98.41,0.0,88.83,74.85,57.13,97.95
3640,Los Angeles,90247,-118.286709,33.8771395,24.88,82.35,94.08,74.14,97.63,74.05,53.75,83.49
1949,Los Angeles,91733,-118.0651222,34.0572554,71.66,78.44,91.56,12.21,51.86,75.19,74.84,92.37
6772,Los Angeles,90059,-118.2350934,33.9327963,35.16,83.73,96.76,0.0,92.41,97.1,98.63,98.45
5705,Los Angeles,90011,-118.2469968,34.0185256,46.99,84.39,91.89,0.0,46.5,77.37,93.28,96.86
2615,Los Angeles,90021,-118.2502739,34.0244835,46.99,87.29,93.86,0.0,91.94,79.92,58.35,98.02
4225,Fresno ,93706,-119.8010347,36.726462,82.48,97.36,95.22,73.38,31.51,98.23,94.57,97.37
2464,Los Angeles,91731,-118.0605567,34.0686907,74.1,75.21,81.64,39.66,94.99,69.64,68.2,74.05
5999,Los Angeles,90001,-118.2649765,33.9856783,39.99,86.78,67.39,0.0,61.29,87.6,91.86,89.66
2031,Los Angeles,90023,-118.2244531,34.0299036,50.99,90.54,98.79,0.0,98.11,58.47,50.12,90.87
3548,Los Angeles,90023,-118.2117956,34.0187546,50.54,89.42,92.08,0.0,53.66,82.76,90.15,99.62
2048,San Joaquin,95203,-121.3020724,37.952421,44.98,64.78,96.42,79.45,38.36,99.13,77.12,96.66
1820,Los Angeles,90021,-118.2477686,34.0326196,50.54,89.2,95.46,0.0,85.94,97.66,65.09,75.4
5191,Fresno ,93706,-119.8042772,36.717769,82.48,96.79,71.0,93.21,10.86,98.23,94.57,99.85
4669,Stanislaus ,95380,-120.883606,37.4647928,74.1,85.35,61.27,97.69,58.75,83.85,97.16,87.09
5498,Fresno ,93721,-119.7762091,36.7276563,82.48,97.69,94.87,46.59,67.0,94.24,84.18,96.93
3900,Los Angeles,90280,-118.1782284,33.9448778,42.56,81.02,95.42,0.0,88.89,57.69,79.51,69.35
2174,Los Angeles,91331,-118.4005905,34.2552325,97.0,57.21,92.2,0.0,43.09,84.01,52.73,93.92
7326,Los Angeles,90003,-118.275663,33.9469248,35.16,84.43,78.44,0.0,96.53,95.43,99.23,94.13
3553,Los Angeles,90002,-118.2314205,33.947117,37.57,82.66,73.06,0.0,57.49,92.97,97.77,85.5
5363,San Bernardino,91761,-117.6180131,34.0577805,88.82,97.4,86.01,14.86,47.28,70.1,82.9,94.23
5768,Los Angeles,90247,-118.2870814,33.8886904,26.7,81.93,95.23,67.83,92.75,78.74,58.0,75.11
4832,Los Angeles,90805,-118.2044859,33.8778668,29.89,90.6,97.55,33.97,83.43,87.39,82.58,89.76
4881,Los Angeles,90023,-118.1751711,34.0096885,55.38,87.07,97.81,0.0,94.61,64.84,84.21,81.91
7155,Los Angeles,90221,-118.1971508,33.8868935,29.89,88.65,89.0,20.31,93.64,90.43,96.51,86.86
5748,Los Angeles,90201,-118.1611103,33.959603,46.99,79.99,51.72,63.69,40.89,62.08,96.68,99.48
6215,Los Angeles,90023,-118.1827241,34.0169019,55.38,88.66,92.52,0.0,93.79,71.73,78.25,88.53
9052,Kern ,93307,-118.9920281,35.3372541,95.27,100.0,34.24,48.14,32.13,86.86,94.92,95.18
4756,Los Angeles,90059,-118.2502423,33.932376,35.16,82.53,97.09,0.0,97.81,98.07,99.08,99.86
6035,Los Angeles,90059,-118.2426486,33.9363535,35.16,82.81,90.69,0.0,83.74,94.97,95.99,95.8
5687,Los Angeles,90033,-118.2246242,34.046259,53.73,91.44,98.48,0.0,91.16,85.11,74.91,95.94
4735,Los Angeles,90221,-118.2109036,33.8923624,29.89,87.12,70.98,0.0,44.5,91.5,97.53,86.97
2907,Los Angeles,90033,-118.2185819,34.057226,56.96,93.07,97.9,0.0,96.7,85.73,75.69,95.24
3753,Los Angeles,90003,-118.2771699,33.9857805,39.99,81.32,96.59,0.0,98.68,95.43,99.23,84.95
3809,Los Angeles,90016,-118.368517,34.02931,44.98,71.23,81.84,28.28,90.24,89.11,67.81,77.58
4768,Los Angeles,90201,-118.1672627,33.9580353,46.99,79.99,97.41,58.34,96.6,62.08,96.68,92.94
5935,Fresno ,93725,-119.7577716,36.7107523,82.48,97.88,67.65,0.0,18.66,93.77,73.7,91.27
7624,San Joaquin,95203,-121.3145235,37.9405169,46.99,58.33,91.21,69.93,62.88,95.59,88.52,84.12
3230,Los Angeles,90059,-118.2453429,33.9255436,32.15,84.12,81.13,0.0,88.71,95.96,97.13,92.6
4904,Los Angeles,90061,-118.2717325,33.9194635,29.89,85.39,92.68,0.0,62.26,96.06,85.14,77.31
3794,Los Angeles,90201,-118.1704919,33.9722323,46.99,80.8,98.57,58.28,99.73,62.08,96.68,87.54
5633,Kern ,93307,-118.9879161,35.3613217,93.63,99.88,74.98,0.0,34.69,87.56,95.99,98.99
6219,Los Angeles,90201,-118.1616452,33.9702059,50.54,79.78,78.25,69.34,59.61,62.08,96.68,92.68
1963,Riverside ,92507,-117.3560514,33.9857419,97.0,90.33,97.49,3.83,79.41,69.59,78.08,91.32
6558,Los Angeles,91406,-118.4782103,34.2102531,91.05,89.61,87.92,0.0,95.34,84.25,86.24,80.34
6793,Madera ,93637,-120.0616242,36.9597277,76.94,92.32,92.96,12.52,64.88,89.67,99.46,98.33
7273,Los Angeles,90805,-118.1922187,33.8676075,29.89,91.05,89.98,41.52,81.34,91.14,89.0,89.06
4320,Los Angeles,90201,-118.1852919,33.9599735,44.98,82.19,68.46,0.0,34.34,46.31,83.44,78.63
3099,Los Angeles,90744,-118.2549079,33.7780161,17.65,67.45,99.37,0.0,30.94,83.0,92.82,90.87
2458,Los Angeles,90001,-118.2631029,33.9783876,39.99,86.88,62.51,0.0,69.83,95.31,99.02,92.45
5342,Fresno ,93702,-119.7499923,36.732259,84.58,97.67,59.07,47.21,34.95,95.75,89.41,99.38
3400,Los Angeles,90805,-118.1986552,33.8685443,26.7,92.79,98.06,4.79,98.88,89.19,85.36,65.7
4334,Los Angeles,90003,-118.2750006,33.962202,35.16,85.59,88.39,0.0,96.01,95.43,99.23,96.62
2109,Los Angeles,90059,-118.2282398,33.9326754,35.16,82.59,98.61,0.0,93.58,96.17,97.79,88.09
3132,Los Angeles,90731,-118.2839528,33.7476138,16.78,66.31,98.63,0.0,48.26,93.62,64.02,88.18
3720,Los Angeles,90201,-118.1755664,33.9593595,44.98,80.45,95.88,0.0,33.1,52.01,88.7,90.05
6299,San Joaquin,95231,-121.2688218,37.885527,50.99,53.69,57.46,89.38,52.58,83.55,89.46,78.63
3872,Los Angeles,91402,-118.4548516,34.2188235,93.63,70.17,56.07,0.0,76.74,90.85,89.77,93.48
3039,Los Angeles,91733,-118.0321896,34.0402202,71.66,80.39,97.47,53.14,86.45,75.19,74.84,79.99
2759,Fresno ,93706,-119.804301,36.7104697,82.48,96.52,43.92,93.24,11.9,98.23,94.57,97.1
7637,Fresno ,93662,-119.6279131,36.5629769,84.58,97.27,92.56,86.52,43.98,96.86,84.97,99.02
3904,Los Angeles,90023,-118.2142985,34.0245059,51.9,89.28,82.2,0.0,40.53,82.76,90.15,92.2
3457,Los Angeles,91605,-118.3919739,34.2044832,88.7,61.37,48.35,0.0,60.23,84.67,92.31,91.56
4013,Los Angeles,90040,-118.1526793,33.9862905,50.99,86.98,96.13,0.0,91.24,57.74,80.22,76.98
3542,Riverside ,92553,-117.2825158,33.9293086,98.67,64.43,63.85,26.66,84.35,69.17,84.9,97.99
7508,Los Angeles,90026,-118.2560631,34.0625684,53.73,91.28,96.39,20.55,95.28,43.84,33.6,91.46
2407,Fresno ,93725,-119.7178427,36.6816,84.58,96.34,64.97,95.07,24.73,93.13,71.16,93.98
4788,Los Angeles,90813,-118.200174,33.7863532,20.85,65.96,63.6,0.0,48.14,96.93,99.08,98.09
3841,Los Angeles,90810,-118.2215755,33.8219958,22.19,67.07,91.71,57.14,90.14,84.83,90.84,83.24
6631,Kings ,93230,-119.6308433,36.3080545,82.48,99.44,46.27,61.1,13.44,94.63,98.55,99.31
4501,Los Angeles,90003,-118.2773062,33.9785291,37.57,86.38,95.84,0.0,98.39,95.43,99.23,96.62
2918,Los Angeles,90058,-118.2430143,33.9920544,44.98,87.47,72.64,0.0,21.53,85.47,86.29,99.15
4150,Los Angeles,90016,-118.3605226,34.0297377,44.98,75.48,73.34,19.9,96.18,92.49,75.52,81.91
6588,Los Angeles,90805,-118.1668021,33.8674703,29.89,83.05,64.57,41.1,52.64,91.14,89.0,67.25
4165,Los Angeles,90805,-118.1600078,33.8783269,32.15,82.96,92.12,0.0,94.9,77.28,68.38,95.62
2705,Los Angeles,90001,-118.2391487,33.9774904,42.56,86.47,78.61,0.0,62.85,85.27,97.63,96.43
5505,Los Angeles,90011,-118.2439607,34.009617,46.99,87.26,78.02,0.0,25.06,77.94,90.35,91.85
3112,Stanislaus ,95354,-120.9667385,37.6287607,70.28,60.04,70.16,0.0,25.5,92.62,77.01,98.52
3289,Los Angeles,90255,-118.2333907,33.9846156,44.98,86.7,84.04,0.0,44.7,69.97,97.03,91.56
3073,Los Angeles,91343,-118.4703709,34.2248464,93.63,81.77,87.59,0.0,98.59,88.17,69.11,97.3
5510,Los Angeles,90023,-118.2124515,34.0309821,53.73,89.71,98.53,0.0,98.74,79.0,84.98,67.85
7395,Los Angeles,91204,-118.2597456,34.1316179,66.81,71.95,72.53,0.0,58.25,74.45,85.36,85.88
4443,Los Angeles,90249,-118.3065724,33.9079762,29.89,85.84,69.21,68.55,49.53,75.81,52.55,83.24
4436,Kern ,93280,-119.3337642,35.5917344,82.48,97.76,93.68,94.14,5.79,45.65,92.21,98.79
4802,Los Angeles,91733,-118.0551094,34.0585512,72.55,76.27,64.88,19.79,28.54,75.19,74.84,93.39
1598,Sacramento ,95811,-121.4825199,38.5916037,46.99,39.24,85.61,54.28,85.43,97.63,76.4,98.69
5139,Los Angeles,91352,-118.3919494,34.2321411,93.63,59.48,82.59,0.0,93.19,81.89,67.12,86.38
2991,Los Angeles,90065,-118.2242419,34.0887194,62.53,90.85,81.78,0.0,91.49,74.75,38.48,90.87
7139,Los Angeles,90262,-118.1810628,33.9220335,37.57,80.93,98.05,0.0,97.76,76.84,83.51,80.55
6741,Riverside ,92507,-117.367719,33.9711717,97.0,90.18,91.09,0.0,75.9,70.29,79.3,81.62
2704,Los Angeles,91402,-118.4622655,34.2191995,93.63,83.19,59.02,0.0,75.24,90.69,89.57,79.55
3110,Los Angeles,91706,-117.9903099,34.0641759,75.12,79.79,93.57,45.14,99.29,74.03,62.84,83.87
5159,Los Angeles,90003,-118.2761415,33.9560337,35.16,85.59,86.81,0.0,97.79,95.43,99.23,94.43
5146,Los Angeles,90061,-118.2768346,33.9364442,32.15,83.61,90.29,0.0,94.56,96.61,93.27,92.94
2852,Los Angeles,90002,-118.2336329,33.945396,37.57,82.34,74.67,0.0,55.41,93.67,98.11,99.95
6124,Los Angeles,90805,-118.1785185,33.8794113,32.15,88.14,92.25,65.83,91.3,72.79,62.95,69.48
3761,Los Angeles,91352,-118.3831998,34.217858,91.05,59.88,54.67,0.0,81.51,78.17,81.97,69.35
4144,Los Angeles,90059,-118.2614031,33.925262,32.15,84.17,92.42,0.0,96.91,91.89,83.77,76.62
6941,Kern ,93304,-119.0109288,35.3604274,93.63,99.81,91.4,0.0,50.61,95.01,92.86,98.99
4401,Fresno ,93703,-119.7810169,36.758343,82.48,97.09,93.7,0.0,92.24,97.03,74.7,99.13
4080,Los Angeles,90023,-118.2158297,34.0366414,53.73,90.95,98.22,0.0,97.04,58.46,55.45,94.5
2241,Los Angeles,90023,-118.2058412,34.0238161,53.73,89.14,92.31,0.0,97.86,82.76,90.15,91.27
4059,Los Angeles,90304,-118.3635823,33.9400821,29.89,80.73,88.45,58.69,93.43,69.42,73.85,94.71
6284,Fresno ,93728,-119.8328803,36.7572824,82.48,96.05,98.02,17.03,63.63,80.73,30.27,97.83
4824,Los Angeles,90023,-118.1822336,34.0217436,56.96,88.0,95.37,0.0,96.39,69.7,73.03,91.7
4503,Los Angeles,91605,-118.3832842,34.20361,88.7,61.18,68.94,0.0,43.69,84.67,92.31,75.84
6402,Los Angeles,90002,-118.2391843,33.9486636,37.57,82.55,36.25,0.0,25.49,93.67,98.11,98.79
3729,Los Angeles,90001,-118.2628927,33.9729857,39.99,86.88,58.25,0.0,66.51,82.69,93.54,93.04
4577,Fresno ,93702,-119.7634654,36.7540827,82.48,97.03,95.36,0.0,94.63,95.87,90.2,99.55
4709,Los Angeles,90001,-118.24555,33.9802221,42.56,87.04,61.75,0.0,45.23,85.27,97.63,93.61
5439,Riverside ,92507,-117.3422164,33.9951231,97.6,90.35,91.9,29.24,75.53,70.79,79.97,98.15
1292,Fresno ,93706,-119.831179,36.7067181,82.48,94.74,16.07,93.0,0.86,98.23,94.57,98.23
6567,Los Angeles,90501,-118.3021541,33.8484731,24.88,81.83,74.51,22.24,93.01,66.69,47.32,82.46
4071,Riverside ,92501,-117.3763853,33.9798271,97.0,90.98,95.98,0.0,68.24,91.31,96.42,77.99
2254,Los Angeles,90813,-118.2014531,33.7796381,20.85,66.6,98.99,0.0,35.85,93.79,94.32,93.39
3190,Kern ,93307,-118.9985321,35.3604075,93.63,99.86,98.44,0.0,51.7,86.3,94.08,97.6
5944,Los Angeles,91733,-118.0364142,34.0494754,72.55,80.54,70.63,0.0,27.44,75.19,74.84,84.33
5391,Los Angeles,90031,-118.2197131,34.0800585,60.93,93.65,94.88,0.0,92.21,69.18,29.05,80.78
7058,Los Angeles,90001,-118.2520343,33.9790503,39.99,87.04,61.62,0.0,58.59,85.27,97.63,97.56
5348,Los Angeles,91733,-118.0584597,34.0649651,72.55,78.02,64.39,41.38,62.65,74.81,74.14,84.7
3206,Los Angeles,90201,-118.1514821,33.9583801,46.99,83.2,49.2,48.45,53.4,62.08,96.68,93.39
5339,Stanislaus ,95380,-120.8576989,37.4861261,74.1,92.77,80.41,51.28,67.09,84.01,97.26,94.43
5337,Los Angeles,91204,-118.261783,34.1403264,69.32,71.95,70.68,0.0,57.11,77.08,88.62,71.09
4972,San Bernardino,92324,-117.3233041,34.0602092,98.67,74.31,96.4,0.0,85.28,82.58,87.94,93.48
7113,San Bernardino,92410,-117.3168792,34.100314,99.07,61.75,97.37,0.0,67.83,92.02,96.86,97.19
11006,Madera ,93638,-120.0448456,36.9589685,78.01,92.18,76.71,38.62,63.59,90.77,99.65,96.86
5779,Los Angeles,91731,-118.0339351,34.0755467,76.94,74.72,75.86,17.9,78.71,58.35,42.4,83.04
4391,Los Angeles,90044,-118.2868209,33.9200912,29.89,86.33,97.42,0.0,91.33,85.92,64.79,81.91
5134,Los Angeles,90003,-118.2752632,33.966092,35.16,85.49,90.32,0.0,96.89,95.43,99.23,94.07
2873,Merced ,95340,-120.4781909,37.3040353,72.55,88.11,90.67,0.0,60.65,98.27,99.8,98.3
5353,Los Angeles,90280,-118.1850472,33.9427497,42.56,80.26,56.22,0.0,56.81,59.56,82.29,57.01
3737,Los Angeles,90002,-118.2637832,33.9583159,37.57,84.84,55.16,0.0,65.39,84.5,86.27,95.41
2662,Merced ,95340,-120.4917855,37.3071923,72.55,88.87,74.97,51.55,66.69,97.06,99.5,79.46
6635,Los Angeles,91766,-117.7865057,34.0546198,74.1,90.68,90.65,67.14,77.36,75.87,67.93,73.2
3701,Los Angeles,90280,-118.1918918,33.9548717,42.56,81.94,77.59,0.0,46.73,48.18,70.45,74.87
3339,Fresno ,93654,-119.4974354,36.5995048,88.7,94.7,21.75,97.83,31.88,96.77,94.43,95.5
4001,Los Angeles,90012,-118.2415978,34.046994,53.73,92.46,96.43,21.62,34.83,83.59,34.96,93.67
4195,Los Angeles,90255,-118.2209803,33.9899239,46.99,84.53,89.67,0.0,44.39,61.42,85.43,79.99
5006,Los Angeles,90220,-118.2253101,33.8940909,29.89,86.0,53.99,0.0,31.36,95.04,79.75,92.6
4721,Riverside ,92518,-117.278368,33.8891026,97.6,59.83,40.27,13.21,82.0,71.51,86.75,89.28
6112,Los Angeles,91201,-118.2865467,34.1623874,75.3,69.32,93.85,0.0,91.2,33.21,58.92,75.3
3059,Los Angeles,90222,-118.2207001,33.913976,32.15,83.68,80.39,0.0,44.99,86.69,83.15,93.78
4498,Los Angeles,90033,-118.1964766,34.059079,59.69,90.57,97.83,0.0,81.33,69.42,54.91,93.56
3718,Los Angeles,90044,-118.3001717,33.927402,29.89,84.89,93.03,0.0,94.75,96.46,96.27,90.48
5277,Los Angeles,90023,-118.2030018,34.0285553,53.73,89.71,96.7,0.0,98.84,63.37,68.56,85.88
5917,Los Angeles,90221,-118.2118964,33.9078664,32.15,83.65,62.89,0.0,47.9,85.73,90.38,94.43
3006,San Diego,92113,-117.1165151,32.6909862,29.89,51.67,82.6,0.0,76.29,94.49,72.56,95.99
4531,Los Angeles,90220,-118.2582626,33.8906679,29.89,85.3,77.8,29.97,43.7,95.73,82.96,58.91
5353,Los Angeles,90058,-118.2432565,33.9992469,44.98,88.55,57.78,0.0,19.96,76.2,80.78,93.56
3523,Los Angeles,90221,-118.1890767,33.8934041,32.15,85.94,81.53,0.0,90.93,91.44,97.47,87.09
5776,Los Angeles,90044,-118.2857509,33.9334324,29.89,84.42,94.37,0.0,96.55,94.17,84.07,86.07
4971,Fresno ,93702,-119.7634304,36.7468175,82.48,97.46,70.4,0.0,80.29,95.87,90.2,98.92
5664,Los Angeles,90813,-118.197207,33.778962,20.85,66.6,98.89,0.0,22.99,95.84,98.26,95.3
4590,Los Angeles,90001,-118.2520926,33.9864059,42.56,87.09,84.94,0.0,59.15,81.19,94.97,92.14
5838,Los Angeles,91405,-118.4596472,34.2066365,91.05,77.69,80.62,0.0,69.54,94.78,89.77,75.11
1580,San Bernardino,92401,-117.2926063,34.1006404,100.0,58.72,80.47,0.0,65.01,90.38,92.21,98.63
4805,Los Angeles,90221,-118.2100244,33.8993431,32.15,84.97,64.41,0.0,43.35,91.5,97.53,88.09
3087,Los Angeles,91605,-118.4116037,34.1972751,88.7,62.6,66.04,0.0,62.84,76.73,82.9,75.72
5146,Los Angeles,90011,-118.2520958,33.9921607,42.56,87.09,69.26,0.0,30.33,78.4,94.9,92.29
3529,Solano ,94590,-122.2449025,38.0900421,13.62,39.23,85.51,36.62,60.11,99.81,91.55,61.08
5807,Los Angeles,90262,-118.2043891,33.9275094,37.57,80.41,83.06,0.0,87.71,77.08,83.71,91.13
2420,Alameda ,94601,-122.2109235,37.7621786,3.12,38.99,93.95,0.0,81.23,95.29,49.83,81.91
5949,Los Angeles,90301,-118.3700611,33.9590575,32.15,74.62,91.97,0.0,86.04,90.33,82.9,82.54
5045,Los Angeles,91405,-118.4531264,34.2047824,88.7,69.88,95.28,0.0,62.01,94.88,89.93,87.3
3341,Los Angeles,90023,-118.1955701,34.0248828,55.38,89.31,96.52,0.0,98.48,82.76,90.15,87.39
3719,Los Angeles,90022,-118.165883,34.0387595,62.53,87.22,99.23,0.0,93.18,75.7,69.65,79.55
5456,Fresno ,93703,-119.7791954,36.7724799,82.48,97.21,93.71,0.0,88.38,97.53,72.25,92.99
4759,Los Angeles,90011,-118.2608177,33.9925311,42.56,85.07,66.42,0.0,37.54,75.92,93.17,93.48
4197,Los Angeles,90061,-118.2679732,33.9296426,32.15,84.63,71.95,0.0,99.26,95.83,89.93,95.09
4976,Los Angeles,91766,-117.7349296,34.0542821,76.94,92.68,85.76,0.0,24.75,77.11,70.86,86.51
4134,Los Angeles,90744,-118.267011,33.7729434,16.78,68.86,99.74,0.0,4.54,83.0,92.82,90.87
4129,Los Angeles,90813,-118.1915438,33.7862264,20.85,66.42,80.01,0.0,56.65,96.97,99.12,94.71
5269,Los Angeles,90026,-118.2624816,34.0634788,53.73,89.98,92.82,0.0,70.24,49.93,35.09,94.71
3295,Los Angeles,90222,-118.2265977,33.9058075,32.15,84.28,51.21,0.0,49.93,97.38,94.48,93.92
6881,Los Angeles,90723,-118.1719652,33.8861963,32.15,86.76,79.49,57.86,70.99,59.98,65.57,90.15
3623,Los Angeles,90011,-118.251933,34.0157537,46.99,84.39,79.07,0.0,35.6,78.4,94.9,94.07
6246,Los Angeles,91731,-118.0367895,34.0678011,74.1,77.83,80.12,17.83,88.36,55.08,40.75,83.42
4556,Los Angeles,90047,-118.3100903,33.9863341,35.16,76.38,45.26,0.0,54.71,98.47,87.18,84.54
4176,Los Angeles,91411,-118.4523813,34.1830757,84.58,71.1,47.88,0.0,70.93,81.67,84.52,94.9
4750,Fresno ,93721,-119.7933565,36.743063,82.48,97.2,85.66,0.0,37.1,98.16,88.66,99.03
4439,Los Angeles,90304,-118.3638538,33.9348001,29.89,78.92,95.41,57.41,86.7,68.03,72.06,78.77
5259,Los Angeles,90270,-118.1734078,33.9836095,50.54,83.04,96.84,0.0,98.51,58.26,84.42,73.2
2157,Los Angeles,90063,-118.183979,34.0592143,62.53,88.31,92.51,0.0,78.68,64.79,71.88,58.79
5077,Los Angeles,91731,-118.0533005,34.0788602,75.12,72.93,94.04,34.1,90.6,49.26,34.48,92.6
5000,Los Angeles,91411,-118.4605367,34.1838638,84.58,71.47,40.5,0.0,70.61,82.43,85.52,87.88
9434,San Bernardino,91763,-117.6996325,34.063215,79.99,94.23,76.74,29.0,38.64,74.34,81.64,96.51
6167,Los Angeles,90003,-118.2684059,33.946945,35.16,84.01,33.28,0.0,34.24,90.03,93.98,92.79
2856,San Joaquin,95206,-121.2686436,37.9313083,46.99,65.65,18.28,66.76,33.76,87.64,76.65,99.6
3489,Los Angeles,90065,-118.2455126,34.1174815,65.36,77.4,87.45,0.0,90.35,74.75,38.48,88.32
3588,Los Angeles,91406,-118.4698195,34.1879585,84.58,83.24,83.0,0.0,98.56,65.57,62.89,78.1
7949,Los Angeles,90001,-118.2488118,33.9644276,39.99,84.03,52.26,0.0,43.39,82.19,95.14,89.51
2923,Kern ,93307,-118.9369122,35.2620354,95.27,96.6,15.47,96.21,1.95,83.6,92.88,90.3
3417,Los Angeles,90001,-118.2413457,33.9852598,42.56,86.47,82.94,0.0,44.81,79.96,93.52,96.98
3684,Los Angeles,91733,-118.0588991,34.0468938,71.66,78.36,76.49,0.0,91.68,75.19,74.84,77.99
6829,Los Angeles,90002,-118.2336919,33.9395183,35.16,82.81,85.56,0.0,18.48,89.72,90.24,92.37
4351,Los Angeles,90201,-118.1829301,33.9660331,46.99,80.05,39.02,0.0,66.8,62.08,96.68,96.51
3063,Los Angeles,90031,-118.2202429,34.0678503,59.69,94.71,94.15,0.0,92.49,65.0,24.0,85.34
5627,Orange ,92805,-117.9110788,33.8211215,50.54,83.51,88.36,0.0,91.18,60.99,53.1,92.37
10772,Kern ,93307,-118.9452577,35.3590376,95.27,99.6,90.42,44.62,35.83,87.5,95.99,93.39
5567,Los Angeles,90037,-118.2839315,33.9996748,39.99,78.06,93.33,0.0,96.1,92.88,87.82,96.58
3155,Los Angeles,90280,-118.1690175,33.9431242,42.56,80.17,93.45,0.0,97.13,42.61,63.72,51.41
8042,Los Angeles,90805,-118.1796736,33.8686923,29.89,89.32,67.44,51.03,39.79,91.14,89.0,82.46
6524,Los Angeles,90001,-118.2361363,33.9615844,39.99,82.71,65.84,0.0,48.1,80.11,89.62,84.91
6163,Los Angeles,90262,-118.2136057,33.915979,35.16,83.68,78.81,0.0,57.18,72.5,77.72,95.8
4121,Los Angeles,90012,-118.2302769,34.06898,56.96,95.01,91.59,0.0,79.31,26.33,35.9,90.48
2277,Riverside ,92501,-117.3656342,33.9928146,97.0,90.73,98.17,0.0,92.74,91.91,97.07,65.54
3626,Los Angeles,90248,-118.2871419,33.9024424,29.89,85.65,88.21,0.0,93.89,82.54,64.31,49.72
5620,San Joaquin,95203,-121.3278662,37.9577717,44.98,56.83,92.35,66.45,75.31,99.21,91.19,85.18
2692,Los Angeles,90031,-118.2115758,34.0650794,59.69,92.61,90.57,0.0,91.98,60.16,20.03,84.12
6638,Los Angeles,90262,-118.2033535,33.9170524,35.16,81.98,87.44,0.0,94.91,75.24,81.82,78.45
2358,Los Angeles,90201,-118.16579,33.9718406,50.54,79.78,97.51,67.59,98.08,59.9,95.45,88.32
3357,San Joaquin,95205,-121.2449753,37.954985,46.99,63.2,93.11,61.28,73.2,92.17,95.46,97.75
3270,Los Angeles,91331,-118.4327217,34.2670388,97.0,57.76,82.56,0.0,90.31,86.29,56.46,74.56
4952,Los Angeles,90002,-118.2461145,33.948506,37.57,82.55,38.94,0.0,24.63,93.67,98.11,96.33
4687,Alameda ,94621,-122.2213677,37.7200105,3.83,30.14,91.76,0.0,82.28,99.54,68.13,75.72
4334,San Joaquin,95206,-121.278407,37.9292396,46.99,62.15,85.05,40.55,14.54,92.7,87.2,94.65
4832,Los Angeles,91340,-118.4389293,34.2703268,97.0,57.24,82.18,0.0,88.74,75.69,35.09,95.58
3821,Los Angeles,91405,-118.4357986,34.2051758,91.05,65.77,76.63,0.0,68.34,94.88,89.93,93.76
4489,Los Angeles,90037,-118.2771882,33.9923979,39.99,77.85,96.38,0.0,97.18,57.19,46.16,94.23
4717,Los Angeles,91732,-118.0226938,34.0464413,74.1,85.68,80.77,60.9,10.13,71.32,56.88,88.32
4512,Los Angeles,90001,-118.2531399,33.9714062,39.99,85.86,46.32,0.0,46.45,85.27,97.63,94.65
6249,Merced ,93635,-120.8585299,37.0634558,69.43,57.71,67.12,79.24,26.64,97.59,84.77,92.94
5360,Los Angeles,90810,-118.2113097,33.7930319,20.85,65.43,98.28,0.0,90.99,81.92,86.0,89.36
2930,Los Angeles,90063,-118.1755967,34.0539591,62.53,86.42,89.91,0.0,73.74,65.19,74.36,68.94
6986,Los Angeles,90201,-118.195066,33.9724728,46.99,79.45,42.27,0.0,62.4,62.08,96.68,91.56
4016,Los Angeles,90003,-118.2749023,33.9694507,37.57,85.49,88.86,0.0,97.49,95.43,99.23,99.25
4049,Los Angeles,90201,-118.1537012,33.967443,50.54,78.23,70.94,67.76,47.58,52.38,88.47,90.74
3998,Los Angeles,90280,-118.2236211,33.9564949,39.99,82.61,87.06,0.0,59.34,59.56,82.29,88.81
8069,Orange ,92801,-117.9482327,33.843269,50.54,80.76,87.5,0.0,98.69,65.53,73.9,67.61
4196,Los Angeles,91706,-117.9690103,34.072647,76.94,76.2,88.87,27.31,90.79,76.12,65.07,60.79
1663,San Joaquin,95206,-121.2839329,37.9162284,48.45,57.22,73.42,0.0,75.43,93.18,88.11,88.18
2845,Los Angeles,90015,-118.2658977,34.0367637,48.45,88.85,98.77,0.0,90.66,86.1,61.71,93.12
4410,Los Angeles,91732,-118.0141173,34.0520775,74.1,81.05,75.81,50.69,32.41,80.96,69.32,83.87
4597,Los Angeles,90806,-118.1853182,33.8006191,20.85,66.67,60.12,0.0,46.68,90.0,82.79,84.4
3981,Los Angeles,90723,-118.1780909,33.9049478,35.16,81.64,84.68,0.0,97.54,71.35,81.82,92.02
3205,Tulare ,93631,-119.4468987,36.4518121,91.05,96.04,33.95,96.17,47.91,67.95,49.5,98.09
3610,Los Angeles,91605,-118.4020625,34.2121219,91.05,60.85,54.26,22.34,84.78,84.67,92.31,54.95
2687,Los Angeles,90744,-118.2475763,33.7957797,20.85,67.54,83.51,21.1,65.99,83.0,92.82,78.28
3785,Los Angeles,90061,-118.2755609,33.92558,29.89,85.39,96.47,0.0,99.15,98.62,93.81,91.76
4238,Merced ,95341,-120.4768042,37.2916307,72.55,89.45,72.73,0.0,43.49,93.11,98.94,98.97
4387,Los Angeles,91766,-117.7503192,34.0577434,76.94,92.07,79.46,0.0,35.49,81.79,75.22,83.42
6568,Los Angeles,90037,-118.2858532,33.9923462,39.99,76.88,88.7,0.0,94.0,92.09,86.29,85.44
2557,Los Angeles,90015,-118.2767157,34.0406231,46.99,87.7,95.07,0.0,98.91,85.97,61.58,97.47
2195,San Diego,92113,-117.1411746,32.6948502,29.89,51.64,98.94,0.0,33.94,94.7,73.37,90.36
5794,Los Angeles,90606,-118.0787046,33.9680887,56.96,86.83,88.26,18.21,92.01,62.15,88.0,56.22
5569,Los Angeles,91746,-117.9969046,34.0468815,74.1,82.95,88.31,0.0,84.43,55.16,78.44,63.24
3739,Los Angeles,90039,-118.2514556,34.1090483,63.61,89.06,91.52,0.0,91.66,49.75,29.45,76.24
2848,Los Angeles,90270,-118.1871993,33.9879399,50.54,86.02,93.18,0.0,69.55,53.33,82.9,69.56
7254,Los Angeles,90220,-118.2539533,33.881033,26.7,86.66,85.95,51.79,74.75,91.64,68.2,65.7
4681,San Joaquin,95205,-121.2605554,37.9516762,44.98,82.14,90.37,34.86,34.68,93.28,96.73,97.95
3682,Los Angeles,90003,-118.2752977,33.9728371,37.57,86.38,89.87,0.0,97.23,95.43,99.23,92.83
4649,Los Angeles,90731,-118.284187,33.7346618,16.78,64.85,98.92,0.0,21.91,93.62,64.02,86.62
3782,San Bernardino,92376,-117.3703725,34.0995419,98.67,77.81,67.02,0.0,47.73,84.16,95.44,98.43
4825,Los Angeles,90011,-118.2499406,33.999367,44.98,88.55,49.93,0.0,37.06,78.4,94.9,97.95
5531,Los Angeles,90011,-118.2570623,34.0218419,46.99,87.29,84.53,0.0,52.8,78.4,94.9,89.87
6750,San Bernardino,92405,-117.2908999,34.1322998,100.0,57.65,66.16,0.0,59.48,95.05,87.57,93.12
4981,Los Angeles,90059,-118.2341162,33.9243583,35.16,84.47,83.73,0.0,83.6,75.82,56.46,95.41
3036,Los Angeles,90640,-118.1235535,34.0060075,60.93,87.21,86.52,0.0,43.41,49.89,57.44,91.27
3660,Los Angeles,90031,-118.211907,34.0762204,62.53,92.45,41.41,0.0,54.8,68.21,26.58,95.84
3628,Los Angeles,90018,-118.3132694,34.033886,44.98,79.02,96.12,0.0,98.8,89.61,80.89,94.6
4476,Los Angeles,90280,-118.2241036,33.9506731,39.99,82.34,89.32,0.0,57.36,59.56,82.29,83.66
2691,Los Angeles,90026,-118.2776959,34.0756705,55.38,88.21,89.58,0.0,98.18,63.38,60.28,71.91
2728,Los Angeles,91352,-118.3736105,34.2197648,91.05,59.69,84.26,0.0,80.53,81.89,67.12,95.5
3386,San Bernardino,92408,-117.2948174,34.0741251,99.07,62.56,86.75,0.0,83.34,82.53,90.3,75.84
4621,Los Angeles,90002,-118.2488361,33.9587246,37.57,83.45,56.74,0.0,48.86,91.2,97.18,90.87
3154,Los Angeles,90033,-118.2116197,34.0445316,56.96,92.06,95.66,0.0,43.96,85.83,76.0,97.02
6111,Los Angeles,90002,-118.2508919,33.9512593,37.57,81.89,42.2,0.0,29.03,93.67,98.11,83.66
4737,Los Angeles,90016,-118.3592342,34.0369278,46.99,71.35,92.05,0.0,96.19,84.26,55.82,70.84
6032,Los Angeles,91732,-118.0200912,34.0587041,75.12,80.36,72.41,0.0,41.6,77.36,64.02,94.43
4189,Los Angeles,90002,-118.2502155,33.9392821,35.16,82.53,72.02,0.0,48.3,87.84,85.62,94.6
3853,Los Angeles,90744,-118.2774453,33.7748702,17.65,69.97,99.83,0.0,75.5,81.17,89.15,92.73
3263,San Bernardino,91761,-117.6174205,34.040951,84.58,98.23,94.51,34.93,85.38,61.64,82.13,47.32
3648,Los Angeles,90001,-118.2465194,33.9711665,39.99,85.86,48.33,0.0,40.7,85.27,97.63,86.62
4435,Fresno ,93703,-119.7453702,36.7577993,84.58,97.08,75.2,0.0,82.86,94.64,73.62,99.08
2797,Los Angeles,91731,-118.0467069,34.0769216,75.12,72.93,94.47,33.72,86.94,73.59,63.83,86.68
5934,Tulare ,93256,-119.2918483,35.9647863,82.48,94.14,21.39,88.31,6.1,42.56,73.62,97.31
4599,Los Angeles,90040,-118.1463431,34.0003294,57.06,88.91,95.18,0.0,80.51,58.96,76.81,58.02
3152,Fresno ,93650,-119.792414,36.8444241,82.48,96.12,71.14,0.0,76.26,94.33,71.49,92.51
6736,Los Angeles,90059,-118.2606543,33.9346821,32.15,83.9,52.51,0.0,53.2,94.68,91.92,90.05
6318,Orange ,92801,-117.9100305,33.8476162,51.9,84.49,91.19,0.0,96.75,62.2,55.53,90.87
5383,Fresno ,93702,-119.7455349,36.7250147,84.58,97.85,15.93,49.31,17.99,95.16,85.9,94.07
6727,San Bernardino,92410,-117.2922119,34.1173182,100.0,58.53,84.02,0.0,65.84,92.65,96.37,97.53
9180,San Bernardino,92405,-117.2905586,34.124986,100.0,57.88,74.88,0.0,56.3,91.54,78.44,99.54
4837,Fresno ,93706,-119.8121471,36.65561,79.99,94.3,34.98,91.97,3.39,93.41,74.95,77.99
5328,San Joaquin,95206,-121.2897337,37.9290303,46.99,58.01,85.35,0.0,69.41,93.18,88.11,89.51
5505,San Diego,92113,-117.138677,32.7018526,29.89,51.24,94.42,0.0,23.74,92.68,66.65,96.72
4201,Los Angeles,90805,-118.1556129,33.8716329,32.15,77.67,84.98,29.55,56.71,84.41,77.6,72.74
2348,Los Angeles,90221,-118.218295,33.8997715,29.89,84.97,84.03,0.0,43.13,91.5,97.53,88.81
7149,Alameda ,94621,-122.1969422,37.7588039,3.83,33.65,78.43,0.0,38.1,99.68,90.47,95.0
4851,Los Angeles,90063,-118.1885025,34.0360915,59.69,87.32,92.37,0.0,79.19,65.19,74.36,80.11
2415,Los Angeles,90016,-118.3651555,34.0251238,42.56,73.79,33.47,27.28,74.13,92.49,75.52,69.35
5163,Los Angeles,90022,-118.1597749,34.0158731,59.69,89.4,96.32,0.0,84.64,80.22,75.9,70.34
3407,Los Angeles,90044,-118.2837235,33.9857553,37.57,77.04,96.09,0.0,98.85,81.34,72.22,93.56
3474,Los Angeles,90007,-118.2765579,34.0152478,42.56,83.11,98.34,0.0,86.14,43.58,41.4,99.57
4376,Los Angeles,91205,-118.253081,34.1273036,66.81,69.81,73.29,0.0,57.25,46.92,65.79,89.28
2007,Los Angeles,90280,-118.2252846,33.9476557,39.99,82.34,90.08,0.0,66.09,59.56,82.29,84.4
5590,Contra Costa,94801,-122.3843954,37.9594657,6.38,39.93,61.69,25.52,28.09,98.57,73.47,75.72
6320,Los Angeles,90201,-118.1555455,33.9740105,50.54,78.23,82.36,66.1,42.86,51.78,87.96,91.04
3515,Tulare ,93274,-119.4402943,36.1358963,84.58,94.76,30.32,80.45,11.31,74.8,87.23,96.43
8677,Orange ,90620,-118.0150263,33.8646765,46.99,76.91,87.08,0.0,84.5,57.27,47.62,86.86
2393,Los Angeles,90012,-118.2392725,34.0644824,56.96,93.25,96.44,0.0,79.0,26.33,35.9,92.94
3385,Los Angeles,90007,-118.2718023,34.0222989,44.98,83.11,97.32,0.0,86.71,60.94,77.82,96.43
4218,San Bernardino,91764,-117.6409852,34.0672615,84.58,97.34,86.86,8.59,14.61,72.72,89.19,78.2
3360,Los Angeles,90640,-118.1174056,34.0035288,60.93,88.29,72.16,0.0,50.74,66.03,79.89,88.53
5779,Los Angeles,91405,-118.4445253,34.2060073,91.05,65.79,93.14,0.0,66.9,94.88,89.93,82.54
6779,Imperial ,92231,-115.4976096,32.6767102,70.28,71.16,96.6,0.0,95.01,69.34,90.95,88.73
5599,San Bernardino,92324,-117.3600222,34.0382751,97.6,89.38,55.03,0.0,84.19,78.49,84.32,60.79
4250,Los Angeles,90022,-118.1673915,34.0282174,59.69,81.51,99.27,0.0,63.6,80.22,75.9,85.77
3665,Los Angeles,90011,-118.2622815,34.0241996,44.98,84.31,88.24,0.0,51.58,78.4,94.9,97.25
3676,Los Angeles,90805,-118.1959346,33.877496,29.89,90.4,99.46,15.07,99.66,87.76,83.16,71.42
12934,Madera ,93637,-120.0540893,36.9361811,76.94,91.55,66.14,76.69,62.03,90.72,99.56,81.49
4388,San Diego,92113,-117.1263197,32.696749,29.89,50.99,93.28,0.0,55.76,94.13,71.16,90.63
4954,Los Angeles,90723,-118.1687296,33.8927048,35.16,83.6,63.04,0.0,44.76,71.35,81.82,88.32
4654,Los Angeles,90255,-118.2006924,33.9653735,44.98,80.51,49.28,0.0,40.1,69.72,97.03,75.11
3676,Fresno ,93721,-119.7927732,36.7369244,82.48,97.61,94.06,56.38,13.55,86.84,94.99,92.68
3436,Los Angeles,91746,-117.991289,34.0555809,75.12,80.61,51.74,16.66,79.55,55.16,78.44,62.35
7392,Fresno ,93722,-119.8542854,36.7785171,79.99,94.93,95.57,57.07,50.15,90.9,60.17,90.3
5133,Los Angeles,90063,-118.1739023,34.0407632,60.93,85.72,95.82,0.0,92.89,49.6,44.53,86.86
6713,Los Angeles,90262,-118.2193043,33.9247083,35.16,83.72,96.78,0.0,97.01,77.08,83.71,64.37
3415,Kern ,93206,-119.4164905,35.3940158,80.09,94.5,15.25,91.41,7.36,48.6,78.36,85.77
5934,Los Angeles,90220,-118.2262997,33.8996115,29.89,86.0,50.94,0.0,42.66,93.3,72.67,78.2
6781,Tulare ,93257,-119.0257487,36.0344686,82.48,94.64,16.49,89.55,5.99,65.94,86.08,85.55
5223,Los Angeles,90002,-118.2638081,33.9542444,35.16,84.01,34.86,0.0,19.6,92.26,97.3,96.51
5715,Los Angeles,90011,-118.2706778,33.9979135,39.99,78.31,40.88,0.0,27.69,78.4,94.9,97.88
5156,Los Angeles,91702,-117.9236036,34.1209332,84.58,60.27,77.91,0.0,96.76,79.85,76.35,65.7
986,Los Angeles,90810,-118.2212087,33.7952959,20.85,66.01,85.85,0.0,59.16,84.83,90.84,99.8
3697,Los Angeles,90011,-118.2695618,33.9922359,39.99,78.31,54.65,0.0,36.56,78.07,94.6,95.58
4723,Los Angeles,90723,-118.1828739,33.8975428,35.16,83.85,97.77,0.0,91.84,63.43,72.41,81.62
4934,Los Angeles,90037,-118.284071,34.0074463,39.99,78.64,94.32,0.0,95.18,92.88,87.82,87.88
5546,Los Angeles,90201,-118.1965167,33.9771928,46.99,81.42,43.87,0.0,47.85,62.08,96.68,89.66
4233,Los Angeles,90011,-118.2534818,34.010412,44.98,84.39,64.72,0.0,33.48,78.4,94.9,98.44
3594,Fresno ,93701,-119.781537,36.7444057,82.48,97.49,96.88,0.0,79.71,98.06,90.23,98.15
5461,Los Angeles,90001,-118.2629489,33.962408,37.57,84.84,55.1,0.0,64.25,81.69,91.65,95.68
7097,Tulare ,93618,-119.3859943,36.5384542,91.05,96.96,63.32,52.59,16.14,75.51,84.07,98.88
3251,Los Angeles,90220,-118.2607508,33.8984704,29.89,85.21,72.51,21.72,34.3,85.08,57.69,89.94
4160,Riverside ,92509,-117.3999055,33.9997288,97.0,94.21,96.75,0.0,76.64,65.94,76.96,84.7
2926,Los Angeles,90012,-118.2395097,34.0592851,55.38,93.25,97.86,22.21,82.89,26.33,35.9,89.28
3600,Los Angeles,90011,-118.2691132,34.01374,44.98,81.36,90.44,0.0,36.19,78.4,94.9,95.68
3759,Stanislaus ,95351,-120.982756,37.6209695,70.28,58.27,91.01,19.48,44.53,93.43,83.51,99.56
5355,Yolo ,95691,-121.563721,38.5637651,42.56,36.53,94.49,70.9,87.21,76.23,76.61,95.5
2420,Fresno ,93702,-119.7591482,36.7250069,82.48,97.75,18.92,0.0,3.96,92.61,77.37,99.5
3893,Los Angeles,91402,-118.4563804,34.226419,93.63,71.75,70.82,0.0,58.31,88.98,85.43,97.53
7661,Los Angeles,90011,-118.2621294,34.0173502,44.98,84.31,80.76,0.0,41.54,78.4,94.9,98.52
2567,Sacramento ,95814,-121.5016595,38.5818714,44.98,39.89,96.74,0.0,66.15,90.19,90.95,99.66
5238,Los Angeles,91402,-118.4408399,34.2152914,93.63,65.53,53.43,0.0,76.73,90.85,89.77,49.72
6103,Los Angeles,90013,-118.2432134,34.0411108,51.9,90.42,89.23,0.0,35.01,87.24,13.1,99.99
6083,Fresno ,93654,-119.4402301,36.5908573,88.7,97.25,33.24,90.34,8.18,80.55,86.99,93.18
4362,Los Angeles,91605,-118.4060882,34.1965389,88.7,61.34,75.46,0.0,92.88,55.07,57.54,76.98
5931,Los Angeles,90029,-118.296037,34.0872608,56.96,81.73,93.01,0.0,88.49,74.88,76.17,72.4
6365,Los Angeles,91767,-117.7259547,34.0640498,78.01,93.3,33.58,0.0,29.76,86.05,79.97,94.65
4360,Los Angeles,90813,-118.1850264,33.7862258,20.85,66.42,77.31,0.0,54.41,96.97,99.12,93.83
4173,San Bernardino,91762,-117.6629921,34.0660715,82.48,95.99,70.47,0.0,40.91,79.2,89.61,80.52
7493,Los Angeles,91767,-117.7432184,34.0696836,79.99,92.31,73.4,0.0,83.73,89.01,84.37,77.58
2868,Fresno ,93706,-119.8872955,36.7085379,78.22,92.83,20.82,92.62,6.8,97.35,91.89,79.13
3263,San Bernardino,92411,-117.3082365,34.1120412,100.0,60.01,98.97,0.0,85.04,98.34,90.95,97.15
1967,Kern ,93301,-119.0153944,35.3769557,93.63,99.79,97.26,0.0,30.16,98.82,87.41,98.52
2698,Los Angeles,90065,-118.2394938,34.1118266,64.73,75.27,83.32,0.0,85.56,74.75,38.48,61.55
3050,Los Angeles,91745,-117.9679168,34.0114015,70.28,86.6,94.45,0.0,98.71,50.76,49.83,69.56
2738,Stanislaus ,95351,-121.0071046,37.6373175,70.28,57.85,98.93,0.0,47.74,94.34,85.07,99.48
5363,San Bernardino,92405,-117.2912706,34.1396027,100.0,56.96,69.62,0.0,60.96,95.08,87.5,89.66
5892,Los Angeles,91605,-118.4183782,34.2147689,91.05,60.9,51.89,6.07,87.49,77.58,80.05,65.28
5027,Los Angeles,90201,-118.1749749,33.9647497,46.99,80.35,97.17,0.0,65.41,62.08,96.68,94.33
5950,Los Angeles,90017,-118.2675212,34.0551862,51.9,90.23,99.24,0.0,37.25,85.16,49.5,97.99
3216,Los Angeles,91605,-118.3913647,34.2192112,91.05,59.37,41.32,0.0,73.66,78.79,81.88,75.11
5637,Los Angeles,90044,-118.2861229,33.9564095,35.16,84.07,88.99,0.0,94.45,88.09,81.27,90.15
3643,Los Angeles,90810,-118.2182796,33.8165383,20.85,69.28,59.55,58.14,21.04,84.83,90.84,85.18
3605,Los Angeles,90220,-118.2347142,33.8849107,29.89,88.04,66.0,42.69,29.89,96.14,84.72,69.48
3367,Los Angeles,90038,-118.3277122,34.088924,59.69,73.14,82.43,0.0,52.05,67.75,69.79,94.23
4435,Los Angeles,91331,-118.4203143,34.2351095,95.27,59.45,72.08,0.0,95.98,86.29,56.46,39.4
2192,Los Angeles,91601,-118.3746553,34.1739725,79.99,62.1,75.28,0.0,58.2,72.38,66.54,82.54
4202,Tulare ,93274,-119.3370033,36.196369,88.7,98.54,85.03,67.93,36.55,79.62,93.07,84.4
6546,Los Angeles,90222,-118.2543733,33.9083355,29.89,86.29,60.9,0.0,45.21,95.92,93.91,40.8
3477,Kern ,93307,-119.0117159,35.3457339,93.63,99.91,32.64,0.0,42.58,91.23,85.29,90.63
2097,Los Angeles,90303,-118.3307284,33.9280513,29.89,85.43,98.82,51.76,98.64,88.85,90.52,50.01
9417,Tulare ,93257,-119.0217027,36.0577198,82.48,98.11,50.63,49.9,33.39,71.09,91.55,95.09
6273,Los Angeles,90222,-118.2270116,33.9148293,32.15,84.24,88.55,0.0,25.23,97.38,94.48,89.66
4238,Los Angeles,91766,-117.7322415,34.0483608,76.94,92.48,40.78,3.72,8.2,81.73,77.94,86.07
5578,Los Angeles,90280,-118.194008,33.9462081,42.56,80.97,45.92,0.0,30.36,59.56,82.29,68.63
3304,Los Angeles,90011,-118.2718914,34.0082598,42.56,81.36,60.22,0.0,38.11,78.4,94.9,98.23
9746,Tulare ,93291,-119.3858168,36.3926684,91.05,96.53,26.94,88.76,30.93,40.95,54.79,91.46
2839,Los Angeles,91331,-118.4209236,34.2458338,97.0,58.83,91.84,0.0,99.58,86.29,56.46,80.34
3608,Sutter ,95991,-121.6128856,39.1353485,46.99,48.04,89.63,78.83,65.08,57.96,88.62,94.13
3341,Los Angeles,91331,-118.4344849,34.2587738,97.0,59.93,83.45,0.0,99.61,86.29,56.46,62.47
6206,Stanislaus ,95351,-121.0038051,37.6223838,70.28,57.13,79.61,0.0,39.16,94.75,86.83,94.6
3405,Los Angeles,91733,-118.0426123,34.0596017,74.1,78.37,69.35,0.0,37.01,75.19,74.84,90.94
3473,Los Angeles,90744,-118.2656258,33.7797819,17.65,67.21,99.34,0.0,23.63,83.0,92.82,97.37
4699,Los Angeles,90723,-118.1692228,33.9046634,37.57,80.85,78.46,0.0,94.53,56.92,66.86,75.72
6360,San Bernardino,92407,-117.3464052,34.1524361,99.07,60.6,74.28,0.0,37.56,76.2,85.09,97.1
3763,Los Angeles,90044,-118.2854788,33.9446893,32.15,83.71,87.41,0.0,90.98,91.34,88.17,88.37
3469,Los Angeles,91352,-118.3594527,34.2143159,91.05,60.92,91.79,0.0,84.63,74.56,56.78,75.98
4402,Los Angeles,91331,-118.415214,34.2684745,97.0,57.93,78.49,0.0,51.84,86.29,56.46,99.08
5606,Los Angeles,90605,-118.0508252,33.9243441,53.73,74.42,88.19,0.0,39.41,66.97,94.97,71.09
3250,Los Angeles,91352,-118.3664946,34.2047368,88.7,61.52,83.21,0.0,25.98,71.17,52.95,75.52
4048,Los Angeles,90247,-118.3073078,33.8749347,24.88,78.54,48.94,0.0,63.23,76.55,53.81,62.47
4707,Los Angeles,90061,-118.2718223,33.9109785,29.89,86.06,62.71,0.0,27.11,94.02,75.31,64.17
5631,Los Angeles,91331,-118.4111792,34.2502996,97.0,60.25,84.0,0.0,21.84,86.29,56.46,74.05
2461,Merced ,95348,-120.5116548,37.3162975,72.55,88.84,84.74,74.9,54.16,89.82,96.86,92.45
1950,Los Angeles,91606,-118.3834122,34.1884919,82.48,61.44,36.14,0.0,64.68,80.38,89.19,87.63
3050,Fresno ,93726,-119.7439756,36.7873266,84.58,97.16,58.07,0.0,70.21,97.42,72.43,88.32
2532,Los Angeles,90029,-118.3027253,34.0885866,56.96,79.17,93.93,0.0,97.25,78.61,81.21,94.6
6937,Los Angeles,90606,-118.0729448,33.9775294,59.69,86.14,75.33,2.17,93.44,69.82,94.35,54.15
3655,San Bernardino,92411,-117.3310918,34.1121388,99.07,62.58,79.22,0.0,32.66,97.33,88.7,97.34
5558,Los Angeles,91767,-117.7337541,34.0860588,79.99,93.38,86.47,0.0,91.4,80.36,71.83,83.49
4870,Los Angeles,91406,-118.4697511,34.2184163,93.63,81.77,88.75,0.0,99.59,43.16,17.63,96.76
3015,Los Angeles,90044,-118.2858348,33.9402403,32.15,84.33,87.01,0.0,91.95,92.04,87.52,80.95
4542,Riverside ,92509,-117.3964984,34.02279,97.0,92.63,69.06,0.0,64.65,61.79,72.31,60.01
9530,Kern ,93215,-119.2527683,35.7653256,82.48,96.61,88.69,43.24,32.81,55.4,95.26,99.59
4086,Los Angeles,90003,-118.2717384,33.9785676,39.99,86.38,39.23,0.0,60.54,95.43,99.23,95.18
4301,San Joaquin,95240,-121.2596577,38.1342162,48.45,53.47,88.57,57.0,37.71,75.01,84.18,96.51
3084,Los Angeles,91331,-118.4286916,34.2639207,97.0,58.12,65.43,0.0,60.43,86.29,56.46,77.99
7237,Imperial ,92231,-115.5143868,32.6730724,70.28,56.99,86.72,73.34,96.73,69.34,90.95,78.1
3447,Los Angeles,90731,-118.2927139,33.7480876,16.78,65.09,79.8,0.0,62.9,91.35,57.89,88.18
2586,Kern ,93305,-118.9890643,35.3722473,93.63,99.78,89.15,0.0,21.4,94.23,82.32,99.96
6247,Los Angeles,90805,-118.2017298,33.847882,26.7,89.81,59.24,0.0,97.83,89.38,85.69,77.65
8430,Orange ,92832,-117.9286329,33.8608345,51.9,82.39,79.37,0.0,93.28,65.48,32.12,88.43
2572,Los Angeles,91606,-118.3748665,34.1937075,84.58,61.17,72.33,0.0,55.29,60.03,65.18,91.04
6379,Los Angeles,90806,-118.1850191,33.7934864,20.85,66.67,86.83,0.0,47.86,89.99,82.44,75.11
5407,Los Angeles,90063,-118.1883898,34.0508765,59.69,89.5,49.61,0.0,77.8,65.19,74.36,89.28
5285,Los Angeles,90640,-118.0998041,34.0116507,64.73,79.38,34.57,0.0,63.53,51.23,64.42,81.36
2896,Los Angeles,90026,-118.266009,34.0683668,53.73,89.98,98.33,0.0,97.61,63.7,60.59,89.87
2407,Los Angeles,90248,-118.2869247,33.9127934,29.89,86.71,89.3,0.0,92.16,79.08,56.61,75.72
2682,Los Angeles,90028,-118.3244586,34.0943767,59.69,77.19,98.07,0.0,66.19,60.17,54.91,95.09
3057,Los Angeles,90250,-118.3402541,33.9274077,29.89,77.56,99.03,52.03,97.84,59.85,54.91,75.72
3480,Fresno ,93702,-119.7634494,36.7395157,82.48,97.56,62.36,0.0,71.96,95.53,88.11,94.6
5975,San Bernardino,92316,-117.3863212,34.043922,97.6,91.24,16.13,0.0,10.7,80.58,87.46,73.76
4940,Los Angeles,90062,-118.3108167,33.9920834,37.57,75.52,44.24,0.0,50.04,95.23,83.39,71.09
3918,Los Angeles,90304,-118.3633462,33.9436514,29.89,80.73,73.55,59.03,95.8,67.17,70.3,93.92
5276,Los Angeles,90033,-118.2095139,34.0513395,57.77,92.06,97.44,0.0,95.55,85.83,76.0,88.32
7650,Riverside ,92501,-117.3664576,34.0057669,97.0,91.21,94.64,0.0,88.28,88.01,92.44,54.95
9515,Riverside ,92570,-117.2305725,33.7831506,95.27,53.42,83.3,70.28,76.48,61.65,87.05,93.61
5401,Los Angeles,91406,-118.497369,34.2020955,91.05,92.82,75.07,0.0,65.14,84.25,86.24,61.28
6955,San Joaquin,95206,-121.2968776,37.9058022,48.45,54.79,65.49,56.0,82.34,90.93,84.07,63.52
4457,Los Angeles,90250,-118.3338741,33.9178467,29.89,84.87,72.57,49.03,93.11,81.8,83.99,50.01
2666,Los Angeles,91402,-118.451843,34.2152447,93.63,70.17,82.92,0.0,76.44,90.85,89.77,95.5
1703,San Joaquin,95205,-121.2731105,37.9483459,44.98,78.94,88.41,25.03,23.99,92.98,96.15,97.6
4432,Los Angeles,90022,-118.1647906,34.0186759,57.77,85.46,98.32,0.0,84.34,79.11,74.91,80.95
5835,Los Angeles,91203,-118.2691593,34.1511527,71.66,70.29,97.34,0.0,89.89,39.82,78.17,62.59
4530,Los Angeles,91605,-118.4001225,34.2003101,88.7,61.38,61.23,11.66,92.28,68.63,73.03,60.62
2829,Los Angeles,91352,-118.3705556,34.2142143,88.7,60.75,80.49,0.0,25.58,76.96,59.93,78.88
4409,Los Angeles,90044,-118.2913772,33.9856234,37.57,76.88,49.0,0.0,60.28,96.73,97.43,91.52
2739,Los Angeles,90255,-118.2289994,33.9842406,44.98,86.7,54.91,0.0,49.39,69.97,97.03,81.91
4239,Los Angeles,90018,-118.3318299,34.0267587,42.56,76.3,60.25,0.0,73.13,88.72,78.17,79.46
4523,Los Angeles,90011,-118.262416,34.011351,44.98,82.46,71.97,0.0,41.79,78.4,94.9,85.88
6596,Los Angeles,90002,-118.2593919,33.9470153,35.16,82.9,29.51,0.0,30.29,92.83,97.74,82.14
3804,Los Angeles,90044,-118.2861548,33.9621528,35.16,85.77,91.18,0.0,94.59,87.26,78.36,95.35
3346,Los Angeles,90270,-118.2024051,33.9927923,48.45,84.67,97.98,0.0,25.9,49.7,61.58,94.23
6319,Los Angeles,90001,-118.2367913,33.9707698,42.56,85.25,57.15,0.0,52.63,76.87,93.38,68.83
5828,Los Angeles,90031,-118.2103403,34.0706563,60.66,92.45,84.34,0.0,88.7,68.21,26.58,95.74
5292,Los Angeles,91331,-118.4202492,34.2731324,97.0,56.43,64.43,0.0,83.75,86.29,56.46,57.44
6704,Los Angeles,91335,-118.5395023,34.2001766,84.58,98.01,44.23,0.0,66.59,87.23,93.96,68.94
3269,Los Angeles,91733,-118.0487816,34.054936,72.55,80.78,71.28,0.0,21.28,75.19,74.84,87.63
7281,Los Angeles,90280,-118.1679058,33.9202524,37.57,79.34,84.73,0.0,90.61,44.6,65.49,58.34
3210,Los Angeles,90063,-118.1815818,34.0368392,59.69,87.32,83.05,0.0,81.68,65.19,74.36,87.19
2861,Los Angeles,90016,-118.3547601,34.029939,42.56,75.48,73.88,0.0,98.34,92.49,75.52,74.46
2641,Los Angeles,90016,-118.3505675,34.0373844,44.98,76.18,90.26,0.0,99.25,88.97,65.79,72.58
4057,Los Angeles,91768,-117.7658059,34.0617068,76.94,91.29,68.29,0.0,25.91,84.31,71.4,97.02
5521,Sacramento ,95838,-121.420238,38.6416454,56.96,38.43,80.5,14.59,64.09,98.29,98.85,86.97
4885,Los Angeles,90017,-118.2683015,34.05073,50.54,89.35,99.64,0.0,88.88,78.5,37.08,95.41
7333,Los Angeles,90302,-118.3644426,33.9692979,35.16,72.5,80.65,0.0,84.79,90.5,80.72,73.89
7498,Los Angeles,90247,-118.2957134,33.9011403,29.89,84.32,43.48,64.21,45.35,88.95,73.62,67.61
3283,Los Angeles,90255,-118.231291,33.9771202,42.56,83.02,71.09,0.0,64.79,69.97,97.03,95.0
3241,Fresno ,93727,-119.7092464,36.7577958,88.7,96.85,46.85,35.48,44.83,88.52,72.06,86.62
4341,Los Angeles,90002,-118.261893,33.9397052,35.16,81.63,34.45,0.0,51.19,84.88,81.88,88.09
4438,San Joaquin,95205,-121.254226,37.9672954,44.98,64.88,87.88,0.0,68.43,93.28,96.73,77.65
4080,Los Angeles,91768,-117.7559076,34.0671263,76.94,91.8,48.75,0.0,84.45,72.32,53.9,88.53
4420,Fresno ,93662,-119.5492976,36.5887994,88.7,95.22,24.12,97.14,20.06,97.05,93.17,97.37
2490,Alameda ,94603,-122.1834997,37.7323261,6.38,22.73,93.84,0.0,98.49,99.94,84.58,74.46
5159,Los Angeles,90745,-118.2732944,33.8414725,22.19,82.4,76.65,0.0,92.86,75.19,80.62,39.62
2654,Solano ,94590,-122.259038,38.1017927,13.62,39.15,75.44,32.28,10.0,99.81,91.55,97.41
3542,Los Angeles,90004,-118.2960541,34.0776717,53.73,84.77,94.11,0.0,89.91,65.09,64.12,92.26
8384,Kern ,93307,-118.9490692,35.3238825,95.27,99.54,9.68,86.24,26.16,87.56,95.99,87.39
4165,Los Angeles,90037,-118.2893576,34.0073136,39.99,77.32,51.92,0.0,63.75,92.88,87.82,99.72
5098,Los Angeles,90270,-118.1935828,33.9936631,50.54,85.54,86.57,0.0,70.55,54.6,75.31,74.28
1530,Los Angeles,91732,-118.0143495,34.0629878,75.12,83.91,89.89,0.0,95.89,80.96,69.32,90.87
7417,Stanislaus ,95380,-120.8633794,37.4995559,72.55,92.22,84.88,91.83,49.3,84.01,97.26,84.54
4869,Los Angeles,90011,-118.2690648,34.0034919,42.56,79.75,51.45,0.0,46.95,78.4,94.9,89.28
2329,Merced ,95341,-120.4963376,37.2987597,72.55,89.51,95.67,0.0,68.48,93.71,99.0,94.9
5002,Los Angeles,90044,-118.2861074,33.9660436,35.16,85.77,88.72,0.0,95.56,87.25,78.68,96.98
4733,Alameda ,94601,-122.2275943,37.7741552,3.12,41.03,97.5,0.0,83.96,95.44,50.9,83.87
4962,Los Angeles,91331,-118.4292815,34.2763731,97.0,56.88,69.11,0.0,91.21,73.06,32.24,70.67
2349,Stanislaus ,95354,-120.9935916,37.6392879,70.28,57.62,94.74,0.0,23.64,91.63,74.08,92.26
5357,Los Angeles,90810,-118.2140846,33.8071157,20.85,65.63,93.63,0.0,85.01,84.83,90.84,77.31
3192,Los Angeles,90805,-118.1532085,33.8644752,29.89,75.98,49.79,45.72,48.56,89.86,85.14,61.28
3452,Los Angeles,91402,-118.4517984,34.2297196,93.63,63.61,36.3,0.0,63.73,90.85,89.77,99.16
3701,Orange ,92805,-117.9103184,33.8141312,50.54,83.25,97.75,0.0,96.93,63.05,55.72,89.17
5445,Los Angeles,90033,-118.2078724,34.0387492,56.96,90.52,90.93,0.0,45.71,66.19,51.82,93.18
8827,Riverside ,92507,-117.3222236,34.0130557,97.6,84.9,70.04,0.0,60.8,70.54,74.39,72.74
3229,Los Angeles,90813,-118.1937148,33.7789661,20.85,66.6,94.71,0.0,28.95,95.18,97.17,92.99
3808,Los Angeles,91606,-118.365403,34.192132,84.58,60.54,67.68,0.0,58.35,67.05,74.21,74.46
1769,Los Angeles,90063,-118.1716259,34.0527788,62.53,75.37,98.43,0.0,85.9,43.47,44.64,78.88
7585,San Bernardino,92374,-117.1852589,34.0663497,100.0,57.08,93.96,40.28,79.99,64.21,59.72,92.68
5068,Los Angeles,91342,-118.4745764,34.3033292,97.0,55.26,78.92,0.0,95.73,73.29,57.13,74.46
7989,Los Angeles,90222,-118.2337235,33.9131395,32.15,84.24,69.77,0.0,15.93,96.07,91.56,80.52
5126,Los Angeles,90304,-118.3498384,33.935217,29.89,76.33,95.26,67.24,91.23,59.36,60.21,90.3
3154,San Joaquin,95215,-121.190401,37.9350761,50.54,53.35,41.06,88.41,28.51,64.07,92.05,81.76
4168,Los Angeles,91343,-118.4621861,34.2300853,93.63,68.76,79.84,0.0,67.15,88.17,69.11,98.43
4574,Los Angeles,90810,-118.2165909,33.8388248,24.88,86.31,89.12,0.0,82.36,84.83,90.84,54.15
4366,San Bernardino,92316,-117.4033115,34.0557926,97.0,91.06,79.56,31.24,82.54,82.76,89.77,78.34
2492,Los Angeles,91605,-118.3835614,34.1945637,84.58,61.26,36.64,0.0,57.65,80.33,89.13,76.11
2243,Contra Costa,94565,-121.8695963,38.0152346,37.57,25.53,80.22,0.0,45.94,97.88,88.42,86.51
9242,Fresno ,93648,-119.5507133,36.6214407,88.7,95.36,25.75,94.83,13.61,98.59,97.45,97.75
3559,Fresno ,93728,-119.7942162,36.756122,82.48,97.04,86.51,0.0,55.75,95.0,66.33,98.23
3131,Los Angeles,90065,-118.2226256,34.0922029,63.29,90.85,62.73,0.0,46.78,74.75,38.48,65.84
7055,San Joaquin,95336,-121.1751635,37.8481254,55.38,53.07,30.11,95.86,27.25,77.47,83.71,73.53
4168,Los Angeles,90670,-118.0524424,33.9427453,55.38,74.36,66.97,0.0,47.23,48.79,78.44,82.94
4858,Sacramento ,95815,-121.4578647,38.6018703,50.54,37.6,69.94,0.0,32.36,99.53,97.12,94.07
4487,Los Angeles,90026,-118.2686024,34.0747292,56.96,88.72,91.14,0.0,99.56,63.7,60.59,91.17
6650,Los Angeles,90250,-118.3567382,33.9283066,29.89,77.55,78.97,54.24,80.59,73.53,73.97,93.12
1518,San Joaquin,95206,-121.4581872,37.9269308,48.6,46.25,24.97,92.21,7.53,65.22,48.22,88.62
5621,San Bernardino,92405,-117.3080773,34.1420604,100.0,57.83,93.44,0.0,69.88,95.65,89.01,89.4
7729,Yolo ,95837,-121.6242082,38.7208477,55.38,24.14,18.79,81.86,18.91,83.24,86.99,74.46
3679,Los Angeles,90017,-118.2640302,34.05711,51.9,90.23,92.91,0.0,40.79,57.98,18.98,99.69
4856,Los Angeles,90660,-118.0763967,34.0036044,64.73,77.2,87.97,0.0,73.7,66.18,87.84,65.7
3566,Los Angeles,90065,-118.2316884,34.1001272,64.73,88.8,82.28,0.0,34.9,74.75,38.48,78.2
3898,Los Angeles,90280,-118.2221109,33.961166,39.99,82.61,84.99,0.0,48.06,57.66,80.05,93.92
4636,Los Angeles,90745,-118.2550214,33.8155623,20.85,76.61,61.39,0.0,47.5,71.54,76.57,74.28
6910,Los Angeles,91744,-117.9597817,34.0335496,72.55,86.96,61.54,0.0,33.19,80.72,81.64,63.32
3776,Los Angeles,90220,-118.2238692,33.8611473,26.7,90.07,89.94,13.31,84.18,83.2,59.17,42.24
5407,Sacramento ,95823,-121.4629263,38.5025521,39.99,34.92,80.27,0.0,90.5,98.45,98.74,95.3
7114,Kern ,93305,-118.9880772,35.3822696,93.63,99.73,84.31,0.0,10.99,97.26,93.33,99.65
5232,Madera ,93637,-119.9925738,36.8838955,77.06,90.13,33.53,92.34,29.55,69.42,83.24,54.95
6624,San Bernardino,92335,-117.5103022,34.0737522,95.27,93.5,89.79,0.0,70.01,72.12,85.83,73.32
7448,Kern ,93308,-119.0360588,35.4163342,93.63,99.4,57.27,0.0,40.49,82.35,89.0,96.43
2753,Los Angeles,90063,-118.174744,34.0294089,59.69,81.51,99.15,0.0,91.58,56.37,47.32,88.32
4446,Los Angeles,91201,-118.2987272,34.1621154,74.1,70.22,93.81,0.0,97.34,26.89,47.32,43.53
3731,Los Angeles,90746,-118.2687215,33.8526247,24.88,83.96,80.32,52.07,88.46,89.46,71.3,50.4
2906,Los Angeles,90065,-118.2404336,34.1223506,66.81,69.98,59.99,0.0,86.3,66.94,34.48,82.14
4806,Los Angeles,90013,-118.2477263,34.04755,51.9,91.16,98.01,26.21,32.19,86.96,17.92,67.85
6149,Los Angeles,90018,-118.3230172,34.0326941,44.98,78.18,93.62,0.0,98.76,89.61,80.89,87.76
3321,Los Angeles,90043,-118.3286609,33.9817876,35.16,74.51,44.83,0.0,65.64,98.78,76.02,98.96
2423,Los Angeles,90650,-118.0498503,33.899139,48.45,76.49,84.93,0.0,87.6,62.6,90.59,62.47
5306,San Bernardino,92335,-117.4447619,34.0723219,97.0,92.92,94.19,0.0,91.6,70.68,84.62,89.36
6245,Contra Costa,94801,-122.3624287,37.9410164,3.83,38.05,97.57,6.59,18.18,99.26,80.18,84.12
5665,Los Angeles,91706,-117.9962625,34.0721312,76.94,77.39,75.08,40.83,99.08,75.91,64.84,61.28
4728,Los Angeles,90262,-118.2196223,33.933573,37.57,82.41,94.67,0.0,90.21,56.85,62.46,72.74
2891,Los Angeles,90710,-118.2975664,33.790373,20.85,72.78,80.17,0.0,69.98,69.5,50.15,90.69
2477,Alameda ,94607,-122.2963076,37.8063512,3.12,46.36,96.15,0.0,60.46,98.98,54.09,77.41
3543,Los Angeles,90270,-118.1827053,33.9835573,48.45,81.62,76.64,0.0,61.7,60.47,89.27,86.51
4716,Los Angeles,91405,-118.4356225,34.1975655,88.7,64.08,64.21,0.0,54.23,87.71,75.31,78.28
3485,Los Angeles,90201,-118.1751358,33.9744232,48.45,79.6,97.62,0.0,63.91,62.08,96.68,74.7
2575,Los Angeles,90033,-118.2152707,34.0461881,56.96,92.06,97.2,0.0,97.91,85.83,76.0,86.68
2560,Los Angeles,90017,-118.2663761,34.0591782,51.9,90.23,72.25,0.0,73.4,85.16,49.5,95.94
5779,Sacramento ,95815,-121.4270027,38.6046274,50.54,39.75,83.78,0.0,82.15,94.37,62.46,95.09
4405,Los Angeles,90255,-118.2208725,33.9832062,44.98,84.53,58.13,0.0,37.74,69.97,97.03,90.3
6379,Los Angeles,90044,-118.2857119,33.949919,32.15,83.71,88.13,0.0,89.63,85.78,77.41,87.09
5424,San Bernardino,92411,-117.3086072,34.124581,100.0,59.96,96.1,0.0,77.35,98.65,92.56,92.02
6246,San Joaquin,95215,-121.2359945,37.9647921,46.99,58.05,76.53,77.21,75.74,63.32,90.35,91.61
7420,Los Angeles,90037,-118.2980319,34.0072734,39.99,77.32,41.72,0.0,64.36,90.29,79.47,86.07
4946,Los Angeles,90280,-118.2211115,33.9419439,37.57,82.75,65.59,0.0,47.69,47.59,65.57,85.08
4016,Los Angeles,90001,-118.2630441,33.9693296,37.57,85.51,56.93,0.0,26.79,87.8,97.73,91.52
5512,Los Angeles,90222,-118.2410907,33.911833,32.15,85.19,54.14,0.0,29.9,97.38,94.48,76.43
8159,Contra Costa,94804,-122.3229975,37.9159913,3.12,36.93,91.95,0.0,88.58,99.12,69.95,79.46
4713,Los Angeles,91733,-118.0346511,34.0595281,74.1,78.53,75.66,0.0,35.2,52.14,41.61,85.68
4762,Los Angeles,90201,-118.1942193,33.9804922,46.99,81.14,49.63,0.0,42.69,54.56,91.86,91.91
4499,Riverside ,92503,-117.4486421,33.9154288,93.63,92.62,96.23,27.07,93.68,67.0,82.71,83.17
7976,Los Angeles,91331,-118.4275349,34.2469249,95.27,60.58,84.42,0.0,99.31,86.29,56.46,45.2
3815,Riverside ,92882,-117.5781628,33.8770106,79.99,90.91,98.56,0.0,92.94,40.32,84.52,86.07
2056,Los Angeles,90018,-118.3337765,34.0334074,44.98,77.64,95.08,0.0,99.65,84.36,64.73,78.45
2733,Los Angeles,90007,-118.2686568,34.0304827,46.99,87.41,97.21,0.0,91.74,48.08,46.06,95.94
2532,Fresno ,93721,-119.774839,36.7426787,82.48,97.66,83.35,0.0,94.3,71.56,50.22,98.43
4676,San Bernardino,92324,-117.3589741,34.0760668,98.67,80.56,82.87,0.0,89.46,64.93,70.66,85.68
3883,Los Angeles,90044,-118.2983324,33.9355949,29.89,83.53,59.17,0.0,43.63,96.73,97.43,95.99
7003,Contra Costa,94804,-122.3567421,37.9283199,3.12,37.15,98.31,0.0,40.24,97.61,58.35,85.01
4891,Fresno ,93702,-119.7453861,36.739532,84.58,97.6,36.42,4.9,38.59,94.18,82.61,99.89
14840,Kern ,93250,-119.1909489,35.6819031,82.48,95.25,19.56,95.48,3.6,52.63,93.63,77.99
2510,Los Angeles,90255,-118.216407,33.9828819,44.98,84.53,74.35,0.0,40.01,69.97,97.03,97.3
6561,Contra Costa,94509,-121.8340512,38.015682,37.57,29.31,61.02,0.0,32.4,99.38,93.78,89.51
3473,Los Angeles,90221,-118.190616,33.900837,35.16,84.11,84.51,0.0,95.79,91.5,97.53,75.72
4634,Santa Clara,95020,-121.5626698,37.001726,29.89,4.53,77.35,95.83,75.66,68.13,76.17,71.22
5072,Los Angeles,90011,-118.2608283,33.9982715,42.56,85.07,40.95,0.0,37.26,78.4,94.9,89.36
2970,Los Angeles,90606,-118.0683122,33.9660089,59.69,83.47,47.77,0.0,62.43,57.45,83.66,79.13
6945,Fresno ,93725,-119.729139,36.6164728,84.58,94.88,65.03,93.48,35.24,88.82,65.57,66.43
4101,Los Angeles,90044,-118.283872,33.9785135,37.57,77.04,95.81,0.0,98.53,90.4,86.02,97.15
6162,Los Angeles,90037,-118.2773419,33.9997716,39.99,78.06,96.58,0.0,94.48,60.31,50.02,94.33
4763,Los Angeles,91402,-118.4563804,34.223102,93.63,71.75,38.68,0.0,76.54,90.85,89.77,96.04
3918,Merced ,95303,-120.7094467,37.459795,75.12,69.18,23.81,97.93,18.8,54.15,57.54,67.61
6799,Fresno ,93726,-119.7814652,36.7868839,82.48,97.29,82.1,0.0,88.4,97.52,72.87,95.09
7410,Los Angeles,90044,-118.2956255,33.9551471,35.16,83.97,41.03,0.0,54.59,96.73,97.43,91.7
3226,Merced ,95301,-120.6047007,37.3473607,74.1,87.37,68.8,95.31,48.75,76.47,91.03,85.77
3982,Los Angeles,90011,-118.2542903,33.9993679,44.98,85.07,43.55,0.0,41.59,78.4,94.9,98.64
4088,Los Angeles,90043,-118.3340918,33.9822575,35.16,74.51,40.96,0.0,51.06,96.83,66.33,95.8
4167,Los Angeles,91303,-118.6017183,34.2046744,82.48,58.17,72.12,0.0,58.68,88.25,82.35,89.66
3693,Orange ,92701,-117.8492851,33.7481442,57.77,74.06,85.96,0.0,98.73,57.55,48.92,78.28
7108,Sacramento ,95823,-121.4265186,38.4848798,39.99,32.73,78.21,0.0,86.66,95.13,93.53,97.47
3073,Los Angeles,90015,-118.2782548,34.0472132,48.45,87.99,89.17,0.0,51.35,52.21,21.73,95.68
2228,Los Angeles,91402,-118.4493666,34.223963,93.63,65.58,43.81,0.0,72.51,90.85,89.77,90.63
2797,Los Angeles,90006,-118.2769503,34.0505519,48.45,88.99,69.33,0.0,59.1,49.12,24.21,98.35
3025,Los Angeles,91331,-118.4257479,34.2555108,97.0,59.23,62.78,0.0,51.0,86.29,56.46,79.13
6919,Los Angeles,90670,-118.0716366,33.9548068,57.06,82.18,84.63,10.0,84.71,62.97,88.71,30.93
4194,Merced ,95340,-120.4642087,37.2986943,72.55,89.87,88.74,40.0,42.73,93.42,96.87,92.51
4161,Stanislaus ,95358,-121.0573902,37.5442264,70.52,52.92,30.45,93.76,5.11,61.09,52.95,66.68
6943,San Bernardino,92411,-117.331566,34.1272418,99.07,61.46,51.81,0.0,55.81,96.62,84.9,84.33
4570,Imperial ,92243,-115.5453184,32.7938734,62.53,29.88,35.05,73.14,57.85,92.8,88.27,98.33
4934,Los Angeles,91352,-118.403944,34.223913,93.63,60.12,72.46,16.48,90.49,70.1,65.49,57.79
7368,San Bernardino,92324,-117.3134436,34.0744598,99.07,64.58,66.58,0.0,78.44,78.05,82.91,81.76
3982,Orange ,90631,-117.945541,33.9244375,56.96,80.65,65.77,0.0,65.94,51.76,65.39,78.45
3934,Orange ,90631,-117.9292135,33.9247336,58.23,84.98,57.86,0.0,67.35,41.19,52.73,89.28
7768,Fresno ,93654,-119.4393739,36.6045254,88.7,97.39,44.72,79.9,11.03,80.55,86.99,96.76
8850,Stanislaus ,95351,-121.0188436,37.6049206,70.28,57.47,86.68,70.83,54.49,81.14,63.05,90.48
1406,Merced ,93620,-120.6551864,37.0439737,71.66,53.88,23.43,90.72,23.13,94.06,69.59,91.27
5301,Los Angeles,90011,-118.2608661,34.0036935,42.56,81.33,48.01,0.0,58.86,78.4,94.9,95.52
7437,Tulare ,93219,-119.3058575,35.8580543,82.48,89.99,16.4,88.28,6.86,48.55,64.02,96.93
7438,Sacramento ,95821,-121.3933099,38.6420403,58.23,39.96,87.73,0.0,89.38,96.04,89.13,87.5
3318,Los Angeles,90746,-118.2728118,33.8751813,26.7,82.79,93.17,67.86,61.24,74.09,48.31,60.28
8669,Orange ,90621,-117.993735,33.8687069,48.45,80.95,91.54,0.0,87.38,58.23,47.76,77.2
7396,Tulare ,93272,-119.3368879,36.056592,84.58,95.38,27.32,83.38,8.44,36.7,55.1,98.28
4094,Los Angeles,91605,-118.3916113,34.1967006,84.58,61.26,49.23,0.0,67.44,68.46,73.11,93.39
6247,Riverside ,92503,-117.464757,33.9430035,93.63,93.44,55.56,0.0,41.7,71.29,86.54,96.13
3972,San Francisco,94124,-122.3861386,37.7277547,6.38,32.79,98.66,23.9,11.51,96.44,45.8,49.12
4343,San Bernardino,92376,-117.3776534,34.103182,98.67,76.95,59.54,0.0,40.45,84.16,95.44,75.3
3051,Los Angeles,90255,-118.200577,33.9854565,48.45,84.67,58.43,0.0,23.6,39.16,68.78,86.97
4319,Los Angeles,90057,-118.2811045,34.0627628,51.9,88.46,71.89,0.0,36.05,81.97,85.68,95.74
2015,Los Angeles,91745,-117.9657288,34.0213468,71.76,86.16,82.73,0.0,76.9,48.28,70.05,76.43
2788,Los Angeles,90255,-118.2081561,33.9819143,46.99,81.42,62.86,0.0,36.99,49.73,59.37,85.68
6091,Los Angeles,90250,-118.3483855,33.9278066,29.89,74.21,93.59,41.9,93.39,77.55,78.94,70.44
3362,Los Angeles,91733,-118.060117,34.0344665,69.43,77.98,95.54,0.0,92.34,75.19,74.84,50.01
4507,Los Angeles,90016,-118.3490693,34.0277561,42.56,75.36,69.41,0.0,95.25,92.49,75.52,80.52
6511,Riverside ,92879,-117.5572508,33.875079,79.99,90.89,98.81,0.0,94.35,41.28,81.88,88.09
3254,Los Angeles,90220,-118.2453652,33.8918787,29.89,86.5,38.34,33.28,48.04,96.14,84.72,91.46
4342,Stanislaus ,95357,-120.9148312,37.6444867,71.66,57.91,47.13,88.62,16.28,68.74,68.53,74.87
4732,Los Angeles,91402,-118.4563783,34.2300529,93.63,68.76,77.92,0.0,62.44,86.68,80.7,90.3
4781,Los Angeles,90221,-118.199065,33.8932111,32.15,86.63,56.55,0.0,49.63,91.5,97.53,88.92
7877,Merced ,95341,-120.4766004,37.2803817,72.55,88.6,47.34,75.48,24.21,93.71,99.0,89.87
2000,Los Angeles,90026,-118.2633783,34.0737627,56.96,88.72,96.14,0.0,99.86,63.7,60.59,69.35
6200,Fresno ,93728,-119.8157426,36.7590503,82.48,96.81,65.56,0.0,14.4,96.45,75.9,92.99
3957,San Joaquin,95205,-121.2573976,37.9774362,44.98,61.08,76.02,40.14,55.63,93.23,96.68,98.52
7323,Contra Costa,94801,-122.3629548,37.9337832,3.12,37.51,98.16,0.0,14.69,99.19,79.41,74.46
5125,Los Angeles,90201,-118.1468675,33.9679322,50.54,86.61,56.12,44.9,41.4,55.87,92.44,86.62
3740,Los Angeles,90745,-118.2576884,33.8296613,22.19,80.58,86.02,0.0,95.44,76.63,82.71,49.72
3193,Los Angeles,91732,-118.0061894,34.0685045,76.94,78.73,93.79,0.0,97.29,80.96,69.32,78.93
5765,Tulare ,93274,-119.3656637,36.2075367,88.7,98.33,65.64,76.86,9.65,79.62,93.07,98.12
4608,Los Angeles,91744,-117.9461731,34.0384097,72.55,84.36,42.35,0.0,47.6,80.72,81.64,73.2
6290,San Bernardino,92407,-117.3313886,34.1410962,100.0,61.53,80.26,0.0,56.21,81.26,87.23,92.14
5902,Orange ,90680,-117.9888565,33.8102448,39.99,70.06,87.38,47.69,80.91,46.71,46.9,86.86
3407,Fresno ,93242,-119.7117317,36.4550589,84.58,94.46,23.02,96.14,3.48,69.04,94.97,85.88
4793,Los Angeles,90301,-118.3657334,33.9509443,29.89,82.23,84.19,10.79,96.69,90.65,83.45,63.64
3499,Riverside ,92503,-117.457896,33.9337586,93.63,93.01,75.71,0.0,40.58,71.29,86.54,72.84
3963,Los Angeles,90057,-118.277221,34.0546619,50.54,88.99,69.4,0.0,52.0,58.62,57.13,99.38
5227,Sacramento ,95670,-121.2985514,38.5874254,59.69,32.59,87.29,0.0,89.71,73.82,76.17,84.12
4300,Kern ,93308,-119.033747,35.4058896,93.63,99.48,86.12,0.0,63.44,81.83,85.57,99.36
5639,Los Angeles,91706,-117.9626794,34.0892124,78.01,72.41,55.38,0.0,32.23,76.12,65.07,79.66
4389,Los Angeles,91745,-117.9819037,34.0182786,71.66,86.32,94.66,0.0,97.71,50.76,49.83,41.48
3157,Los Angeles,91406,-118.479788,34.1993151,88.7,90.65,86.26,0.0,90.48,84.25,86.24,76.43
4066,Los Angeles,91504,-118.3394509,34.1946547,84.58,61.22,89.45,0.0,89.05,42.44,38.52,63.64
5072,Ventura ,93030,-119.1342635,34.2084353,26.7,36.02,66.73,99.76,78.81,71.83,67.57,89.76
5629,Los Angeles,91706,-117.9850227,34.0707595,76.94,78.08,68.87,48.52,92.73,76.12,65.07,80.87
2871,Riverside ,92225,-114.5966887,33.5994708,20.85,46.85,53.62,83.07,13.19,82.51,98.18,97.65
4379,San Diego,92113,-117.1267377,32.7035568,29.89,50.77,82.39,0.0,26.03,92.66,66.61,91.7
2949,Riverside ,92879,-117.5306429,33.8801854,82.48,91.62,58.27,0.0,97.59,48.45,87.31,80.95
3736,Los Angeles,90255,-118.2273157,33.9631931,39.99,82.12,82.44,0.0,44.69,53.35,83.64,82.14
4447,Los Angeles,90731,-118.2837798,33.7410279,16.78,66.31,97.01,0.0,21.14,93.62,64.02,92.68
1144,Los Angeles,90248,-118.2749503,33.8934521,26.7,84.26,93.19,51.83,27.36,53.54,28.2,57.79
4086,Los Angeles,90806,-118.1915444,33.793484,20.85,64.93,75.96,0.0,57.44,79.16,64.61,94.65
4720,Fresno ,93703,-119.7634701,36.761369,82.48,96.76,65.2,0.0,69.9,92.92,54.81,98.05
5565,Los Angeles,90044,-118.2979777,33.9634958,35.16,82.73,45.08,0.0,53.51,94.04,83.77,59.66
4101,Kings ,93239,-119.7891118,36.01376,70.67,60.19,9.41,92.07,8.98,76.74,95.87,80.28
4759,Los Angeles,90031,-118.2093313,34.0896162,63.61,89.73,63.52,0.0,78.31,58.16,16.03,81.62
6950,Tulare ,93291,-119.3005779,36.3379779,91.05,99.08,50.24,0.0,14.95,49.15,67.12,97.56
4153,San Joaquin,95202,-121.2901386,37.9640353,44.98,62.74,45.03,0.0,14.53,99.98,80.47,92.02
5874,Orange ,92801,-117.9689057,33.8453212,46.99,77.71,79.6,8.31,95.64,65.53,73.9,58.79
4350,Los Angeles,91731,-118.0460653,34.0866395,76.94,72.38,74.03,0.0,39.13,51.0,37.0,67.17
4595,Kern ,93304,-119.0241678,35.3604639,93.63,99.85,84.54,0.0,43.48,96.66,96.82,89.76
3301,Los Angeles,90255,-118.2251677,33.9842413,44.98,86.7,55.12,0.0,42.25,69.97,97.03,95.35
4587,Los Angeles,90038,-118.3124771,34.0944222,59.69,78.83,96.68,0.0,87.41,50.07,47.64,85.44
4793,Los Angeles,91502,-118.3002133,34.1758933,76.94,68.96,83.37,0.0,85.29,22.3,27.63,78.52
8421,Los Angeles,90650,-118.1013655,33.9257822,46.99,85.31,91.24,54.93,98.86,51.2,80.78,44.62
2982,Los Angeles,90028,-118.3299158,34.0943604,59.69,73.4,82.46,0.0,66.04,60.69,57.38,81.36
3496,Fresno ,93722,-119.8532189,36.7591628,79.99,94.6,15.52,63.52,4.84,88.58,54.22,92.37
6662,Orange ,92701,-117.8596881,33.7522099,56.96,75.07,93.8,0.0,93.1,60.92,53.39,96.33
7457,Los Angeles,90745,-118.2825106,33.8387785,22.19,77.36,93.15,40.76,91.86,76.63,82.71,52.88
1832,Los Angeles,90005,-118.2979144,34.0598537,50.54,84.6,94.62,0.0,61.21,47.45,55.53,96.43
4128,Alameda ,94621,-122.1837659,37.7504463,6.38,22.92,92.27,0.0,14.08,99.68,90.47,91.7
4077,Los Angeles,90813,-118.1828489,33.7789718,20.85,66.5,61.66,0.0,36.46,95.61,97.88,86.22
2750,Riverside ,92503,-117.4643999,33.9496836,93.63,93.91,18.67,0.0,28.46,71.29,86.54,80.11
3069,Los Angeles,90057,-118.2786688,34.0621454,51.9,88.46,71.75,0.0,41.71,81.97,85.68,82.14
3487,Los Angeles,90037,-118.2978735,34.0017243,39.99,77.32,35.16,0.0,62.18,90.02,77.28,82.46
5008,Los Angeles,91401,-118.4443453,34.1835838,84.58,67.28,41.18,0.0,70.98,72.87,85.07,97.79
8948,Kern ,93280,-119.3509151,35.5738555,82.48,95.0,18.76,95.55,1.54,45.11,91.55,91.91
2400,Sacramento ,95826,-121.3955102,38.5374689,46.99,37.56,84.29,39.52,85.3,87.48,71.35,77.2
2268,Fresno ,93710,-119.7423113,36.8188039,84.58,96.48,74.64,79.79,58.3,84.37,49.5,99.76
2480,Los Angeles,90044,-118.2862377,33.9261331,29.89,84.42,97.87,0.0,98.95,89.07,71.1,82.21
5332,Los Angeles,90012,-118.2457754,34.0685435,56.96,92.91,88.15,0.0,88.41,22.99,22.59,76.11
2875,Los Angeles,91768,-117.7929465,34.0671411,75.12,89.82,82.68,16.38,96.04,84.16,71.3,81.62
4027,Los Angeles,91352,-118.3745717,34.2027436,88.7,61.52,56.64,0.0,33.79,68.94,52.01,91.46
4790,Los Angeles,91405,-118.4530799,34.1975155,88.7,68.92,86.2,0.0,70.11,94.88,89.93,76.11
2905,Alameda ,94607,-122.270732,37.8004265,3.12,47.37,98.88,0.0,64.34,96.47,36.6,86.62
6450,San Bernardino,92316,-117.4226926,34.0726027,97.0,90.55,85.99,0.0,93.66,45.11,48.92,84.12
3122,Los Angeles,90011,-118.2636361,34.0078219,42.56,82.46,49.97,0.0,39.55,78.4,94.9,93.61
3709,Los Angeles,90303,-118.3306448,33.934328,29.89,77.5,76.47,18.24,33.84,91.65,95.44,68.27
6905,Los Angeles,90262,-118.1941847,33.9231953,37.57,80.41,92.01,0.0,91.63,77.08,83.71,67.85
4274,Los Angeles,90660,-118.1106254,33.9759777,55.38,87.52,94.16,0.0,71.3,70.18,91.8,44.87
3957,Los Angeles,91324,-118.5503049,34.2259651,91.05,91.4,28.28,0.0,77.04,80.26,85.97,82.73
3356,Los Angeles,90061,-118.2716976,33.936494,32.15,84.04,46.14,0.0,34.48,97.02,92.88,88.73
4209,San Joaquin,95336,-121.210707,37.798966,57.77,55.48,31.34,75.1,17.19,90.67,94.04,77.65
3037,Los Angeles,90248,-118.2949002,33.86433,24.88,81.44,93.25,58.38,96.95,62.38,59.35,25.25
4382,Los Angeles,90744,-118.2782902,33.7848764,20.85,68.48,97.66,0.0,83.1,82.18,91.65,72.09
5514,Los Angeles,90032,-118.1708887,34.0674315,64.73,83.3,90.59,0.0,55.99,59.15,38.81,65.7
6840,San Bernardino,92335,-117.4772152,34.0743336,97.0,93.15,90.38,0.0,88.63,67.95,82.07,89.36
3348,Los Angeles,91606,-118.3746763,34.1848664,82.48,61.19,70.28,0.0,49.49,77.6,85.72,52.41
4273,Los Angeles,91205,-118.2491936,34.1351285,67.9,70.75,41.27,0.0,39.15,63.15,92.21,92.02
7303,Imperial ,92227,-115.5223739,32.9902904,32.15,38.44,37.04,72.28,12.51,97.74,87.41,97.65
7217,Stanislaus ,95358,-121.0374635,37.6349769,69.32,54.36,54.15,92.9,21.78,89.26,74.24,77.06
6065,Los Angeles,91303,-118.59964,34.198294,82.48,63.29,64.44,0.0,60.84,88.25,82.35,86.51
5903,Kern ,93304,-119.03002,35.3461386,93.63,99.8,78.77,0.0,66.79,96.66,96.82,90.69
5019,Los Angeles,90044,-118.3003773,33.9201775,29.89,86.45,89.07,0.0,50.78,94.89,83.28,19.38
3277,Riverside ,92504,-117.4058257,33.9303688,95.27,91.47,95.93,38.83,88.25,63.0,60.12,79.82
4943,Fresno ,93662,-119.6086518,36.5699543,88.7,98.12,72.93,79.66,12.4,96.88,85.14,91.32
4683,Los Angeles,90744,-118.2479267,33.7874696,20.85,66.19,44.99,0.0,58.83,83.0,92.82,84.54
2735,Los Angeles,91605,-118.4105915,34.211069,91.05,60.85,56.98,21.03,86.51,77.84,82.29,38.57
2705,Alameda ,94607,-122.288956,37.8100197,3.12,50.3,91.49,0.0,23.28,98.98,54.09,93.83
5062,San Diego,92102,-117.0939094,32.7139554,29.89,51.26,94.72,0.0,89.21,78.84,34.18,92.37
6903,Los Angeles,91766,-117.7449619,34.0340192,74.1,91.56,72.87,0.0,82.39,82.04,78.25,83.58
5964,San Bernardino,92408,-117.2622655,34.0763612,100.0,59.64,87.89,26.52,80.1,46.87,61.37,87.88
3038,Los Angeles,90037,-118.2893178,33.9994947,39.99,76.8,40.16,0.0,59.19,92.88,87.82,94.13
4801,Stanislaus ,95307,-120.9641077,37.6035519,71.66,59.54,94.75,31.45,74.31,57.43,71.88,92.45
7956,Kings ,93230,-119.6473042,36.3332087,82.48,99.3,35.54,0.0,18.69,94.63,98.55,87.63
5151,Fresno ,93703,-119.7430752,36.7759071,84.58,97.11,50.8,0.0,67.81,95.19,59.12,87.19
5060,Stanislaus ,95350,-121.0393581,37.6767786,67.9,56.78,97.03,84.72,86.39,90.23,75.72,91.46
5836,Los Angeles,91306,-118.5779426,34.2023735,84.58,85.16,73.63,0.0,60.44,87.36,92.1,91.76
3793,Los Angeles,91744,-117.9032402,34.0095219,67.9,88.25,52.45,0.0,74.99,71.41,69.42,67.85
4278,Los Angeles,90744,-118.2714945,33.7795265,17.65,67.21,99.65,0.0,29.46,83.0,92.82,94.77
6939,Los Angeles,90660,-118.0944003,33.9594036,53.73,87.11,80.82,20.97,97.0,70.18,91.8,33.0
6740,Los Angeles,90501,-118.3037589,33.820409,20.85,72.0,85.77,0.0,65.58,64.72,45.03,87.88
4084,Kern ,93307,-118.9945268,35.3095656,95.27,99.99,41.17,49.24,8.21,87.56,95.99,96.81
3397,Los Angeles,90022,-118.1708472,34.019891,56.96,85.46,99.12,0.0,93.69,80.22,75.9,86.68
6769,Los Angeles,91402,-118.4323396,34.2188821,91.05,62.95,43.1,0.0,72.93,87.1,81.39,64.03
4375,Los Angeles,90011,-118.2513193,34.0060455,44.98,87.26,54.46,0.0,40.94,78.4,94.9,96.09
5824,Sutter ,95991,-121.6114867,39.123665,44.98,43.19,34.2,75.24,29.36,57.96,88.62,90.3
5306,Los Angeles,90262,-118.1867665,33.9098344,35.16,81.88,98.84,0.0,99.13,63.86,68.62,64.9
5097,Los Angeles,91405,-118.4443624,34.1975649,88.7,68.92,82.5,0.0,62.39,94.88,89.93,89.17
5363,San Bernardino,92316,-117.3768768,34.0768408,98.67,88.39,80.96,0.0,81.21,77.87,88.42,81.76
4581,Fresno ,93705,-119.827823,36.7758683,82.48,96.45,81.33,0.0,21.86,98.5,67.93,82.79
2770,Solano ,94589,-122.2570455,38.1261466,14.92,36.76,84.78,0.0,56.63,99.55,79.71,84.77
5638,Los Angeles,90280,-118.2050283,33.9542813,42.56,81.11,56.33,0.0,38.5,59.56,82.29,81.91
6742,Los Angeles,91343,-118.4643776,34.2264373,93.63,71.75,71.2,0.0,70.73,75.81,49.68,85.24
4422,Riverside ,92509,-117.4071313,33.9943219,97.0,94.21,81.28,0.0,44.06,65.94,76.96,93.39
2862,Los Angeles,91352,-118.3654295,34.224417,93.63,60.63,73.38,0.0,97.3,81.89,67.12,59.23
6491,Los Angeles,90302,-118.3522568,33.9720411,35.16,73.67,58.15,0.0,45.34,90.47,80.7,87.88
3644,Sacramento ,95815,-121.422268,38.6164065,53.73,39.5,79.86,0.0,80.58,97.28,77.82,83.87
5055,Kings ,93230,-119.6189777,36.3279951,82.48,99.05,39.98,82.21,21.2,94.63,98.55,84.12
3283,San Diego,91910,-117.0936978,32.6335939,24.88,52.76,86.89,0.0,77.33,67.63,48.22,88.53
5094,Kings ,93230,-119.6671974,36.3196581,82.48,99.03,71.66,69.28,31.84,94.63,98.55,91.32
4240,Los Angeles,90270,-118.1951817,33.9898752,48.45,85.54,82.09,0.0,36.73,59.92,88.75,92.26
2752,Los Angeles,90018,-118.3230095,34.0377797,44.98,78.43,92.98,0.0,99.0,71.14,47.88,64.37
4933,Los Angeles,91706,-117.9513657,34.0839121,78.01,73.38,60.87,0.0,21.66,66.38,52.16,66.56
5745,Fresno ,93703,-119.7431686,36.7687041,84.58,97.0,52.72,0.0,75.41,94.39,58.08,95.0
3495,Los Angeles,90640,-118.09768,34.0184014,65.69,78.1,34.84,0.0,49.83,55.07,67.7,68.83
5436,Los Angeles,90037,-118.2774651,34.0074446,42.56,78.64,97.72,0.0,92.1,57.49,46.26,98.28
4873,Los Angeles,91335,-118.5257626,34.1888959,88.7,98.61,29.63,36.69,69.84,79.05,82.96,68.83
4345,Los Angeles,90057,-118.2733596,34.0597996,51.9,88.46,71.85,0.0,59.96,81.97,85.68,98.79
4158,Los Angeles,90806,-118.1757078,33.7932911,20.85,68.18,97.3,0.0,33.0,85.57,73.37,90.94
4296,Madera ,93638,-120.0609518,36.9719028,78.01,92.42,73.57,0.0,46.75,91.7,99.76,98.88
3703,Los Angeles,90004,-118.2961539,34.081365,55.38,84.77,94.18,0.0,96.26,60.66,58.8,94.43
4094,San Diego,92102,-117.1085408,32.7136131,29.89,50.48,90.28,0.0,92.2,84.43,43.22,78.63
7552,Kern ,93304,-119.0121142,35.3321914,93.63,99.96,17.34,0.0,18.1,92.91,89.54,97.99
3109,Los Angeles,91405,-118.4301703,34.2043745,91.05,63.62,61.24,0.0,79.49,75.52,58.54,80.78
4708,Los Angeles,90221,-118.2031731,33.9055367,35.16,83.66,46.29,0.0,36.6,87.08,92.44,69.16
5253,Kern ,93263,-119.2738672,35.4961858,82.48,97.54,53.15,82.41,8.69,49.43,76.52,99.43
5363,Los Angeles,90723,-118.1554579,33.9067419,37.57,78.87,72.45,0.0,86.48,51.72,62.51,64.03
5652,Los Angeles,90716,-118.0768628,33.8276575,32.15,65.54,93.55,0.0,89.49,61.14,86.0,80.55
2863,San Bernardino,91762,-117.6510112,34.0667963,84.58,97.34,97.52,1.66,34.73,59.01,71.97,90.48
4582,Los Angeles,91732,-118.0127105,34.0703231,76.94,82.68,62.29,0.0,94.26,80.96,69.32,85.18
3546,Alameda ,94621,-122.1887803,37.7541816,6.38,26.27,77.09,0.0,33.58,99.68,90.47,85.44
6541,Riverside ,92220,-116.8679887,33.935799,97.0,42.36,49.02,0.0,80.8,89.44,98.23,86.86
3664,Los Angeles,90247,-118.2952308,33.8771796,24.88,76.5,46.62,37.76,65.98,77.46,55.31,64.37
8857,Fresno ,93622,-120.5139877,36.8586926,70.52,50.83,12.23,90.66,4.19,89.76,96.14,96.23
4995,Los Angeles,90032,-118.1877681,34.0689106,63.61,88.23,47.93,0.0,36.63,72.71,56.12,83.17
4148,Los Angeles,90017,-118.2738446,34.0531328,50.54,88.99,89.7,0.0,41.05,69.54,30.0,97.3
2357,Fresno ,93657,-119.5374742,36.6847537,88.7,94.92,14.35,90.28,0.96,85.37,57.38,98.39
7363,Los Angeles,90640,-118.1226036,33.9867681,56.96,88.59,84.58,0.0,85.54,49.33,62.19,83.87
3770,Los Angeles,90250,-118.3160924,33.9230881,29.89,85.33,93.49,0.0,92.53,84.04,70.89,31.73
3437,San Joaquin,95330,-121.2887619,37.8179738,57.77,54.13,91.75,60.17,78.21,85.89,78.56,62.84
4891,Los Angeles,90220,-118.2367479,33.8907006,29.89,86.4,32.4,24.52,40.75,96.14,84.72,81.91
8118,Los Angeles,90249,-118.3195843,33.9112721,29.89,83.48,65.94,24.97,58.48,85.17,77.58,58.79
4351,Los Angeles,90026,-118.2817725,34.072159,53.73,88.21,80.25,0.0,74.5,42.14,33.67,72.4
4472,Los Angeles,90057,-118.2815247,34.0567212,50.54,87.78,76.27,0.0,46.11,68.86,69.88,98.61
8180,Los Angeles,91732,-118.0058397,34.0966686,79.99,79.73,34.95,13.52,63.98,73.8,58.8,62.66
3809,Los Angeles,91406,-118.4697535,34.2084003,91.05,83.19,90.16,0.0,98.44,56.63,39.62,63.52
4763,Los Angeles,90022,-118.1324571,34.0117799,60.66,88.35,79.78,0.0,31.11,76.69,71.35,75.3
4911,Los Angeles,90013,-118.2516175,34.0465369,50.54,91.16,99.6,23.93,33.68,77.95,23.24,65.28
3691,Los Angeles,91303,-118.5952099,34.2046284,82.48,65.45,48.97,0.0,69.56,86.79,79.15,81.36
2832,Los Angeles,91402,-118.4488025,34.2340798,93.63,64.29,46.06,0.0,59.36,89.88,87.61,91.17
10290,San Joaquin,95205,-121.2764321,37.9805494,44.98,59.39,41.62,62.59,28.06,89.31,89.27,84.54
3836,Los Angeles,91343,-118.4703117,34.2301059,93.63,75.78,86.61,0.0,97.73,88.17,69.11,99.2
3382,Stanislaus ,95380,-120.9439974,37.4851794,72.55,59.6,48.13,94.07,32.33,57.2,73.62,77.06
3803,Kern ,93307,-118.975107,35.3597374,95.27,99.94,26.31,0.0,42.11,87.56,95.99,99.08
7230,Orange ,92683,-118.0061687,33.749641,35.16,64.04,89.11,0.0,91.85,36.86,52.28,82.14
5231,Los Angeles,91768,-117.8132614,34.0502857,72.83,90.24,88.81,76.1,71.31,64.86,50.9,52.11
4290,Los Angeles,91205,-118.2473422,34.1376048,69.32,70.75,49.05,0.0,43.45,64.02,93.07,81.14
3677,Los Angeles,90201,-118.1906245,33.9662404,44.98,80.05,40.91,0.0,63.71,52.97,89.77,79.91
4502,Los Angeles,91411,-118.4588522,34.1765494,84.58,73.27,58.46,0.0,96.03,79.49,82.48,54.55
8236,Orange ,92701,-117.8685376,33.748073,56.96,73.49,78.32,0.0,44.24,55.51,45.8,92.79
1999,Tulare ,93257,-119.0245203,36.0455672,82.48,98.06,55.77,89.07,32.46,71.09,91.55,86.38
2692,Los Angeles,90017,-118.2723721,34.0564462,51.9,88.99,94.05,0.0,45.13,60.85,34.72,98.67
6694,Stanislaus ,95354,-120.9440005,37.6466798,70.28,60.07,55.66,67.1,32.03,90.07,70.74,81.36
4393,Los Angeles,90706,-118.146903,33.8729892,32.15,72.02,96.85,47.45,93.86,64.73,68.53,65.08
4129,Los Angeles,90744,-118.260391,33.7979932,20.85,67.13,53.25,45.48,58.98,74.79,82.61,84.91
3136,Los Angeles,91732,-118.0077568,34.0715068,76.94,78.73,84.62,0.0,95.06,80.96,69.32,68.27
2445,Kings ,93230,-119.6239493,36.2324904,84.58,95.94,18.56,84.14,6.54,87.82,92.22,74.87
6170,Los Angeles,90008,-118.3402132,34.0126393,39.99,73.9,30.09,38.34,28.35,95.7,71.3,82.36
6871,Fresno ,93654,-119.3447256,36.608683,91.05,91.03,17.03,88.34,2.0,82.17,87.46,98.23
1539,Los Angeles,90012,-118.2466502,34.0561941,53.73,91.92,98.42,29.79,85.96,26.33,35.9,60.45
6844,San Joaquin,95207,-121.3238468,37.983791,44.98,54.91,80.05,36.59,69.85,88.55,66.86,89.87
4770,Yuba ,95901,-121.5942461,39.1515257,46.99,40.61,76.17,83.93,66.58,73.33,87.94,84.21
2896,Los Angeles,91770,-118.0747627,34.0592472,71.66,73.17,64.94,0.0,56.16,41.8,38.96,86.86
3561,Los Angeles,90015,-118.2723121,34.046851,48.45,89.35,98.58,0.0,92.78,79.1,48.31,93.76
5609,Los Angeles,91335,-118.5442623,34.1852284,84.58,94.75,64.8,0.0,61.28,85.66,92.44,64.5
3553,Los Angeles,90802,-118.2023757,33.7726916,20.85,66.6,99.49,0.0,43.06,86.49,70.45,86.07
4237,Los Angeles,90029,-118.3059569,34.0863828,56.96,79.17,93.07,0.0,96.65,56.66,53.81,79.2
3840,Los Angeles,90063,-118.1810137,34.0445158,60.66,84.78,55.53,0.0,11.93,65.19,74.36,84.7
3574,Los Angeles,91343,-118.4702311,34.2337312,93.63,75.78,89.18,0.0,97.38,88.17,69.11,97.88
3814,Los Angeles,90044,-118.2991149,33.9857256,35.16,76.85,43.34,0.0,61.66,91.38,79.3,87.3
5362,Fresno ,93722,-119.8702581,36.7926994,78.01,94.56,97.71,4.62,63.46,92.31,65.89,75.3
11921,Fresno ,93723,-119.9111587,36.8163153,76.94,92.96,89.26,87.93,64.4,83.28,59.88,67.45
9185,Orange ,92801,-117.933024,33.8507453,51.9,81.48,95.4,0.0,98.96,50.32,52.19,76.87
2998,Los Angeles,90270,-118.1820765,33.988846,50.54,86.02,94.5,0.0,69.66,48.59,76.35,91.04
3224,Los Angeles,90038,-118.3123611,34.0887897,57.77,78.83,94.29,0.0,77.01,67.75,69.79,93.18
6237,Los Angeles,90022,-118.1423614,34.01324,59.69,89.15,90.83,0.0,18.4,80.22,75.9,78.63
2728,Los Angeles,90640,-118.1264604,34.0266482,64.73,84.19,90.01,58.0,92.9,66.03,79.89,74.7
3856,Orange ,92843,-117.9289907,33.7633574,46.99,74.8,69.7,0.0,93.09,64.67,76.52,69.35
3592,Riverside ,92507,-117.352832,33.9799005,97.0,89.52,73.2,0.0,38.66,70.79,79.97,98.23
4049,Los Angeles,91340,-118.4396292,34.2860283,97.0,56.27,55.58,0.0,21.09,85.12,52.82,85.55
2594,Los Angeles,90006,-118.2823449,34.0491173,48.45,87.99,76.52,0.0,71.84,61.93,62.36,98.93
4217,Los Angeles,90044,-118.2948084,33.9784675,35.16,76.14,38.56,0.0,66.05,96.73,97.43,78.52
4912,Los Angeles,90660,-118.088627,34.0074428,64.73,78.25,57.72,0.0,63.06,68.43,89.46,52.53
5329,Los Angeles,91768,-117.7827836,34.0670423,76.94,91.04,54.9,0.0,91.9,84.31,71.4,90.63
3907,San Diego,92113,-117.1075924,32.6866623,29.89,52.05,78.78,0.0,64.78,89.51,59.68,79.82
8019,Tulare ,93267,-119.1119527,36.1328505,84.58,92.93,21.21,87.1,8.34,47.1,83.35,97.6
5287,Los Angeles,90059,-118.2557254,33.9176122,32.15,84.72,67.98,0.0,25.89,90.68,80.67,43.73
2492,Los Angeles,91606,-118.38341,34.1848613,82.48,61.44,37.81,0.0,47.11,80.38,89.19,84.7
4131,San Joaquin,95240,-121.2524178,38.1263177,48.45,53.55,80.68,73.93,34.86,75.01,84.18,98.15
5427,Los Angeles,90242,-118.1206401,33.9259214,46.99,87.85,86.15,53.07,66.3,30.83,58.86,70.67
15950,Merced ,93635,-120.8012173,37.0786355,71.66,55.82,27.7,90.0,34.49,97.59,84.77,73.0
3322,Los Angeles,91406,-118.4777891,34.1902662,88.7,88.36,72.31,0.0,98.01,84.25,86.24,63.91
4431,Los Angeles,90023,-118.1859277,34.0257388,56.96,87.59,96.19,0.0,23.78,73.68,79.74,89.66
5036,Los Angeles,90606,-118.0522351,33.9726429,62.53,77.06,76.24,0.0,58.15,55.2,78.44,52.41
4364,Los Angeles,90057,-118.2741645,34.066049,53.73,88.46,80.66,0.0,63.18,53.19,48.94,87.54
6180,Los Angeles,90262,-118.1946754,33.9118044,35.16,82.94,83.87,0.0,90.06,69.13,74.12,92.6
7911,Los Angeles,91706,-117.9773075,34.0785296,76.94,75.83,53.12,35.79,39.54,76.12,65.07,69.08
4882,Los Angeles,91732,-118.0270375,34.0627564,74.1,78.53,86.88,0.0,77.39,50.57,32.03,95.58
6324,Los Angeles,90201,-118.1839766,33.9747696,46.99,79.6,37.91,0.0,69.11,62.08,96.68,79.31
5613,Los Angeles,93535,-118.0881554,34.7401046,88.7,5.69,22.08,46.41,3.99,98.72,94.02,84.7
5107,Fresno ,93726,-119.7634015,36.7832086,82.48,97.26,45.36,0.0,32.85,97.52,72.87,95.84
4870,Ventura ,93030,-119.1669539,34.1929074,24.88,35.82,82.38,64.86,51.43,69.38,64.69,97.56
4330,San Diego,91910,-117.1094056,32.6421028,24.88,52.4,72.38,0.0,89.69,67.63,48.22,79.31
3705,Los Angeles,90001,-118.2629318,33.9660533,37.57,85.51,54.3,0.0,23.54,85.53,95.09,79.46
4798,Fresno ,93727,-119.7273757,36.7322737,88.7,97.82,41.63,63.97,33.04,81.75,58.8,97.15
6743,Los Angeles,90262,-118.1901733,33.931052,39.99,80.31,92.67,0.0,33.14,72.22,78.84,50.24
3910,Los Angeles,90044,-118.2940128,33.9353608,29.89,83.53,50.14,0.0,68.71,96.73,97.43,89.06
5163,Los Angeles,90047,-118.3111989,33.963628,35.16,78.93,40.67,0.0,61.46,97.91,84.97,71.09
6383,Los Angeles,91504,-118.3272409,34.1936348,84.58,61.28,81.29,0.0,90.86,41.1,36.83,43.89
3262,Los Angeles,91205,-118.2463128,34.1277465,66.81,69.81,57.59,0.0,43.26,58.76,85.36,73.2
3463,Los Angeles,91406,-118.514195,34.1920691,88.7,95.37,53.11,61.76,61.15,79.91,81.22,34.21
4051,Orange ,92707,-117.8602323,33.7196057,57.77,70.38,47.24,0.0,41.49,63.32,45.25,60.21
3985,Los Angeles,91204,-118.2632446,34.1446832,69.32,70.7,78.69,0.0,54.76,35.19,45.97,73.2
3744,Los Angeles,91754,-118.1545859,34.0382967,62.53,88.74,95.99,0.0,85.06,35.36,20.34,81.36
5324,Los Angeles,90802,-118.1867636,33.7723836,20.85,64.33,70.01,0.0,30.73,82.6,65.07,86.97
7473,San Bernardino,92376,-117.375879,34.1195504,98.67,70.48,10.55,0.0,35.46,84.16,95.44,87.76
3610,Los Angeles,90810,-118.2105459,33.8161834,20.85,65.05,97.82,56.83,90.25,84.83,90.84,51.75
5704,San Bernardino,92411,-117.3182081,34.1259545,100.0,60.47,75.05,0.0,40.09,98.65,92.56,94.77
4116,Los Angeles,90250,-118.3481425,33.9200581,29.89,81.67,77.27,9.76,72.6,83.85,86.75,70.34
7230,Kern ,93241,-118.9121193,35.2692638,97.0,97.52,29.45,81.79,5.85,51.73,80.5,95.26
4218,Los Angeles,90502,-118.2931768,33.8404078,22.19,81.85,81.71,0.0,82.56,67.82,54.71,58.23
18784,Kern ,93307,-119.0038623,35.271205,95.27,98.86,50.78,89.93,24.74,87.56,95.99,88.92
1425,Los Angeles,90810,-118.2108384,33.8248551,22.19,65.05,99.17,62.93,98.25,84.83,90.84,58.79
6284,Los Angeles,91746,-117.979529,34.0595763,75.12,79.22,86.48,33.31,33.61,45.45,62.19,60.45
3293,Fresno ,93616,-119.5600522,36.6466139,88.7,94.95,18.9,95.97,7.03,88.81,46.65,90.53
3141,Los Angeles,90007,-118.2959265,34.0348166,44.98,84.94,94.4,0.0,99.48,48.68,57.54,83.34
4040,Los Angeles,90037,-118.2980282,34.0145285,39.99,77.78,37.35,0.0,50.09,85.79,73.75,90.48
10170,Merced ,93635,-120.855277,37.0847273,71.66,54.75,25.1,78.31,7.85,97.59,84.77,80.28
5161,Sacramento ,95815,-121.4292379,38.6225203,53.73,37.96,60.75,6.17,14.8,98.73,94.57,84.54
4702,Tulare ,93274,-119.3563298,36.2002109,88.7,98.59,44.84,28.93,6.81,79.62,93.07,99.01
4471,Los Angeles,90805,-118.1925812,33.8596484,26.7,90.93,89.6,0.0,38.25,91.14,89.0,72.09
5848,Los Angeles,90706,-118.1382198,33.8736738,32.15,72.73,98.49,46.03,93.59,70.03,75.4,74.87
4810,Fresno ,93646,-119.3274871,36.6466582,91.05,90.26,19.33,93.28,0.51,85.95,92.82,99.18
2728,Imperial ,92281,-115.6689803,33.0633411,24.92,32.4,11.55,92.93,12.61,99.25,91.65,88.81
6885,San Joaquin,95336,-121.200625,37.7985094,58.23,55.35,81.43,91.0,73.48,91.01,94.27,78.1
5542,Los Angeles,93535,-118.1210674,34.7114455,88.7,5.84,35.26,0.0,22.83,99.0,96.25,96.33
6747,Los Angeles,90640,-118.1062505,34.0048535,62.53,83.09,57.83,0.0,44.9,65.37,79.41,78.45
4410,Los Angeles,90044,-118.2861364,33.9726959,35.16,80.22,85.91,0.0,96.28,85.69,76.57,97.79
3129,Los Angeles,91606,-118.3943295,34.193936,88.7,61.26,38.33,0.0,63.99,61.79,65.94,83.87
3124,Los Angeles,90255,-118.2097713,33.9784203,44.98,82.3,42.54,0.0,47.1,55.89,87.46,76.43
5268,Los Angeles,90810,-118.212716,33.801549,20.85,65.82,96.69,0.0,81.58,83.19,88.01,62.07
6950,Los Angeles,91766,-117.7572801,34.0378439,74.1,91.34,63.68,0.0,77.03,82.04,78.25,80.28
6129,Los Angeles,90220,-118.2360631,33.9013299,29.89,85.29,65.38,22.83,50.5,95.54,83.36,67.01
5510,Los Angeles,91205,-118.2485559,34.1407531,69.32,69.27,68.62,0.0,53.7,68.57,95.71,84.12
3979,Los Angeles,90027,-118.3038048,34.0999328,60.66,77.77,91.26,0.0,65.0,46.82,90.84,85.77
4181,Los Angeles,91605,-118.4214325,34.1993793,88.7,63.16,61.72,0.0,65.33,55.93,57.89,74.46
3462,Fresno ,93705,-119.8255712,36.7686654,82.48,96.47,68.72,0.0,23.95,96.26,57.25,89.28
1781,Alameda ,94607,-122.2847803,37.8057305,3.12,48.5,96.45,0.0,31.96,98.98,54.09,95.8
5591,Los Angeles,91766,-117.7643708,34.0542894,75.12,91.41,86.53,0.0,19.31,81.33,77.37,96.72
11695,Imperial ,92243,-115.4937382,32.775654,62.7,43.37,29.32,92.14,25.25,77.59,83.72,80.34
2617,Sacramento ,95818,-121.4903061,38.5652846,42.56,40.6,91.29,0.0,76.49,88.55,55.4,71.91
5530,Los Angeles,90063,-118.1860673,34.0297365,56.96,87.59,97.29,0.0,94.36,41.49,41.61,80.87
5472,Orange ,92683,-117.9939643,33.7573411,37.57,61.0,69.3,42.14,79.83,42.95,61.37,90.05
7491,Kern ,93301,-119.0135607,35.3952759,93.63,99.74,85.53,0.0,23.93,99.36,92.37,99.45
7361,Los Angeles,90062,-118.3108346,33.9993836,37.57,75.94,25.3,0.0,50.18,97.01,92.82,77.58
5012,Los Angeles,93534,-118.14081,34.6819687,88.7,10.42,52.59,0.0,57.73,98.08,83.84,92.26
8697,San Bernardino,92301,-117.5205833,34.6306439,84.63,6.97,3.24,43.48,5.26,88.06,99.64,93.18
2285,Orange ,92841,-118.0049565,33.7886006,37.57,69.61,62.59,14.9,74.33,60.11,65.57,54.23
4589,Los Angeles,90255,-118.2254355,33.9692765,42.56,82.12,37.65,0.0,42.63,60.29,90.32,80.64
4277,San Bernardino,92404,-117.2535665,34.1392095,100.0,55.71,54.25,0.0,81.11,96.32,96.49,91.27
3008,San Francisco,94130,-122.419701,37.8619483,3.83,30.88,88.62,2.1,99.98,94.28,9.73,95.9
6648,Tulare ,93257,-118.9982663,36.0619829,82.48,95.31,17.6,72.52,11.83,71.09,91.55,94.85
5567,Stanislaus ,95358,-121.0092162,37.6010166,70.28,56.28,52.53,72.9,7.83,80.46,71.3,97.83
6627,Contra Costa,94806,-122.3509331,37.9690044,6.38,39.84,83.77,30.93,15.39,94.48,81.82,71.09
2287,Kings ,93245,-119.8425961,36.3510181,79.99,90.64,15.28,91.62,17.1,76.33,93.79,79.66
6097,San Joaquin,95206,-121.2537583,37.9156575,48.45,58.67,86.43,50.52,23.05,82.17,70.92,73.2
4321,Los Angeles,91331,-118.4088637,34.2625316,97.0,58.81,83.68,0.0,42.88,86.29,56.46,92.14
4331,Los Angeles,90043,-118.330376,33.9730801,35.16,74.81,33.67,0.0,68.83,97.41,69.22,70.84
2890,San Francisco,94124,-122.3759653,37.7356318,3.83,32.01,85.7,17.59,10.39,96.44,45.8,97.95
4545,Los Angeles,90017,-118.2610818,34.0542091,51.9,90.23,99.56,4.83,92.25,85.16,49.5,81.62
4855,San Bernardino,91761,-117.6422818,34.0482829,82.48,97.42,83.07,28.55,31.35,46.19,61.69,87.88
3551,Los Angeles,91331,-118.4162955,34.2465705,97.0,59.98,90.04,0.0,28.16,86.29,56.46,66.31
4946,Sacramento ,95823,-121.4469045,38.5068873,39.99,35.25,70.45,0.0,89.28,91.21,81.52,96.13
4209,Fresno ,93702,-119.7453946,36.7468158,84.58,97.5,49.06,0.0,39.05,95.87,90.2,95.9
3068,Los Angeles,91406,-118.4800026,34.1957245,88.7,89.91,67.77,0.0,93.26,84.25,86.24,91.46
2851,Los Angeles,90018,-118.3090474,34.0384431,44.98,79.63,89.92,0.0,99.5,36.53,14.36,79.82
3053,Los Angeles,90731,-118.2850961,33.7280812,16.78,65.26,97.25,0.0,17.55,93.62,64.02,71.55
4780,Alameda ,94603,-122.1803623,37.744613,6.38,20.36,81.88,0.0,33.78,99.58,72.62,88.62
2972,Los Angeles,90015,-118.280853,34.0415884,46.99,87.99,95.53,0.0,87.61,53.83,25.5,94.43
4929,San Diego,92113,-117.1145576,32.706039,29.89,51.09,83.52,0.0,59.74,89.21,55.58,92.2
5764,Los Angeles,90008,-118.3530792,34.0170719,39.99,73.6,30.74,0.0,70.41,88.66,46.93,94.23
1863,Los Angeles,93552,-118.0270881,34.6056671,88.7,6.32,16.04,56.48,14.45,91.69,85.29,91.85
4440,Los Angeles,90280,-118.2165071,33.9487813,39.99,81.79,75.69,0.0,36.38,59.56,82.29,76.87
6029,Los Angeles,91706,-117.9659964,34.1027727,82.48,70.77,29.66,10.93,25.1,76.12,65.07,57.63
5928,Los Angeles,90247,-118.3047564,33.8982954,29.89,82.87,36.79,29.76,54.93,82.86,63.05,71.97
3386,Los Angeles,91331,-118.4189927,34.2604355,97.0,59.23,70.44,0.0,22.95,86.29,56.46,87.3
2922,Los Angeles,90044,-118.2893094,33.9783023,35.16,77.04,40.32,0.0,62.71,96.73,97.43,95.18
5221,Fresno ,93656,-119.9069028,36.4461627,78.22,86.65,16.57,89.21,2.14,78.17,93.22,91.46
2980,Los Angeles,90220,-118.2473437,33.8995257,29.89,85.6,31.36,32.59,55.51,93.06,71.83,73.63
3874,Los Angeles,90660,-118.0905791,33.9737097,56.96,86.51,73.76,24.76,78.56,70.18,91.8,43.53
5919,San Bernardino,92335,-117.4400681,34.0848456,97.0,91.85,69.18,45.28,29.68,72.2,85.9,93.76
5863,Kern ,93215,-119.2462266,35.7837173,82.48,96.23,92.55,48.59,53.75,55.4,95.26,97.65
4857,Stanislaus ,95351,-121.0159498,37.6296152,70.28,56.57,59.89,0.0,21.45,94.8,87.11,90.87
3796,Alameda ,94606,-122.246184,37.7875675,3.12,47.13,98.08,0.0,83.36,91.75,30.32,82.21
5314,Orange ,92831,-117.9022903,33.8615748,53.73,87.82,83.98,0.0,94.03,49.49,27.89,80.78
2888,Los Angeles,90071,-118.253084,34.052707,51.9,91.16,99.45,29.41,80.43,53.35,18.52,85.34
4030,Orange ,90680,-117.9918205,33.7992973,39.99,70.21,72.99,0.0,80.89,57.64,62.05,68.48
4850,Los Angeles,91706,-117.9632149,34.0808733,78.01,74.26,41.52,13.41,30.03,76.12,65.07,58.79
2639,Riverside ,92201,-116.2114685,33.7247482,88.7,9.96,80.67,0.0,49.98,67.02,74.18,97.21
4416,Los Angeles,90650,-118.0639397,33.8912309,44.98,75.54,47.53,0.0,37.44,52.8,81.39,68.83
5177,Fresno ,93625,-119.6486262,36.6433218,88.7,95.78,40.09,94.21,9.46,88.02,69.69,76.87
3875,Los Angeles,90018,-118.3046372,34.0348455,44.98,81.38,95.44,0.0,99.6,63.21,46.06,85.68
6157,Los Angeles,91335,-118.527308,34.2047091,88.7,98.63,37.97,0.0,51.6,83.52,89.07,69.48
7210,Los Angeles,91732,-118.0143396,34.0820032,76.94,80.37,27.97,24.45,60.83,80.96,69.32,63.24
7791,Tulare ,93291,-119.2957398,36.3521706,91.05,98.66,77.21,62.45,17.54,44.14,60.28,90.94
5413,Orange ,92707,-117.860016,33.7284144,57.77,70.68,43.45,0.0,44.79,62.76,44.53,76.62
3165,Los Angeles,90063,-118.181318,34.052283,62.53,86.42,80.85,0.0,76.79,65.19,74.36,53.48
4816,Kern ,93304,-119.0269531,35.3035415,93.63,99.89,85.3,0.0,72.36,92.9,87.5,89.06
5074,Los Angeles,91306,-118.5688121,34.2046449,84.58,91.3,50.22,0.0,64.16,84.57,87.86,65.7
3820,San Diego,92113,-117.1018968,32.7027556,29.89,51.65,72.84,0.0,92.95,92.63,66.58,91.46
4653,Los Angeles,90037,-118.2893753,34.0145635,42.56,78.59,31.72,0.0,63.9,79.14,65.57,92.2
1245,Tulare ,93291,-119.299985,36.3302301,88.7,98.9,64.69,0.0,23.66,49.63,66.94,92.02
3583,Los Angeles,91325,-118.5317299,34.2247342,91.05,91.66,38.66,0.0,69.44,51.97,54.79,80.41
4369,Los Angeles,91401,-118.4410821,34.1784585,82.48,67.42,29.62,0.0,63.83,72.87,85.07,76.24
5358,Los Angeles,90731,-118.2923625,33.7397829,16.78,64.57,30.04,0.0,54.04,93.62,64.02,87.88
3721,Los Angeles,90019,-118.3423056,34.0427907,46.99,78.42,39.86,0.0,68.93,66.05,32.6,84.12
6350,Orange ,92805,-117.8977733,33.8506272,51.9,84.62,91.41,0.0,94.78,54.27,42.4,61.08
5503,Los Angeles,91702,-117.9041106,34.1275266,84.58,63.68,89.48,0.0,79.16,79.85,76.35,90.15
5920,Los Angeles,91342,-118.4613524,34.3088574,97.0,54.3,79.63,0.0,13.34,73.29,57.13,61.28
4264,Los Angeles,91402,-118.4519009,34.233609,93.63,63.61,57.39,0.0,65.69,90.85,89.77,98.63
6140,San Bernardino,91762,-117.6654013,34.0781089,84.58,97.7,54.71,0.0,89.53,77.7,87.71,56.85
9933,Orange ,92703,-117.878908,33.7432715,55.38,74.35,43.27,0.0,61.36,63.21,62.6,93.18
4469,Riverside ,92501,-117.3950678,33.9814743,95.27,91.38,73.08,0.0,62.6,88.17,92.82,47.11
4412,San Diego,91945,-117.0341068,32.7435374,37.78,50.32,78.07,0.0,72.66,85.43,60.94,89.06
4643,San Bernardino,91764,-117.6153156,34.078896,91.05,98.25,83.02,0.0,91.13,74.3,90.58,64.72
5727,San Joaquin,95205,-121.2438699,37.9376415,46.99,61.73,56.1,54.34,50.45,84.42,80.6,89.66
6573,Orange ,92870,-117.8750156,33.8579931,53.73,88.5,85.55,0.0,98.55,31.03,25.25,95.0
3705,Los Angeles,91766,-117.7362111,34.0260693,74.1,92.23,94.54,3.9,92.76,81.98,78.17,63.64
7084,Orange ,92801,-117.9521947,33.836176,48.45,80.76,79.83,0.38,96.9,65.53,73.9,72.58
3864,Los Angeles,91303,-118.5917267,34.2029146,82.48,70.96,48.56,0.0,75.58,77.29,64.82,81.49
12972,Kern ,93308,-119.0511858,35.4411814,91.05,99.0,38.05,75.34,37.5,82.35,89.0,73.2
95,Los Angeles,90012,-118.2393993,34.0786561,59.69,91.51,71.6,0.0,95.15,16.53,12.74,88.92
4752,Los Angeles,90723,-118.1644286,33.9089742,37.57,81.01,85.1,0.0,94.24,55.45,65.07,66.87
3900,Los Angeles,90029,-118.304794,34.0929287,59.69,78.83,93.73,0.0,89.68,41.25,44.69,85.01
6379,Orange ,92806,-117.8580732,33.8446052,55.38,85.26,56.68,0.0,98.58,61.38,40.99,62.07
6521,Contra Costa,94804,-122.3351024,37.9302081,3.12,37.88,90.94,0.0,70.14,97.07,57.75,84.21
7566,Los Angeles,91770,-118.0800883,34.0489168,70.52,76.73,68.82,49.21,74.54,43.48,41.75,77.81
5066,Los Angeles,91770,-118.0761336,34.0670912,72.55,76.35,80.91,0.0,91.1,37.61,32.6,63.52
3998,Los Angeles,91316,-118.5202503,34.1670182,82.48,92.21,89.37,36.66,99.01,77.38,54.75,65.28
4107,Tulare ,93618,-119.3924612,36.5293483,91.05,94.62,33.18,92.41,8.7,75.51,84.07,85.93
3705,Los Angeles,90006,-118.2878287,34.0457195,48.45,87.99,66.52,0.0,71.63,61.93,62.36,97.15
4329,Los Angeles,91406,-118.4847378,34.189727,88.7,89.91,46.7,0.0,67.28,84.25,86.24,95.24
5695,Los Angeles,90033,-118.1968646,34.0526028,59.69,89.5,74.42,0.0,81.35,58.55,51.26,86.38
5311,Los Angeles,90047,-118.3110714,33.9782833,35.16,76.1,30.9,0.0,50.75,98.54,87.41,73.89
2420,Los Angeles,91352,-118.3955564,34.2276073,93.63,59.86,87.03,0.0,96.0,81.89,67.12,52.53
2211,Los Angeles,90022,-118.155189,34.0294615,62.53,89.0,62.64,0.0,46.13,80.22,75.9,77.65
5094,Los Angeles,90805,-118.1926968,33.8563177,26.7,93.59,89.5,0.0,37.79,91.14,89.0,86.22
6849,Los Angeles,90022,-118.1479458,34.0278115,62.53,89.11,92.15,0.0,85.63,76.2,70.7,77.2
2962,Los Angeles,91202,-118.2746677,34.1584908,74.1,69.71,88.82,0.0,85.7,18.27,58.03,37.89
3707,Los Angeles,90044,-118.2861511,33.9692863,35.16,80.22,88.91,0.0,96.45,82.88,74.12,98.05
4536,Los Angeles,91744,-117.9134004,34.012323,69.32,87.53,64.83,0.0,16.25,70.73,68.92,64.72
4854,Alameda ,94577,-122.1661575,37.7167153,6.38,24.32,99.63,0.0,91.48,83.13,64.63,47.5
4760,Los Angeles,90303,-118.3393882,33.9343496,29.89,77.93,80.95,5.86,78.54,89.89,93.22,71.91
3503,Los Angeles,90255,-118.2164699,33.9745613,44.98,82.3,39.43,0.0,58.08,69.97,97.03,94.77
1931,Los Angeles,90255,-118.2082753,33.9742767,44.98,81.57,42.89,0.0,64.54,62.35,93.27,94.85
4858,Sacramento ,95670,-121.2771388,38.6063736,63.61,31.38,82.99,0.0,89.61,77.09,80.3,71.09
7912,Los Angeles,91335,-118.5273253,34.1974433,88.7,97.73,35.63,0.0,60.86,83.74,89.29,75.3
4858,Los Angeles,91767,-117.7464275,34.0844486,79.99,93.06,84.09,0.0,77.48,84.58,76.65,50.85
6796,Yolo ,95605,-121.5170147,38.5922085,46.99,37.52,41.92,27.76,14.93,87.66,93.34,76.98
4478,Los Angeles,90706,-118.1198534,33.8860491,37.57,70.28,71.33,0.0,47.65,71.09,78.84,80.41
6285,Contra Costa,94572,-122.2538488,38.0481856,11.56,34.15,77.0,0.0,82.94,92.82,74.36,60.79
6922,Los Angeles,90250,-118.339504,33.9128073,29.89,84.21,58.69,14.48,68.4,83.85,86.75,70.84
7903,San Bernardino,92311,-117.0264601,34.8906325,78.01,21.62,86.65,36.0,60.39,99.88,100.0,90.15
4646,Los Angeles,90029,-118.2881169,34.0887621,56.96,83.35,61.05,0.0,51.69,78.61,81.21,85.44
5398,San Francisco,94124,-122.4017602,37.7351925,6.38,28.8,99.13,28.34,91.39,96.44,45.8,54.95
4862,Los Angeles,90640,-118.1154765,34.0153528,62.53,86.15,45.44,41.62,56.48,66.03,79.89,68.94
7116,Los Angeles,90262,-118.2061463,33.9338474,37.57,79.93,66.65,0.0,43.18,65.23,71.77,97.41
6345,Fresno ,93654,-119.4549129,36.5869962,88.7,95.62,21.46,94.93,6.35,80.55,86.99,78.77
2383,Los Angeles,90029,-118.2939076,34.0931674,57.77,79.07,80.8,0.0,62.16,36.94,43.08,87.5
5658,San Diego,92105,-117.0732171,32.7297628,32.26,49.92,85.13,0.0,77.7,46.59,12.15,88.53
4508,San Bernardino,92404,-117.2817187,34.1445254,100.0,56.63,58.97,0.0,71.71,95.11,89.34,83.87
4903,Los Angeles,91744,-117.9298385,34.013937,69.32,87.42,38.32,0.0,65.61,80.72,81.64,81.49
5367,Los Angeles,90032,-118.1646555,34.0865636,66.81,75.17,32.63,0.0,27.08,68.92,51.61,71.42
3885,Los Angeles,91335,-118.5281458,34.1831957,84.58,96.71,34.92,47.38,52.74,68.84,63.05,45.36
7666,Los Angeles,90260,-118.35763,33.894766,29.89,79.86,83.92,26.86,95.3,71.37,62.6,80.78
5000,Los Angeles,91356,-118.5383656,34.1767231,82.48,93.89,90.82,0.0,99.03,53.85,40.42,72.74
4288,Los Angeles,91205,-118.2320864,34.1454079,71.66,67.55,87.43,0.0,89.78,46.82,78.5,66.11
3354,Los Angeles,91406,-118.507196,34.1948951,88.7,94.16,31.71,57.17,59.65,78.18,78.12,47.5
5434,Yuba ,95961,-121.5826165,39.0999148,42.56,25.5,31.15,87.59,54.03,44.6,94.63,96.23
3528,Los Angeles,91331,-118.4224647,34.2579043,97.0,59.23,60.96,0.0,17.84,86.29,56.46,77.99
6449,Tulare ,93257,-119.0241104,36.0867011,82.48,93.99,20.22,69.59,41.53,71.09,91.55,87.5
4366,Fresno ,93727,-119.7091535,36.7395013,88.7,97.13,48.8,15.62,48.89,88.52,72.06,96.55
4395,Kern ,93203,-118.8196449,35.201848,93.63,63.4,44.75,78.03,3.95,44.17,81.7,99.64
4013,San Bernardino,92410,-117.2844304,34.1092386,100.0,57.56,35.96,0.0,21.65,97.27,60.12,99.13
4897,Contra Costa,94801,-122.3518215,37.9402568,3.83,38.54,98.78,4.0,20.18,98.74,74.12,81.14
5857,San Bernardino,92376,-117.3605165,34.1002723,98.67,74.1,53.48,0.0,41.08,84.16,95.44,69.35
5686,Los Angeles,90650,-118.07318,33.9087246,46.99,73.81,90.12,0.0,81.05,66.34,93.77,79.13
4820,San Bernardino,92395,-117.3009281,34.535916,82.48,10.27,93.9,0.0,77.54,91.28,97.27,98.25
5710,Los Angeles,91746,-117.9767958,34.0437456,74.1,81.23,61.59,0.0,30.64,58.18,67.15,50.24
3657,Los Angeles,90033,-118.2050757,34.0436195,56.96,89.56,75.83,0.0,47.21,78.48,65.49,94.07
4638,Los Angeles,90019,-118.3206759,34.0435631,46.99,81.19,50.21,0.0,43.51,77.69,51.26,91.13
5725,Sacramento ,95824,-121.4600558,38.5176604,39.99,36.55,95.52,0.0,89.84,89.02,81.97,99.36
5106,Los Angeles,91601,-118.3701944,34.1666765,78.01,62.41,74.5,0.0,51.94,72.38,66.54,73.42
7421,Imperial ,92227,-115.544002,32.9875564,32.15,39.19,24.16,79.52,35.1,97.74,87.41,91.32
6078,San Diego,91950,-117.0970458,32.6738101,26.7,51.74,82.78,0.0,24.46,85.03,77.12,86.86
2258,San Joaquin,95206,-121.302748,37.9206017,46.99,54.85,63.09,73.97,85.15,93.18,88.11,98.86
9278,Contra Costa,94565,-121.9443678,38.0232458,32.15,32.97,69.93,0.0,83.15,97.88,88.42,57.3
7003,Alameda ,94577,-122.1898921,37.7097451,6.38,26.97,93.5,0.0,84.01,82.13,58.29,49.12
8416,San Bernardino,92410,-117.2661895,34.1032656,100.0,57.14,61.8,0.0,18.68,74.09,81.32,98.23
6006,Los Angeles,90037,-118.2981841,33.9974228,39.99,76.37,29.46,0.0,53.28,89.06,74.08,87.39
6311,Los Angeles,90250,-118.3657428,33.9067458,29.89,79.69,88.48,33.66,98.98,83.85,86.75,35.15
2892,Los Angeles,90007,-118.2923015,34.0306568,44.98,84.94,93.47,0.0,65.34,54.06,67.81,95.99
2280,San Joaquin,95205,-121.2768386,37.9626057,44.98,71.79,72.27,0.0,20.94,93.28,96.73,96.09
5396,Los Angeles,90062,-118.3108266,34.0072777,39.99,76.08,32.41,0.0,57.23,97.01,92.82,76.11
1963,Kern ,93263,-119.1781809,35.5027102,84.58,98.17,23.9,95.03,18.24,73.01,82.74,68.0
9384,Tulare ,93647,-119.2875202,36.5436858,93.63,90.02,35.61,87.31,7.2,63.0,70.0,96.23
6049,Kern ,93305,-118.9753831,35.377139,93.63,99.68,53.93,0.0,16.24,90.15,71.71,99.89
3179,Fresno ,93703,-119.763479,36.7759433,82.48,97.19,37.96,0.0,27.09,95.69,62.1,87.09
5659,Los Angeles,90302,-118.3411003,33.9771678,35.16,73.84,41.16,0.0,47.29,87.81,70.38,79.31
4957,Los Angeles,90660,-118.0968738,33.976375,56.96,86.94,55.3,17.76,72.65,70.18,91.8,54.23
2800,Los Angeles,91324,-118.5416703,34.2255624,91.05,91.87,36.34,0.0,75.08,62.87,65.39,48.58
6479,San Diego,92105,-117.1080241,32.7281564,32.15,50.49,92.78,0.0,96.15,81.56,60.94,79.99
2292,San Joaquin,95205,-121.2685355,37.9651247,44.98,70.65,88.38,0.0,20.89,93.28,96.73,97.88
3775,Los Angeles,90022,-118.1623741,34.0238371,59.69,88.16,93.39,0.0,34.36,80.22,75.9,87.94
7286,Orange ,92802,-117.9020305,33.79754,51.9,78.01,82.95,0.0,83.59,47.69,27.33,94.33
8061,Fresno ,93662,-119.6260162,36.5935943,88.7,97.55,59.18,88.79,22.79,96.82,84.8,74.97
4847,Los Angeles,90303,-118.3395043,33.9415861,29.89,77.93,71.77,0.0,28.71,91.63,95.18,86.86
5063,Los Angeles,91732,-118.019896,34.0708986,76.94,81.71,59.0,0.0,93.16,67.78,50.64,93.12
7424,Kern ,93304,-119.0303423,35.3322843,93.63,99.9,53.91,0.0,65.68,96.66,96.82,88.73
2289,Alameda ,94607,-122.2814825,37.8173716,3.12,50.03,87.55,0.0,24.89,95.46,28.61,71.09
4754,San Diego,92113,-117.1134902,32.6986004,29.89,51.11,66.5,0.0,58.11,94.73,73.47,92.73
4711,Los Angeles,90016,-118.3401928,34.0278406,42.56,76.3,65.7,0.0,53.16,91.29,72.25,79.31
4254,Orange ,92805,-117.9187306,33.846685,51.9,85.0,87.84,0.0,90.55,63.92,58.21,82.36
9505,Merced ,95341,-120.5557004,37.322387,72.55,75.23,59.37,95.66,33.63,85.58,94.29,68.83
2369,Tulare ,93646,-119.2556351,36.6023032,93.63,69.87,11.85,85.62,0.79,60.58,65.94,97.53
7547,Los Angeles,90806,-118.197509,33.7998434,20.85,63.34,48.16,0.0,45.14,93.32,89.38,67.85
5172,Los Angeles,90805,-118.1623214,33.8571712,29.89,74.95,52.69,0.0,45.19,87.67,77.64,77.41
4482,Los Angeles,90650,-118.0648469,33.9126443,48.45,74.23,81.48,0.0,88.19,56.42,84.9,31.73
4821,Riverside ,92236,-116.165725,33.6774083,88.7,8.18,56.84,85.83,20.45,63.48,84.9,94.13
3795,Riverside ,92553,-117.2406622,33.9354567,98.67,61.27,78.11,0.0,66.28,75.04,91.1,91.04
5721,San Bernardino,92404,-117.2682467,34.1303051,100.0,56.47,29.87,0.0,35.41,96.32,96.49,89.94
2911,Los Angeles,91402,-118.4472671,34.2407688,95.27,64.98,77.2,0.0,49.24,80.12,69.52,77.58
3263,Riverside ,92880,-117.5993419,33.892232,75.36,91.61,93.54,0.0,98.23,28.83,70.68,82.73
4273,Fresno ,93706,-119.9430164,36.580566,77.03,86.07,23.07,95.72,1.58,88.36,66.77,87.3
3254,San Bernardino,92335,-117.4357865,34.0993753,97.0,89.26,78.98,0.0,41.21,63.24,78.5,92.83
3359,Los Angeles,93534,-118.1407,34.7127333,88.7,7.19,22.96,0.0,17.66,99.31,92.62,89.51
6257,Contra Costa,94565,-121.8917858,38.0264843,35.16,29.26,51.76,0.0,23.65,97.88,88.42,75.11
2635,Kern ,93249,-119.7746623,35.6497752,70.67,52.12,6.86,85.76,4.11,24.07,66.15,96.43
6404,San Bernardino,92407,-117.347706,34.1657154,99.07,60.0,64.09,0.0,33.18,82.24,92.21,75.72
4995,San Bernardino,92404,-117.2514331,34.1456763,100.0,55.44,46.07,0.0,70.03,96.32,96.49,94.23
4226,San Bernardino,92335,-117.4469078,34.1029542,97.0,90.8,84.38,0.0,49.7,65.39,80.57,84.7
4171,San Diego,92102,-117.1381401,32.708456,29.89,51.24,92.59,0.0,7.46,82.42,39.46,95.5
2224,Los Angeles,90029,-118.2865853,34.0923345,57.77,80.11,59.34,0.0,51.78,78.61,81.21,79.82
4321,Riverside ,92509,-117.4511075,34.008501,95.27,94.37,97.13,26.1,66.48,65.94,76.96,71.97
4135,Solano ,94592,-122.3302426,38.1293945,14.92,36.52,48.48,14.79,77.59,99.41,85.57,52.53
4175,Los Angeles,90813,-118.1704604,33.7858671,20.85,64.52,59.13,0.0,55.46,95.03,96.76,93.98
4230,Orange ,92707,-117.8625381,33.7086987,56.96,70.73,86.37,39.83,93.84,59.41,40.75,53.87
4810,Riverside ,92509,-117.44041,34.0234351,95.27,93.74,74.08,16.1,84.39,62.28,72.67,56.22
6153,Fresno ,93722,-119.8544515,36.7971891,79.99,96.14,83.4,12.0,65.56,79.39,29.65,80.78
6919,Los Angeles,91303,-118.5916957,34.1924692,82.48,74.92,61.47,63.41,69.91,88.25,82.35,60.21
6985,Alameda ,94601,-122.2192819,37.7777848,3.12,39.38,91.8,0.0,20.95,97.16,61.9,88.09
3868,San Diego,92020,-116.9711319,32.8149714,60.93,46.83,89.46,8.83,48.0,62.96,63.83,49.55
1719,Los Angeles,91706,-117.9659888,34.0671875,75.12,77.86,76.33,30.59,94.46,62.61,46.59,67.01
2377,San Joaquin,95240,-121.2583284,38.1434699,48.45,53.62,82.48,67.79,36.31,66.13,74.7,73.63
2542,Los Angeles,90303,-118.3307594,33.9416202,29.89,77.5,54.84,6.1,35.21,90.13,93.23,92.51
3914,Los Angeles,90026,-118.2572428,34.0726632,56.96,90.38,90.86,0.0,92.15,63.7,60.59,33.54
4183,Los Angeles,91304,-118.6016952,34.217634,82.48,61.02,70.13,0.0,65.43,77.83,69.59,98.72
2632,Los Angeles,90028,-118.329714,34.1033578,63.29,76.94,89.62,0.0,81.75,53.29,38.87,84.91
5358,Kings ,93230,-119.7178905,36.3278538,82.48,97.8,23.09,84.9,19.26,95.94,99.45,74.56
3042,Los Angeles,90249,-118.3208781,33.8993747,26.7,80.81,39.7,0.0,54.29,87.45,82.96,39.21
5039,San Bernardino,92354,-117.2682416,34.0556845,100.0,64.26,92.83,64.83,81.89,30.53,31.29,84.12
4811,Kings ,93212,-119.5542173,36.119739,82.48,92.66,16.17,87.48,2.84,66.5,90.58,98.05
11517,Kern ,93250,-119.2425798,35.6738272,82.48,96.68,61.85,81.93,23.8,68.69,98.55,94.5
2914,Los Angeles,90005,-118.2903562,34.0597622,50.54,86.22,94.25,0.0,53.99,33.08,38.11,94.5
5539,Merced ,95301,-120.579253,37.3545046,74.1,76.7,18.16,89.79,7.23,76.47,91.03,76.62
3617,Los Angeles,90247,-118.3062127,33.8840986,24.88,76.44,59.27,0.0,38.38,82.4,62.6,60.79
2148,Los Angeles,90026,-118.2658492,34.0619781,51.9,89.98,72.25,0.0,63.31,33.96,7.89,96.93
5208,Los Angeles,90802,-118.1952012,33.7723157,20.85,67.59,98.98,0.0,33.01,86.52,70.6,71.42
6227,Imperial ,92243,-115.561293,32.7984899,60.66,21.92,70.89,54.03,54.33,92.8,88.27,90.94
3564,Los Angeles,90026,-118.2571856,34.0832,59.69,89.27,69.31,0.0,96.49,52.92,45.2,72.58
4634,Los Angeles,93534,-118.1419762,34.69644,88.7,8.48,30.28,0.0,39.53,99.31,92.62,96.23
5788,San Bernardino,91764,-117.62795,34.0845072,88.7,98.62,97.31,0.0,94.76,64.79,81.64,89.94
5345,Fresno ,93705,-119.8352485,36.7829438,82.48,96.44,76.95,0.0,19.18,98.5,67.93,97.47
10714,Orange ,92805,-117.9110844,33.8361368,51.9,82.56,84.43,0.0,47.49,70.08,64.46,83.87
4165,Los Angeles,90813,-118.1886964,33.7789685,20.85,66.5,69.65,0.0,34.74,95.89,98.31,89.87
4363,Los Angeles,91766,-117.7335433,34.039394,74.1,92.26,60.17,2.48,11.64,82.04,78.25,80.78
7150,Los Angeles,90660,-118.0983071,34.0000986,60.93,85.03,51.9,0.0,57.38,66.4,87.71,54.15
6478,Los Angeles,90745,-118.2697206,33.8293509,20.85,77.52,79.08,0.0,38.76,76.63,82.71,37.64
4408,Los Angeles,91606,-118.4146718,34.193033,84.58,62.6,45.07,0.0,65.48,59.11,62.84,80.95
6869,Los Angeles,90301,-118.3482313,33.9490818,29.89,79.55,66.75,17.72,58.09,87.69,75.9,93.25
7359,Sacramento ,95821,-121.4079426,38.6191125,53.73,41.01,56.54,0.0,71.83,96.85,71.77,96.09
6926,Fresno ,93727,-119.6911738,36.7433669,88.7,96.27,66.21,57.03,40.65,88.52,72.06,73.89
5417,Ventura ,93033,-119.1490764,34.140882,26.7,24.83,47.42,99.62,22.63,48.31,63.31,66.87
3027,Los Angeles,90057,-118.2770843,34.059675,51.9,88.46,71.74,0.0,54.55,81.97,85.68,90.53
3318,Sacramento ,95823,-121.4394836,38.5002139,39.99,35.13,76.79,0.0,81.98,89.77,78.28,87.76
4778,Los Angeles,91335,-118.5571125,34.196082,84.58,94.79,37.42,0.0,66.84,74.23,77.37,60.45
6744,Los Angeles,91744,-117.9466049,34.0211007,71.66,86.99,84.28,0.0,52.54,80.72,81.64,57.79
3046,Fresno ,93727,-119.7272939,36.7539654,88.7,97.1,33.9,0.0,73.38,85.37,65.2,95.58
3135,Stanislaus ,95380,-120.8421053,37.4839984,74.1,93.27,70.52,82.34,15.68,84.01,97.26,85.68
3409,Los Angeles,90022,-118.1615136,34.0298023,60.66,87.06,85.25,0.0,27.51,80.22,75.9,83.87
8542,Riverside ,92509,-117.4234617,34.0003286,95.27,94.41,89.68,6.97,74.79,65.94,76.96,92.2
2239,Los Angeles,90004,-118.294113,34.0745209,53.73,84.77,87.21,0.0,58.41,65.09,64.12,76.62
7486,Tulare ,93618,-119.4459533,36.5281824,91.05,94.13,26.97,96.1,10.68,66.49,68.2,90.3
8947,San Joaquin,95330,-121.3027448,37.8446844,57.06,53.23,53.54,84.45,56.44,69.38,54.91,45.36
5531,San Bernardino,92376,-117.3642213,34.1129611,98.67,71.14,49.73,0.0,49.59,84.16,95.44,78.2
6177,Los Angeles,90805,-118.1729332,33.8561559,26.7,79.48,32.23,0.0,44.41,89.31,85.52,56.85
3761,Kern ,93250,-119.2157446,35.6752697,82.48,97.92,49.62,79.86,32.53,68.69,98.55,97.05
6624,Los Angeles,90650,-118.0880792,33.9054717,44.98,73.15,46.8,11.52,40.85,66.34,93.77,74.7
7209,Fresno ,93630,-120.0422516,36.7349023,72.55,85.71,27.11,92.83,15.83,62.52,68.89,94.43
2637,Los Angeles,90007,-118.2769037,34.0316495,44.98,85.24,99.43,0.0,97.33,41.13,37.18,98.67
5329,Stanislaus ,95367,-120.9283662,37.7231477,67.9,54.71,42.68,64.28,6.64,61.1,67.21,75.3
4813,San Bernardino,92410,-117.2523402,34.1157592,100.0,57.1,44.12,0.0,16.96,89.67,94.9,93.56
5329,Contra Costa,94565,-121.8936219,38.0214503,35.16,32.84,81.14,0.0,68.84,97.88,88.42,71.71
5258,Los Angeles,91203,-118.2596966,34.1556466,71.66,69.12,92.03,0.0,84.98,33.25,72.41,59.08
6289,Los Angeles,90501,-118.30513,33.8308864,22.19,73.02,73.15,0.0,54.44,65.27,45.61,58.62
3662,San Bernardino,91786,-117.6426056,34.0904613,88.7,98.51,98.74,0.0,90.3,76.98,87.94,68.48
3791,Fresno ,93727,-119.7273086,36.7395376,88.7,97.62,28.25,0.0,32.89,78.78,53.5,98.54
1734,Riverside ,92223,-116.9768263,33.9269395,98.67,47.08,89.01,23.66,78.15,69.03,94.68,91.91
3262,San Bernardino,92311,-117.0458056,34.8973677,78.01,16.42,79.25,0.0,21.33,99.88,100.0,98.74
3383,Santa Clara,95133,-121.8661537,37.3583881,20.85,35.76,91.5,0.0,91.0,73.54,53.39,78.45
4817,Contra Costa,94806,-122.3524853,37.9542763,6.38,39.99,92.28,29.17,40.78,92.95,74.89,78.77
4941,Los Angeles,91776,-118.0990697,34.0741046,71.66,73.78,92.72,0.0,97.66,42.0,37.3,83.66
2141,Los Angeles,90255,-118.1910856,33.9845559,48.45,81.14,76.44,0.0,42.14,43.28,72.92,82.14
4427,Los Angeles,90602,-118.0408524,33.9717393,62.53,77.22,58.2,0.0,64.31,84.46,89.53,86.22
4446,Los Angeles,90057,-118.2779829,34.069709,53.73,88.21,73.91,0.0,57.45,48.04,41.24,75.84
3449,Los Angeles,90004,-118.2881064,34.0800134,55.38,87.36,96.07,0.0,92.56,55.46,51.35,83.04
1905,Los Angeles,91505,-118.3492638,34.2098714,88.7,62.51,92.99,0.0,93.74,28.24,9.53,70.34
5703,Stanislaus ,95307,-120.9450461,37.5877211,72.55,59.19,90.3,84.24,71.35,61.71,82.54,81.07
3891,Orange ,92805,-117.9095108,33.8251532,51.9,82.76,76.73,0.0,39.65,70.08,64.46,81.49
4246,Merced ,93635,-120.9829041,36.9556144,55.38,12.05,19.15,80.83,54.84,93.02,67.57,69.35
3557,Los Angeles,90805,-118.191734,33.8493201,24.88,89.81,41.56,0.0,62.13,91.14,89.0,67.68
6910,Imperial ,92227,-115.5527364,32.9645537,37.78,38.42,42.84,85.86,35.04,97.71,87.33,67.45
4352,Los Angeles,91405,-118.4618228,34.1974926,88.7,72.98,47.02,0.0,76.53,94.82,89.82,70.84
5185,San Joaquin,95204,-121.347405,37.9661183,44.98,53.71,74.15,57.93,50.46,84.91,67.7,75.98
5082,Los Angeles,90744,-118.271694,33.7865877,20.85,67.98,83.67,42.24,15.5,83.0,92.82,91.13
7927,Sacramento ,95838,-121.459252,38.6327403,53.73,35.66,40.62,0.24,83.65,96.78,97.05,90.05
6650,Riverside ,92509,-117.4882782,34.0225503,95.27,95.51,88.8,0.0,77.49,39.49,45.8,70.67
2312,Fresno ,93654,-119.4571017,36.6073772,88.7,95.87,48.34,91.28,6.56,80.55,86.99,89.87
4993,Kern ,93304,-119.0288352,35.3179748,93.63,99.93,95.56,0.0,73.94,94.09,89.53,84.91
3949,Los Angeles,91206,-118.2505278,34.1491687,70.28,68.38,99.5,0.0,56.34,39.11,75.22,63.64
5011,Los Angeles,91352,-118.3719094,34.2107757,88.7,60.75,48.59,0.0,20.16,72.23,55.0,72.58
5470,San Diego,91950,-117.0964015,32.6663314,26.7,51.52,79.69,0.0,19.01,85.03,77.12,88.92
5167,Los Angeles,90301,-118.3475932,33.9565607,32.15,79.55,72.58,0.0,51.79,91.66,84.8,68.27
5610,Los Angeles,90805,-118.1809849,33.8569402,26.7,88.49,60.15,0.0,38.96,91.14,89.0,74.28
6451,Stanislaus ,95351,-121.0267937,37.6150481,70.28,55.42,14.87,63.59,14.03,90.73,78.02,97.25
4373,Riverside ,92509,-117.4868554,33.9745825,93.63,96.29,42.9,72.97,51.38,61.73,73.03,86.62
3978,Los Angeles,90057,-118.2700929,34.0595681,51.9,88.99,72.22,0.0,61.63,58.99,24.44,99.62
7716,Santa Clara,95112,-121.8750532,37.3294823,20.85,37.13,95.13,0.79,79.25,72.98,39.71,80.28
5203,Los Angeles,90650,-118.1046032,33.9105501,42.56,76.58,95.48,41.0,93.24,66.34,93.77,46.18
6686,Los Angeles,91335,-118.5382539,34.214735,88.7,94.47,64.74,0.0,61.11,80.27,85.57,73.2
3638,Los Angeles,91706,-117.9569613,34.0762599,76.94,76.17,73.44,16.62,82.26,63.55,48.92,52.11
2936,Kern ,93305,-118.9720353,35.3874473,93.63,99.49,63.22,0.0,30.6,94.2,81.39,97.75
7001,Los Angeles,90404,-118.4657238,34.0274538,50.54,68.65,96.34,0.0,85.05,56.9,30.8,61.55
4169,San Diego,91950,-117.1041616,32.6804224,29.89,51.82,84.59,0.0,25.8,81.56,70.05,82.73
4207,Los Angeles,90201,-118.1791444,33.9752181,48.45,79.6,37.77,0.0,61.1,62.08,96.68,87.63
3900,San Diego,91950,-117.0941732,32.6599903,26.7,51.49,71.9,0.0,52.14,85.03,77.12,74.56
5549,Tulare ,93257,-118.9780019,36.0952673,84.58,70.01,5.38,77.34,3.68,61.12,83.64,85.44
12169,Fresno ,93725,-119.7181677,36.711099,88.7,97.59,23.97,87.55,26.01,86.53,56.54,65.7
3700,San Mateo,94080,-122.4064157,37.6618027,10.57,27.47,83.6,0.0,84.21,70.83,51.1,72.4
3136,Los Angeles,90255,-118.2216728,33.971185,42.56,82.12,37.5,0.0,48.73,69.97,97.03,81.49
4016,Los Angeles,90018,-118.3024156,34.0309167,44.98,81.38,92.87,0.0,62.86,71.61,64.69,88.62
7406,Fresno ,93640,-120.5773805,36.626297,62.73,37.81,15.22,86.66,10.31,87.92,57.61,99.27
5767,Orange ,92703,-117.889227,33.7435528,53.73,74.35,51.65,0.0,57.16,68.34,69.69,79.13
3993,Los Angeles,91744,-117.9468466,34.0323937,71.66,86.25,65.6,0.0,50.98,80.72,81.64,71.55
7302,Los Angeles,90260,-118.348246,33.8815498,26.7,78.74,91.77,0.0,93.36,75.9,68.98,65.93
7401,San Diego,91950,-117.096668,32.684033,29.89,51.82,83.1,0.0,66.68,75.22,57.17,86.38
7702,San Diego,92113,-117.1528082,32.7037376,29.89,51.91,97.92,0.0,34.63,75.34,27.07,84.95
980,Fresno ,93622,-120.6584593,36.8689002,62.76,44.93,12.57,91.72,3.38,85.39,73.78,88.18
6998,Tulare ,93615,-119.259301,36.4957832,93.63,82.64,19.89,87.76,2.56,53.55,57.49,94.8
4569,Los Angeles,91340,-118.4160998,34.2865005,97.0,56.39,80.11,0.0,72.86,67.68,25.6,83.87
5354,Fresno ,93234,-120.0929305,36.3151701,75.36,50.78,19.66,96.72,2.85,57.76,88.72,99.54
11304,Contra Costa,94806,-122.3542717,37.9923334,7.52,37.24,60.05,8.9,26.58,93.38,78.94,35.75
4852,Los Angeles,91732,-118.0052966,34.0814708,78.01,75.38,87.14,23.76,57.21,73.08,57.96,68.0
6734,Los Angeles,91340,-118.4458616,34.2821477,97.0,57.25,80.2,0.0,25.51,83.29,50.09,73.2
7200,Los Angeles,90250,-118.3695802,33.9231962,29.89,77.1,97.54,7.72,86.55,64.57,65.57,45.97
1129,Los Angeles,93535,-117.956249,34.7083865,88.7,5.12,1.38,94.45,1.44,98.79,94.62,60.9
3669,Los Angeles,90601,-118.0474017,33.9819778,63.29,75.53,62.07,0.0,24.81,60.56,82.98,66.11
3710,Los Angeles,90744,-118.2658196,33.7868323,20.85,67.21,59.7,44.1,32.51,83.0,92.82,71.71
3015,Los Angeles,90006,-118.2978915,34.0508743,48.45,85.14,57.81,0.0,69.29,61.93,62.36,81.14
6833,Los Angeles,90037,-118.2979984,33.9920924,37.57,76.85,43.01,0.0,46.54,84.68,68.32,81.36
2542,Los Angeles,90605,-118.0432662,33.9202427,51.9,75.74,56.28,0.0,37.45,53.08,82.96,75.52
4068,Los Angeles,91502,-118.3112874,34.1710001,76.94,69.23,93.58,0.0,83.85,39.77,53.39,60.01
4901,Fresno ,93704,-119.7950446,36.7722645,82.48,96.99,52.86,0.0,69.16,90.74,43.87,87.3
2431,San Diego,91911,-117.0802103,32.5966578,26.7,62.2,84.36,0.0,71.73,70.66,46.06,86.07
5226,Los Angeles,90255,-118.207662,33.9677268,44.98,81.57,34.81,0.0,49.06,69.97,97.03,76.43
6006,San Bernardino,91764,-117.6199919,34.0670436,88.7,97.87,88.96,0.0,52.59,51.67,68.32,77.81
2880,Los Angeles,90301,-118.357722,33.962383,35.16,73.96,78.59,0.0,33.83,92.42,86.83,83.42
7329,Los Angeles,90650,-118.0760625,33.9237304,50.54,74.39,81.99,0.0,82.18,55.42,83.77,57.14
3021,Tulare ,93257,-119.0322513,36.0713873,82.48,97.22,37.71,0.0,46.89,71.09,91.55,93.25
4582,Los Angeles,90241,-118.156034,33.9440174,44.98,78.9,51.26,0.0,57.04,37.97,69.67,57.3
2175,Los Angeles,90602,-118.0349208,33.9698819,62.53,72.25,60.04,0.0,64.64,84.46,89.53,76.98
2778,San Bernardino,92410,-117.2698942,34.1157719,100.0,56.98,49.58,0.0,21.48,77.41,72.62,89.76
6609,Los Angeles,90250,-118.3319132,33.9001056,26.7,80.82,55.01,72.79,64.85,82.63,79.71,64.17
2479,Los Angeles,91352,-118.3841883,34.2375326,95.27,58.54,58.94,0.0,57.41,66.79,45.08,75.72
4951,San Bernardino,92376,-117.3520799,34.1242645,99.07,67.03,35.67,0.0,61.73,83.51,95.0,64.37
3661,San Francisco,94124,-122.3900882,37.7215929,6.38,32.79,99.76,23.07,10.16,96.44,45.8,69.35
6441,Stanislaus ,95350,-121.0204403,37.6627736,69.32,57.59,83.9,47.28,69.1,90.23,75.72,72.63
8682,San Bernardino,92335,-117.4800188,34.0955973,97.0,91.13,60.2,0.0,12.86,66.76,81.52,76.98
2323,Los Angeles,90032,-118.1774624,34.0726971,64.73,77.41,39.46,0.0,33.9,72.71,56.12,62.35
4798,Riverside ,92505,-117.4977413,33.9589888,91.05,93.94,19.96,71.86,77.89,41.9,54.71,69.56
3684,Los Angeles,90063,-118.1886037,34.0432749,59.69,88.24,78.53,0.0,13.14,65.19,74.36,77.06
4549,San Francisco,94124,-122.3844982,37.734492,6.38,32.01,63.42,20.24,9.39,96.44,45.8,79.82
7225,Los Angeles,93535,-118.1206518,34.6836304,88.7,8.72,34.82,0.0,44.21,99.02,96.27,81.91
3477,San Bernardino,91761,-117.6470474,34.0429101,82.48,96.54,92.73,7.45,18.36,41.25,53.61,85.77
11456,Imperial ,92231,-115.4952025,32.6969128,65.72,48.7,30.14,89.48,8.75,68.47,89.38,72.09
5549,Solano ,94534,-122.0693691,38.2204068,22.19,26.96,37.36,64.03,59.29,95.28,67.93,64.03
2948,Los Angeles,90026,-118.2655482,34.0808254,56.96,88.79,62.9,0.0,97.65,63.7,60.59,68.48
4906,Los Angeles,91402,-118.4547256,34.2369427,95.27,64.98,86.63,0.0,58.9,89.28,86.24,74.87
3788,Riverside ,92201,-116.2278745,33.7209537,88.7,10.28,86.94,0.0,37.46,67.47,74.58,94.5
6089,Orange ,92703,-117.9006509,33.752863,51.9,73.48,60.36,0.0,58.89,43.89,36.05,77.2
5568,San Mateo,94063,-122.2138224,37.484753,10.57,12.93,88.3,0.0,88.06,86.09,54.49,70.44
4040,Los Angeles,90260,-118.3481442,33.8909804,26.7,80.02,71.65,0.0,64.43,76.96,69.82,68.27
3194,Los Angeles,90007,-118.2799814,34.0351392,46.99,87.7,99.42,0.0,98.28,50.4,60.33,95.68
4471,Los Angeles,91770,-118.0708948,34.0859512,74.1,70.52,84.56,43.76,60.59,34.68,29.65,67.01
4912,Riverside ,92220,-116.8279566,33.9346407,97.1,14.56,7.8,41.79,84.26,93.12,99.44,85.5
4439,San Joaquin,95337,-121.2235218,37.7885222,57.77,55.46,70.62,37.34,73.93,83.64,91.21,58.79
6161,Tulare ,93207,-118.9866017,35.8807557,84.58,88.51,10.02,81.97,2.45,74.78,67.93,90.69
4658,San Bernardino,91764,-117.6247116,34.0745733,88.7,98.02,95.25,0.0,96.13,74.3,90.58,48.03
4066,Los Angeles,90723,-118.1515696,33.899999,37.57,75.64,62.13,0.0,51.4,64.29,74.89,51.57
5245,Los Angeles,91402,-118.4412802,34.2278369,93.63,63.93,25.66,0.0,70.45,87.46,82.76,54.95
7004,Sacramento ,95838,-121.4385656,38.6441696,56.96,36.32,70.35,13.45,54.86,98.32,98.88,82.36
4765,Los Angeles,90057,-118.2691298,34.0637659,53.73,89.98,79.3,0.0,66.71,44.52,35.09,97.47
5700,Los Angeles,91706,-117.9770768,34.0971898,79.99,73.11,66.4,0.0,71.78,76.12,65.07,51.75
8712,Merced ,95322,-120.9591276,37.2000819,62.55,47.02,15.94,85.14,17.88,89.71,63.4,76.11
909,Los Angeles,90045,-118.3743486,33.9490354,32.15,82.23,93.94,0.0,90.41,24.34,23.47,79.55
4037,San Diego,92020,-116.9691572,32.7904464,59.69,48.62,74.59,0.0,31.18,63.82,64.61,96.72
5328,Los Angeles,90280,-118.2033667,33.9476027,39.99,80.2,53.19,0.0,39.83,59.56,82.29,90.15
3685,Los Angeles,90221,-118.196493,33.9012219,35.16,84.02,32.31,0.0,46.18,90.91,97.1,84.33
3349,Kern ,93308,-119.0170134,35.4294346,93.63,99.23,65.89,0.0,15.08,82.35,89.0,86.97
4113,Los Angeles,90249,-118.3134339,33.8934711,26.7,80.44,56.13,0.0,52.45,76.41,64.33,63.02
6223,San Bernardino,91763,-117.6940864,34.0536544,79.99,94.34,51.82,45.24,18.81,50.34,54.44,66.43
2521,Los Angeles,90020,-118.292902,34.067232,51.9,85.92,89.14,0.0,75.51,60.03,70.66,94.26
7837,San Bernardino,91763,-117.7146207,34.0524327,76.94,93.35,60.77,44.24,11.1,54.62,46.59,81.21
6750,Los Angeles,91201,-118.2886611,34.1723661,76.94,68.43,64.6,0.0,35.43,31.9,57.17,76.62
3727,Los Angeles,91770,-118.0708582,34.0766629,74.1,73.59,97.22,29.14,88.98,43.53,41.75,51.75
7767,Los Angeles,90044,-118.2991423,33.9426036,29.89,82.17,29.52,0.0,64.53,92.1,78.84,95.99
5415,Los Angeles,90723,-118.153083,33.8851416,35.16,79.2,53.98,0.0,48.09,60.41,68.82,71.55
5777,San Bernardino,92376,-117.3923222,34.1250104,98.67,72.3,60.54,0.0,33.7,83.64,95.13,61.91
6773,Los Angeles,90723,-118.1514235,33.8928037,35.16,76.71,72.78,0.0,50.58,56.17,64.32,48.73
4604,Tulare ,93257,-119.0166966,36.070899,82.48,96.4,16.68,39.07,14.49,71.09,91.55,98.72
5499,Los Angeles,91331,-118.4353682,34.2378874,95.27,62.69,34.11,0.0,32.28,85.07,54.75,62.07
4348,Los Angeles,90640,-118.1344535,34.0298138,62.53,85.96,92.38,48.07,83.38,53.83,63.05,56.22
4872,Fresno ,93710,-119.7632007,36.8121984,82.48,96.57,67.97,0.0,65.2,88.3,59.12,99.36
4511,Los Angeles,90031,-118.1996896,34.0700703,62.53,90.72,76.9,0.0,51.5,55.58,15.27,93.39
3519,Los Angeles,91702,-117.8953117,34.1265873,84.58,65.0,92.26,0.0,89.0,79.85,76.35,80.11
4251,Los Angeles,90602,-118.0477889,33.9609046,59.69,79.68,40.85,0.0,64.93,66.54,74.36,64.37
3197,Los Angeles,91406,-118.5056231,34.2146245,91.05,92.52,61.78,0.0,51.44,72.79,72.18,47.32
7748,Contra Costa,94565,-121.9812128,38.0467432,26.7,33.01,40.26,0.0,14.86,97.88,88.42,88.09
8000,Kern ,93305,-118.9846462,35.3922701,93.63,99.61,66.07,0.0,16.7,96.5,91.16,99.27
2795,Los Angeles,90201,-118.1971314,33.9681673,44.98,80.24,39.5,0.0,55.68,54.52,91.86,79.13
5144,Fresno ,93631,-119.5666704,36.5082178,88.7,97.57,82.69,93.79,38.73,79.74,69.49,64.37
7165,Riverside ,92879,-117.5533296,33.8666786,79.99,90.32,72.81,0.0,73.73,48.45,87.31,80.28
6938,Los Angeles,91731,-118.0271968,34.0848582,76.94,75.73,50.83,23.79,46.98,48.94,29.77,78.88
4155,Riverside ,91752,-117.5161423,34.0222888,93.63,95.86,97.95,0.0,81.63,28.32,51.82,68.27
7327,Riverside ,92509,-117.4773497,34.0075778,93.63,96.95,76.14,0.0,38.3,65.94,76.96,64.9
4226,Orange ,92843,-117.9150746,33.771306,50.54,75.41,87.36,0.0,96.4,64.67,76.52,78.34
5273,San Bernardino,91762,-117.6600725,34.0357869,79.99,95.76,68.06,0.0,88.86,71.31,81.97,62.25
5464,Los Angeles,91768,-117.7700769,34.0680438,76.94,91.52,36.7,0.0,97.15,84.31,71.4,81.76
4806,San Bernardino,92374,-117.197144,34.1064459,100.0,54.7,45.39,61.9,54.34,61.52,77.58,38.57
5657,Monterey ,93905,-121.6261158,36.6690787,10.57,2.1,78.28,88.69,50.54,81.67,54.36,89.17
3086,Los Angeles,90047,-118.3046455,33.935475,29.89,83.92,67.48,0.0,47.25,91.39,63.57,73.0
4908,Los Angeles,90043,-118.327561,33.9920177,35.16,74.24,21.59,0.0,38.95,97.08,68.27,49.31
4430,Los Angeles,90640,-118.1126395,34.020019,64.73,84.44,20.95,49.62,48.16,66.03,79.89,71.71
2033,Los Angeles,90029,-118.2982812,34.0930661,57.77,79.07,88.25,0.0,48.19,36.39,42.4,83.34
4156,Los Angeles,90019,-118.3424594,34.049584,48.45,78.88,30.98,0.0,68.04,77.69,51.26,57.3
5856,Los Angeles,90706,-118.1336322,33.8922721,37.57,74.84,92.45,0.0,47.66,70.84,78.84,73.0
5189,San Diego,92105,-117.1052315,32.7468137,35.16,49.22,83.53,0.0,68.5,80.98,59.82,98.69
3463,Sacramento ,95824,-121.4711734,38.5180285,39.99,35.84,81.61,0.0,81.26,89.22,82.54,96.81
3672,Alameda ,94603,-122.1777872,37.7290846,6.38,22.73,67.95,0.0,99.14,96.49,45.46,73.53
4051,Los Angeles,90028,-118.3113901,34.0999771,60.66,78.13,98.12,0.0,76.86,51.35,46.42,82.79
4158,San Bernardino,91786,-117.6606253,34.0917424,88.7,98.07,98.2,0.0,89.35,78.66,89.93,40.55
3499,Los Angeles,90706,-118.1456075,33.8822564,35.16,79.2,96.54,0.0,95.94,58.71,65.2,57.14
6283,San Bernardino,91762,-117.6611549,34.0526197,82.48,96.32,70.18,0.0,37.94,79.2,89.61,69.35
4975,San Bernardino,91761,-117.6035233,34.0246895,84.58,98.18,41.77,0.0,95.33,61.64,82.13,69.72
5403,Los Angeles,90250,-118.3581593,33.9204031,29.89,76.02,54.6,0.0,63.19,83.85,86.75,82.73
5476,Kern ,93263,-119.2719891,35.5063506,82.48,98.1,51.55,93.07,7.38,49.43,76.52,85.34
3690,Los Angeles,90043,-118.3276852,33.9872213,35.16,75.88,24.56,0.0,54.28,98.11,72.08,61.55
1448,Kern ,93263,-119.3805277,35.4822316,82.48,95.42,5.76,94.1,0.71,42.42,67.49,87.76
3714,San Bernardino,92313,-117.3231317,34.0386965,98.67,84.06,96.08,0.0,92.44,62.91,69.11,88.32
3284,Los Angeles,91732,-118.0268687,34.0525708,74.1,85.15,49.07,37.72,24.25,53.48,34.88,58.23
4196,San Mateo,94080,-122.3963686,37.6504433,7.52,32.89,94.59,0.0,80.79,68.94,48.39,54.38
5245,Fresno ,93710,-119.7903044,36.8301672,82.48,96.08,77.6,0.0,81.79,64.99,14.28,86.51
4126,San Bernardino,91764,-117.6324246,34.0667083,88.7,97.72,53.44,9.86,39.84,58.56,75.22,95.74
3546,Contra Costa,94565,-121.8641513,38.0392742,37.57,30.69,55.51,0.0,15.71,93.22,72.18,54.79
4694,Los Angeles,90047,-118.3089917,33.9563491,32.15,81.29,31.41,0.0,56.4,96.19,79.71,55.24
10132,Merced ,95334,-120.7258108,37.3783216,75.12,78.32,66.31,96.28,60.5,63.7,94.07,72.09
3627,Los Angeles,91405,-118.4576889,34.1921963,88.7,71.47,27.9,0.0,74.73,69.48,47.37,81.36
3840,Los Angeles,90004,-118.3068568,34.079869,53.73,79.17,79.42,0.0,79.13,55.23,51.3,82.94
3337,Los Angeles,90004,-118.2941394,34.0708715,51.9,85.92,80.7,0.0,59.44,20.8,10.82,93.98
4745,San Bernardino,92395,-117.3135296,34.5067365,84.58,8.9,46.87,68.97,82.85,92.67,98.32,97.19
4313,Los Angeles,91601,-118.366031,34.1695168,78.01,62.08,55.91,0.0,44.23,61.04,53.71,66.31
6669,Stanislaus ,95357,-120.8368597,37.6638136,70.52,55.01,17.45,93.41,10.61,58.89,76.43,66.68
4946,Orange ,92805,-117.914757,33.8282532,50.54,81.9,89.61,0.0,76.83,70.08,64.46,42.11
2988,Los Angeles,91601,-118.3642963,34.1757378,79.99,61.12,48.87,0.0,30.76,53.38,44.25,80.64
2833,Los Angeles,90007,-118.2876316,34.0346981,44.98,84.94,94.1,0.0,97.85,54.06,67.81,88.32
4625,Los Angeles,91401,-118.4443506,34.1902959,88.7,67.69,31.5,0.0,67.64,83.26,77.77,86.86
1394,Los Angeles,91706,-117.9635233,34.1119138,82.63,66.47,68.15,53.52,88.29,54.37,36.6,48.73
6944,Stanislaus ,95358,-120.9844811,37.5947739,71.66,58.84,63.82,71.24,42.74,60.33,65.94,70.67
2469,Los Angeles,90006,-118.2937,34.050883,48.45,85.14,80.63,0.0,72.41,61.93,62.36,88.81
1885,Tulare ,93274,-119.3385748,36.2117012,88.7,98.39,87.33,0.0,33.08,79.62,93.07,75.52
3394,Los Angeles,90248,-118.3022069,33.8701634,24.88,81.43,78.18,38.0,68.54,67.85,66.19,33.2
3873,Los Angeles,90004,-118.298493,34.0709091,51.9,83.42,69.79,0.0,54.39,65.09,64.12,91.46
4178,Alameda ,94607,-122.2663244,37.7944308,3.12,47.37,98.11,0.0,71.25,98.75,51.26,69.72
3942,Los Angeles,90006,-118.3045035,34.0490294,48.45,83.16,54.16,0.0,68.49,61.93,62.36,90.74
4072,Los Angeles,90033,-118.2031501,34.0468935,57.77,90.5,75.87,0.0,49.51,76.66,62.96,95.8
5411,Los Angeles,90280,-118.2153163,33.961497,42.56,81.47,53.29,0.0,32.95,48.59,71.35,85.08
6768,Fresno ,93608,-120.2392392,36.5557643,71.76,50.28,10.23,89.59,0.7,49.58,71.77,95.09
2912,Los Angeles,91401,-118.4355767,34.1835533,84.58,64.89,33.98,0.0,69.14,72.87,85.07,87.19
4189,Orange ,92806,-117.876231,33.8438173,53.73,83.26,88.79,0.0,98.93,64.62,44.85,65.54
3754,Los Angeles,91343,-118.4912814,34.2281097,93.63,89.58,54.75,0.0,68.38,85.31,64.02,37.4
5079,Los Angeles,90710,-118.2898931,33.794128,20.85,68.29,96.25,0.0,87.13,57.5,42.02,86.38
690,San Francisco,94124,-122.3685424,37.7231655,3.83,34.05,99.48,12.59,7.39,96.44,45.8,56.07
3599,Tulare ,93247,-119.0940852,36.1948818,88.7,90.48,42.8,86.86,14.26,55.16,72.52,99.77
3797,Kern ,93215,-119.2324678,35.7436341,82.48,96.43,54.2,73.1,22.75,55.4,95.26,89.36
6534,Ventura ,93001,-119.2996148,34.2906641,26.85,28.96,50.73,96.97,38.58,61.22,27.24,77.2
3736,Kern ,93308,-119.0634239,35.386741,93.63,99.53,80.52,0.0,78.2,82.35,89.0,44.41
4205,Sacramento ,95833,-121.4729191,38.6233797,50.99,36.14,34.13,0.0,72.58,85.67,81.31,83.34
4325,Fresno ,93662,-119.6917634,36.5344594,84.58,94.85,40.8,96.62,8.48,88.2,60.21,72.09
3127,Los Angeles,91605,-118.3928771,34.2114871,91.05,60.68,22.81,0.0,39.61,84.67,92.31,84.7
5067,Sacramento ,95652,-121.3980764,38.662725,58.23,37.44,27.45,7.24,47.01,93.37,69.16,91.61
1123,Sacramento ,95814,-121.4916773,38.5854811,44.98,39.51,88.29,0.0,13.06,90.19,90.95,86.51
6399,Los Angeles,91306,-118.5715501,34.1955756,84.58,91.25,40.0,0.0,64.04,82.1,84.93,50.68
5653,San Bernardino,92311,-116.9695855,34.8748849,78.01,14.14,79.79,55.07,43.38,99.88,100.0,79.31
8126,Fresno ,93657,-119.5726544,36.6910426,88.7,95.92,28.26,85.03,11.29,84.35,54.44,77.81
5670,San Diego,92173,-117.047455,32.5555517,29.89,98.0,91.72,0.0,61.4,77.75,80.42,90.94
4759,Los Angeles,91331,-118.4424803,34.2547197,97.0,60.49,76.2,0.0,96.3,80.36,47.18,68.0
4477,Los Angeles,90660,-118.1032467,33.9650177,53.73,86.8,70.53,12.31,71.14,70.18,91.8,58.02
3142,Los Angeles,90018,-118.3132805,34.0281954,44.98,79.02,63.41,0.0,62.89,89.61,80.89,54.55
5068,Fresno ,93609,-119.8284031,36.5336682,79.99,91.46,32.68,94.38,3.31,84.48,71.66,83.87
3697,Kern ,93304,-119.0347862,35.3608268,93.63,99.76,77.14,0.0,57.96,95.95,95.49,59.52
3717,Los Angeles,90012,-118.2448177,34.0612027,55.38,93.25,98.47,27.55,94.86,26.33,35.9,85.44
3932,Los Angeles,90006,-118.3045301,34.0526559,48.45,83.16,54.44,0.0,77.74,61.93,62.36,96.23
4995,Alameda ,94601,-122.230736,37.7850448,3.12,41.29,91.1,0.0,9.45,96.22,57.69,89.06
5557,San Bernardino,91762,-117.6754832,34.0808017,84.58,96.58,60.16,0.0,92.59,59.36,67.93,69.48
4334,Los Angeles,90744,-118.2581968,33.787324,20.85,65.74,50.84,42.66,54.68,83.0,92.82,78.93
5727,Los Angeles,91744,-117.9214946,34.0302293,71.66,82.69,17.67,34.52,59.79,59.7,55.48,36.28
10389,San Bernardino,92404,-117.2541147,34.1268693,100.0,56.52,18.71,0.0,24.59,92.39,86.88,96.33
4028,Merced ,95341,-120.5705923,37.2016004,74.1,60.51,17.51,91.55,14.55,67.17,78.68,70.67
7267,Los Angeles,90242,-118.1260092,33.9131762,42.56,82.02,92.79,48.48,90.23,52.87,84.37,19.89
4821,San Diego,92113,-117.0986406,32.6928057,29.89,51.94,42.46,0.0,89.54,83.05,47.42,95.09
3918,Los Angeles,90039,-118.2703438,34.1366071,69.43,73.04,93.89,0.0,96.14,50.19,29.89,50.24
3187,Los Angeles,90810,-118.2179347,33.8289273,22.19,70.04,59.76,51.17,97.55,84.83,90.84,46.82
3409,Los Angeles,90650,-118.0876278,33.9131184,46.99,73.12,71.26,0.0,63.51,66.34,93.77,57.14
5402,Riverside ,92530,-117.3445199,33.6824833,82.48,52.58,64.99,0.0,83.46,66.14,98.75,92.94
5267,Orange ,92701,-117.8656949,33.7582622,56.96,78.78,83.56,0.0,99.75,55.78,46.16,95.9
4153,Stanislaus ,95350,-120.9877386,37.6627186,69.32,57.01,74.21,0.0,44.15,84.38,62.19,81.76
4299,Alameda ,94621,-122.1976091,37.769515,3.83,33.59,82.74,0.0,26.33,95.58,47.42,97.07
4551,Los Angeles,90660,-118.0739965,34.0139543,66.81,73.52,90.7,0.0,73.75,70.18,91.8,45.53
2384,Los Angeles,91601,-118.374665,34.1776041,82.48,62.1,72.83,0.0,47.84,58.13,53.9,76.43
3393,Sutter ,95991,-121.628638,39.1341611,46.99,46.53,73.58,38.52,58.14,57.96,88.62,92.2
3770,Los Angeles,91335,-118.5476933,34.2035942,88.7,96.15,39.03,0.0,67.18,87.23,93.96,48.58
4772,Los Angeles,90813,-118.1767949,33.7864873,20.85,68.18,65.16,0.0,33.21,96.97,99.12,87.3
2324,Los Angeles,90016,-118.3333058,34.0373889,44.98,77.64,94.46,0.0,99.2,45.96,13.77,85.34
6663,Merced ,95301,-120.6497408,37.3574463,74.1,64.6,24.47,97.86,33.09,77.88,87.31,84.12
5592,Orange ,92703,-117.8902573,33.7548958,53.73,76.28,66.91,0.0,59.59,48.34,43.16,62.25
6811,Kings ,93230,-119.6730488,36.3058649,82.48,98.95,38.25,71.31,5.86,94.63,98.55,81.76
3030,Los Angeles,90007,-118.2921024,34.0384299,46.99,82.85,87.53,0.0,99.46,44.48,52.39,91.91
4531,Alameda ,94601,-122.2067479,37.7710407,3.12,35.63,84.48,0.0,12.0,97.16,61.9,86.12
4202,Los Angeles,90031,-118.2003961,34.0941911,64.85,70.58,41.49,0.0,85.88,48.34,11.5,63.24
3904,Los Angeles,90640,-118.1283266,34.0190693,62.53,86.72,44.97,54.83,49.48,66.03,79.89,53.87
3651,Los Angeles,93535,-118.1241061,34.6932022,88.7,8.26,44.02,0.0,23.03,98.87,95.44,94.6
5189,Yolo ,95691,-121.5324616,38.5777831,42.56,35.81,86.24,0.0,53.53,69.63,69.11,83.24
5532,San Bernardino,92376,-117.3711097,34.0887229,98.67,85.69,70.95,0.0,29.0,84.16,95.44,73.53
4848,Stanislaus ,95307,-120.9580147,37.584981,72.55,59.29,93.6,79.97,76.8,61.71,82.54,82.73
3353,Los Angeles,90063,-118.1944844,34.0333782,56.96,89.02,96.04,0.0,84.9,56.33,63.4,81.36
8292,Kern ,93268,-119.4610717,35.1445259,88.7,93.28,37.78,63.38,7.04,39.01,95.3,80.55
1113,Los Angeles,90806,-118.2035057,33.8238924,22.19,61.77,95.15,52.45,97.89,91.99,86.54,34.48
3922,Los Angeles,91335,-118.5469513,34.1911391,84.58,94.86,34.91,0.0,72.15,87.23,93.96,79.13
3155,Los Angeles,90031,-118.2032952,34.0812835,63.61,87.39,21.34,0.0,69.25,59.28,18.83,61.55
5594,Orange ,90631,-117.9531628,33.9324824,59.69,77.54,39.44,0.0,43.93,52.59,66.33,71.42
6883,Orange ,92703,-117.9245717,33.7524445,48.45,74.55,86.06,0.0,72.9,70.35,71.88,80.11
5738,Madera ,93610,-120.288051,37.0797978,76.94,59.18,22.56,90.86,28.38,64.97,99.73,60.62
4409,Imperial ,92227,-115.5213711,32.9668249,37.57,36.95,24.23,82.55,20.58,97.74,87.41,96.98
1801,Alameda ,94607,-122.298236,37.809532,3.12,46.51,95.43,0.0,0.64,98.98,54.09,60.79
4666,Fresno ,93703,-119.7635149,36.7686679,82.48,97.06,39.59,0.0,29.31,98.63,78.68,90.3
8382,Orange ,92701,-117.8640231,33.7363817,57.77,71.05,51.31,0.0,46.41,59.01,48.31,84.7
4732,Alameda ,94608,-122.2733758,37.8207387,3.12,50.03,99.0,0.0,77.16,86.48,14.99,86.22
6116,Orange ,92683,-118.0028957,33.7664264,35.16,63.88,67.29,50.14,84.44,42.95,61.37,80.78
4076,Los Angeles,90805,-118.1870723,33.8499458,26.7,86.86,40.36,0.0,52.55,91.14,89.0,79.2
6684,Merced ,95341,-120.4449003,37.2869017,72.55,90.77,67.04,72.69,24.71,92.24,98.35,92.07
5387,Orange ,92627,-117.9273058,33.6376789,48.45,55.11,76.37,0.0,71.9,47.81,24.21,96.09
2536,Tulare ,93274,-119.4390093,36.2434094,84.58,97.45,26.63,82.1,19.09,71.31,82.99,74.56
3656,Los Angeles,90019,-118.3146461,34.045362,46.99,81.19,48.96,0.0,59.4,77.69,51.26,85.68
4939,Orange ,92704,-117.9109245,33.7211578,50.54,70.18,64.26,0.0,73.23,54.89,51.1,62.07
1279,Madera ,93622,-120.3501354,36.9193435,72.83,55.2,15.15,90.1,6.08,72.25,95.16,73.2
2533,Los Angeles,90026,-118.2728192,34.0787744,56.96,88.79,88.43,0.0,96.68,63.7,60.59,57.44
3648,Fresno ,93726,-119.7429704,36.7977961,84.58,96.88,40.31,0.0,73.01,92.6,50.32,79.91
5324,Riverside ,92557,-117.2526709,33.9438284,98.67,63.47,85.16,0.0,86.96,58.42,73.28,87.3
4299,Fresno ,93726,-119.76333,36.7904775,82.48,97.15,18.22,0.0,33.34,97.52,72.87,85.01
5549,Los Angeles,90007,-118.295871,34.0218424,42.56,80.3,75.74,0.0,60.61,38.76,39.71,95.18
9412,Riverside ,92521,-117.3333516,33.9709379,97.6,79.44,88.94,0.0,85.61,23.84,16.94,96.66
3525,Tulare ,93274,-119.3660695,36.1909171,88.7,97.95,22.73,80.21,4.76,79.62,93.07,84.91
7635,Riverside ,92504,-117.4081832,33.9380023,95.27,92.33,94.13,16.69,89.24,64.29,61.98,87.09
4889,Butte ,95965,-121.6460664,39.5164559,70.52,18.33,16.08,83.72,16.48,69.08,97.07,95.18
3076,Los Angeles,90006,-118.2819584,34.0529626,48.45,87.78,71.99,0.0,68.55,31.82,20.25,96.86
11044,Riverside ,92254,-115.9293426,33.511964,61.07,8.71,18.31,94.55,4.35,17.93,70.7,98.83
4548,Fresno ,93726,-119.7904326,36.8012804,82.48,96.74,64.34,0.0,87.03,92.14,49.59,80.28
4541,Orange ,90621,-118.0045274,33.8774063,48.45,81.31,87.49,0.0,89.29,56.34,46.36,71.55
7591,Riverside ,92570,-117.2517249,33.7488769,93.85,52.48,20.65,35.93,16.59,64.87,89.49,83.24
6774,Los Angeles,90301,-118.3570019,33.9558199,32.15,80.68,57.57,0.0,20.66,92.42,86.83,90.48
6018,Fresno ,93726,-119.7678173,36.7977186,82.48,96.98,46.35,0.0,58.23,97.52,72.87,67.45
4339,Los Angeles,90804,-118.1623973,33.7881302,22.19,64.52,69.27,0.0,33.28,90.49,78.56,93.98
3739,Kern ,93301,-119.033399,35.3786716,93.63,99.69,82.49,0.0,65.16,99.17,90.84,52.11
7345,Los Angeles,91304,-118.6012203,34.2269621,84.58,56.64,76.76,0.0,55.64,57.68,46.32,77.2
4489,Los Angeles,91801,-118.1127509,34.0822256,71.66,70.79,85.75,0.0,77.91,34.41,30.89,50.01
4129,San Bernardino,91786,-117.6755256,34.0916975,88.7,96.78,98.67,0.0,89.64,51.17,58.14,77.31
5406,San Diego,92105,-117.1096419,32.7400405,32.15,49.33,93.2,0.0,99.53,62.6,32.49,88.09
2738,Los Angeles,91706,-117.9726977,34.0875933,78.01,72.41,28.54,0.0,31.98,76.12,65.07,71.09
7655,San Bernardino,92410,-117.234947,34.1140263,100.0,56.73,24.58,0.0,15.74,71.49,75.61,94.72
6009,Fresno ,93640,-120.398557,36.804879,71.66,50.54,9.42,87.38,11.54,89.82,56.88,98.61
4108,Imperial ,92233,-115.6086847,33.2254028,11.6,19.09,9.09,90.52,3.06,87.62,83.15,94.9
3829,Los Angeles,90660,-118.0662039,34.0117536,65.69,76.25,91.96,46.62,99.23,60.37,84.07,39.21
6023,Tulare ,93292,-119.2194823,36.2781982,91.05,94.31,16.65,94.76,5.15,44.08,53.14,95.9
5626,Imperial ,92243,-115.5742854,32.8019687,59.69,25.54,44.63,73.45,56.96,92.8,88.27,98.47
2634,Los Angeles,90026,-118.2769285,34.0818094,56.96,88.79,89.28,0.0,77.08,63.7,60.59,61.28
2309,Los Angeles,90805,-118.1813827,33.8498715,26.7,86.86,31.59,0.0,55.98,84.72,77.68,99.22
5191,Los Angeles,91343,-118.4700895,34.2426724,95.27,71.4,89.65,0.0,93.53,85.63,64.12,74.05
5696,Los Angeles,90502,-118.2920619,33.8331813,22.19,78.51,86.7,0.0,89.76,67.82,54.71,37.89
3787,Sacramento ,95828,-121.4013938,38.4884217,42.56,34.29,45.74,0.0,63.38,91.26,90.29,92.07
8176,Sacramento ,95828,-121.4173852,38.4893046,39.99,33.35,31.87,0.0,67.01,88.75,84.33,82.79
4590,Los Angeles,90250,-118.341667,33.9055546,29.89,82.0,51.91,0.0,70.2,83.85,86.75,89.87
3884,Imperial ,92231,-115.4863589,32.6685861,70.28,90.59,38.99,0.0,,69.34,90.95,96.04
1947,Los Angeles,90027,-118.2884036,34.0962277,59.69,80.11,52.73,0.0,57.66,52.97,61.25,79.13
5368,San Bernardino,92376,-117.392199,34.0995052,98.67,83.5,41.87,0.0,34.06,80.5,92.83,82.14
3427,San Diego,92113,-117.1074107,32.6929366,29.89,51.94,46.92,0.0,13.16,94.73,73.47,84.12
4373,Los Angeles,90019,-118.3114921,34.0417457,46.99,79.63,49.21,0.0,69.5,54.19,27.89,91.85
4449,San Bernardino,92410,-117.3460354,34.111535,98.67,64.77,61.29,0.0,37.69,79.66,86.42,68.48
4375,San Joaquin,95207,-121.3072654,38.0019053,44.98,55.47,53.53,21.38,57.81,90.63,74.18,78.34
5021,Kern ,93309,-119.0504014,35.3505096,93.63,99.65,95.76,0.0,59.83,86.45,79.15,88.32
4206,Los Angeles,90706,-118.1295305,33.873719,35.16,68.79,92.74,46.93,93.96,69.47,73.7,68.27
3739,San Francisco,94124,-122.3977689,37.7254139,6.38,31.47,99.93,27.0,83.58,96.44,45.8,59.23
2839,Alameda ,94608,-122.2806358,37.8229232,3.12,48.08,93.75,0.0,28.89,93.31,25.87,62.59
5535,San Bernardino,92376,-117.3778897,34.1293784,98.67,70.02,36.83,0.0,45.55,82.05,93.97,67.17
3148,Los Angeles,90016,-118.3427412,34.0371852,44.98,77.64,91.99,0.0,99.05,72.42,36.69,70.44
2168,Kings ,93212,-119.5600632,36.0990535,82.48,94.61,57.03,37.55,2.13,66.86,91.71,97.21
3782,Contra Costa,94806,-122.3520845,37.9610592,6.38,40.29,81.93,34.41,19.05,93.2,76.41,57.3
4435,San Bernardino,92404,-117.2668235,34.1426727,100.0,55.72,43.16,0.0,62.31,96.32,96.49,75.4
6375,Los Angeles,91790,-117.9382452,34.0659535,75.12,80.66,54.08,0.0,79.3,71.8,58.29,45.53
6883,Riverside ,92543,-116.9695083,33.7475602,93.63,40.52,65.12,0.0,28.94,91.6,93.22,93.04
2960,Los Angeles,90032,-118.1678921,34.07715,65.69,76.78,69.15,0.0,45.51,71.66,54.75,66.11
6869,Los Angeles,90250,-118.3568525,33.9091622,29.89,79.4,41.0,0.0,70.86,83.65,86.43,50.52
5411,Los Angeles,90018,-118.3226729,34.0222083,42.56,77.6,30.18,0.0,28.75,89.61,80.89,79.66
9219,Tulare ,93292,-119.2516114,36.3354354,91.05,98.28,38.38,89.97,23.01,40.23,70.18,77.31
2587,Ventura ,93001,-119.2944448,34.2763658,26.7,34.6,83.7,97.72,47.89,61.22,27.24,83.87
1660,San Bernardino,92307,-117.2159049,34.7138452,79.99,6.77,35.17,35.07,46.21,63.95,61.17,93.61
5710,Los Angeles,90650,-118.0896892,33.921285,46.99,77.29,90.62,0.0,94.54,66.34,93.77,61.55
3617,Fresno ,93728,-119.8037024,36.7585393,82.48,97.01,58.37,0.0,10.91,95.91,73.65,84.12
6238,Los Angeles,90007,-118.280016,34.0262403,44.98,85.24,99.44,0.0,94.69,54.06,67.81,99.84
5811,Los Angeles,91723,-117.8979159,34.0764235,76.94,84.68,75.43,0.0,85.89,36.24,22.82,69.35
2480,Sacramento ,95828,-121.3993657,38.4778971,42.56,33.78,32.37,0.0,66.46,91.26,90.29,80.87
4659,Los Angeles,90401,-118.4951703,34.012479,50.54,66.52,92.36,0.0,74.0,74.84,43.49,66.68
9608,Orange ,92707,-117.8700847,33.7216725,56.96,70.11,40.42,23.59,53.81,63.32,45.25,75.98
8364,San Bernardino,92335,-117.4624252,34.0956686,97.0,91.5,75.97,0.0,10.64,70.6,84.66,86.62
3109,Los Angeles,90008,-118.3491896,34.0147165,39.99,73.9,38.02,0.0,43.5,94.17,62.84,96.04
2002,Los Angeles,91791,-117.8997854,34.0696708,75.12,85.34,90.33,0.0,95.31,50.32,61.37,46.18
5375,Los Angeles,90022,-118.1520851,34.0216887,59.69,89.11,61.89,0.0,51.53,80.22,75.9,84.77
4886,Sacramento ,95821,-121.3914626,38.6259083,56.96,43.17,69.47,0.0,75.19,98.7,83.35,87.63
2215,San Joaquin,95242,-121.4633246,38.1304593,45.14,44.18,42.94,86.72,53.98,22.36,42.02,90.36
4131,Los Angeles,90021,-118.2331623,34.0320283,50.99,90.16,96.24,0.0,88.34,87.94,19.35,48.03
5645,San Bernardino,91786,-117.6583212,34.1024278,91.05,98.29,35.88,0.0,46.49,78.66,89.93,80.28
6378,Riverside ,92882,-117.5888049,33.8785015,78.01,90.63,98.54,0.0,96.71,40.32,84.52,88.62
4349,San Bernardino,91763,-117.7025669,34.078049,82.48,94.25,94.01,0.0,91.71,77.02,84.26,38.91
4857,Los Angeles,90006,-118.2878882,34.0498405,48.45,87.78,84.24,0.0,73.59,61.93,62.36,90.69
3027,Los Angeles,90018,-118.3229262,34.0276144,42.56,78.18,31.64,0.0,38.13,89.61,80.89,76.11
6838,Stanislaus ,95351,-120.9665381,37.6152295,70.28,59.75,57.49,0.0,20.8,94.74,86.88,79.82
5322,Kern ,93308,-119.0286468,35.4111131,93.63,99.42,19.53,0.0,27.85,82.35,89.0,95.68
5166,San Bernardino,92346,-117.2199119,34.1151431,100.0,56.04,41.93,0.0,16.01,61.44,77.58,85.68
7385,Sacramento ,95815,-121.4409218,38.6251651,53.73,36.88,25.49,13.38,18.65,98.77,95.99,88.09
2578,Stanislaus ,95367,-120.9473005,37.7365049,66.81,55.87,46.68,71.79,37.64,62.79,70.45,80.34
4645,Los Angeles,90404,-118.4789709,34.0188907,50.54,66.71,90.73,0.0,81.03,57.32,30.45,58.51
4415,Los Angeles,90255,-118.224409,33.9766899,44.98,83.02,51.94,0.0,50.65,69.97,97.03,94.6
8077,Santa Cruz,95076,-121.7704821,36.9043838,14.92,2.97,86.04,98.03,43.23,65.35,45.03,84.33
5510,Orange ,92833,-117.979612,33.8672719,50.54,80.25,84.13,0.0,82.55,23.55,8.57,71.91
3548,Los Angeles,90706,-118.1236012,33.8928105,37.57,73.7,67.53,0.0,41.33,71.09,78.84,78.52
7108,Los Angeles,91767,-117.7430957,34.1006379,84.58,92.73,52.16,6.41,25.61,77.13,67.22,64.17
3358,Kern ,93251,-119.5019126,35.2582904,75.38,57.26,8.76,88.14,2.73,17.75,58.14,70.34
6532,Fresno ,93210,-120.3511651,36.1419667,64.85,47.03,52.21,69.24,7.76,72.12,91.6,79.46
4696,Los Angeles,91606,-118.3938003,34.1854544,84.58,60.71,59.58,0.0,87.28,76.86,84.9,58.62
3111,Stanislaus ,95351,-121.0307757,37.6547882,69.32,57.64,91.87,67.41,68.56,76.83,63.46,38.13
3063,Los Angeles,90066,-118.4325909,33.9954427,42.56,64.0,46.98,0.0,54.24,32.07,45.31,70.13
7573,Santa Barbara,93455,-120.5815561,34.9168578,14.92,11.75,23.76,97.52,2.53,81.82,50.02,77.99
10533,Merced ,95315,-120.7838842,37.4290665,75.12,87.48,65.96,96.66,71.43,72.38,58.92,71.42
5079,San Joaquin,95206,-121.2572972,37.9333088,46.99,66.2,25.79,56.72,25.2,87.71,76.81,92.14
5107,San Diego,91910,-117.0878962,32.6430592,24.88,51.31,63.07,0.0,41.9,67.63,48.22,67.25
2389,Merced ,95369,-120.4694335,37.499088,74.1,55.58,6.6,86.31,1.45,79.94,84.26,66.11
3293,Los Angeles,91411,-118.4572359,34.1885731,88.7,71.47,35.71,0.0,74.93,65.38,57.63,86.51
3046,Los Angeles,90606,-118.0706273,33.9903098,62.53,78.76,93.29,0.0,98.38,69.82,94.35,56.67
5813,Fresno ,93662,-119.5900857,36.5770545,88.7,96.49,36.54,91.1,13.8,96.8,84.66,64.72
10642,Kern ,93307,-118.87757,35.3587886,97.0,98.74,43.3,90.69,5.78,79.05,77.64,73.53
4614,Orange ,92802,-117.9346612,33.8274824,48.45,81.52,72.77,0.0,92.04,55.16,37.08,64.5
5364,Orange ,92870,-117.8729877,33.8703829,55.38,87.84,88.59,0.0,84.06,45.11,66.56,68.48
6242,Tulare ,93618,-119.3857111,36.5617547,91.05,93.78,27.65,91.34,14.91,73.5,82.14,80.11
7254,Contra Costa,94806,-122.3363969,37.9566485,6.38,38.93,97.16,32.52,73.26,87.95,62.84,76.62
4577,Los Angeles,90806,-118.1964734,33.7934906,20.85,64.93,68.59,0.0,42.9,87.85,77.82,71.55
5024,Monterey ,95039,-121.7816321,36.8633033,14.92,2.04,33.27,99.93,64.46,57.78,42.22,92.83
6889,Orange ,92703,-117.912077,33.7526801,50.54,70.12,67.84,0.0,80.55,70.35,71.88,91.27
9054,Orange ,92801,-117.9566062,33.8509554,50.54,80.46,96.22,0.0,99.69,56.29,62.19,47.32
5824,Sacramento ,95823,-121.4464627,38.4880638,39.99,32.92,82.76,0.0,71.99,98.45,98.74,80.64
5202,Riverside ,92504,-117.4237908,33.9518517,93.63,93.37,43.61,0.0,30.11,72.92,71.83,83.58
4496,Sacramento ,95820,-121.4693182,38.5336237,39.99,36.54,83.43,0.0,90.44,88.8,79.71,95.9
6240,Orange ,92705,-117.847018,33.7280675,59.69,72.88,71.86,0.0,93.71,31.99,15.99,92.37
3269,Los Angeles,90020,-118.2953981,34.0672221,51.9,85.92,79.27,0.0,79.44,47.38,53.34,72.09
6626,Tulare ,93292,-119.2871757,36.3199506,88.7,98.98,69.04,35.17,17.38,37.74,54.36,85.18
2143,Los Angeles,90255,-118.1948545,33.9850347,48.45,81.14,76.44,0.0,26.09,60.06,90.47,72.16
10637,Riverside ,92570,-117.2666634,33.8163878,95.27,55.07,13.9,52.52,90.2,66.45,90.95,84.12
2767,Sacramento ,95820,-121.477878,38.5327553,39.99,36.47,90.22,0.0,63.08,85.61,71.83,76.71
5882,Merced ,95301,-120.5979864,37.3657737,74.1,75.81,34.93,90.79,10.44,76.13,90.37,77.81
3098,Stanislaus ,95380,-120.8771501,37.5161592,72.55,90.44,93.98,91.66,64.69,84.01,97.26,56.38
4513,San Diego,92102,-117.127118,32.708779,29.89,50.77,86.78,0.0,34.29,84.4,43.16,90.53
4693,Los Angeles,90032,-118.1854971,34.078195,64.73,85.2,46.31,0.0,62.69,72.71,56.12,86.62
4260,Los Angeles,91356,-118.5333073,34.1762844,82.48,93.89,78.29,0.0,98.06,68.61,56.88,72.4
5425,Fresno ,93710,-119.7903644,36.8157101,82.48,96.22,79.64,0.0,86.19,79.27,35.9,83.58
6133,Alameda ,94608,-122.2719625,37.831217,3.12,45.8,99.4,0.0,77.13,90.35,23.69,48.58
4664,San Diego,92114,-117.0753816,32.7174916,32.15,50.63,72.69,0.0,61.9,92.58,69.42,36.8
5300,San Bernardino,91762,-117.6753207,34.0448163,79.99,94.91,40.12,26.07,23.15,77.03,87.13,48.92
15901,Merced ,95348,-120.4935293,37.3407645,72.55,80.6,36.49,71.45,16.89,90.88,97.89,83.17
3461,Sacramento ,95814,-121.4823108,38.5834331,44.98,39.73,75.31,0.0,13.05,94.99,83.97,76.24
3921,Alameda ,94609,-122.2667133,37.8180997,3.12,46.78,97.97,0.0,82.44,94.9,44.18,73.32
4557,Riverside ,92507,-117.3545298,33.9685095,97.0,89.43,32.03,0.0,46.63,66.04,74.04,81.36
5243,Los Angeles,90018,-118.3132782,34.0218914,42.56,78.49,35.51,0.0,57.01,89.61,80.89,75.3
6311,Riverside ,92503,-117.448479,33.9268256,93.63,92.69,53.85,0.0,46.56,71.29,86.54,71.97
9349,Sacramento ,95838,-121.460413,38.6484319,55.38,36.29,74.84,0.0,80.33,98.32,98.88,77.2
4798,San Diego,91910,-117.1032969,32.6205359,24.88,53.18,77.61,0.0,72.8,50.37,24.89,79.46
7430,Contra Costa,94520,-122.053206,37.9849793,17.65,33.85,78.86,24.72,95.85,88.04,67.49,42.11
6089,San Joaquin,95330,-121.2811772,37.8340882,56.96,53.57,67.01,76.93,78.53,85.89,78.56,50.4
5177,Sacramento ,95828,-121.4190446,38.4995505,42.56,33.95,24.18,0.0,61.19,91.26,90.29,89.51
7061,Kern ,93215,-119.235974,35.770351,82.48,96.9,57.35,0.0,14.15,55.4,95.26,81.07
6819,Los Angeles,90650,-118.0732039,33.8985899,44.98,74.04,66.77,0.0,37.4,64.97,93.33,49.31
3197,Los Angeles,90006,-118.2878972,34.0421001,46.99,87.99,66.52,0.0,71.4,34.18,27.63,94.85
4219,Imperial ,92243,-115.6765631,32.785558,58.34,38.12,5.72,86.93,2.2,90.57,83.89,81.21
6174,Los Angeles,90047,-118.3097251,33.9472944,32.15,79.9,21.52,18.79,46.09,98.09,85.72,60.45
8342,Kern ,93280,-119.3476988,35.5937099,82.48,97.83,64.59,77.28,6.58,45.65,92.21,87.09
4107,Los Angeles,90650,-118.0577671,33.906522,48.45,75.16,82.4,0.0,85.84,61.44,89.79,45.97
3532,Los Angeles,93535,-118.1244376,34.7004762,88.7,7.14,27.58,0.0,14.78,98.55,91.26,96.51
3385,San Diego,91950,-117.0785905,32.6703501,29.89,51.84,91.25,0.0,87.23,80.97,70.8,69.48
4883,Los Angeles,91746,-117.9723257,34.0478649,74.1,80.57,26.51,0.0,39.96,59.81,69.95,61.28
3560,Los Angeles,91406,-118.4700785,34.1974208,88.7,85.79,85.49,0.0,95.38,63.4,52.55,76.87
3018,Alameda ,94607,-122.3193044,37.8134257,3.12,46.21,98.0,0.0,90.28,97.2,41.16,30.04
5021,Los Angeles,90813,-118.1785058,33.778974,20.85,65.13,52.15,0.0,36.34,87.61,81.27,90.48
5061,Sutter ,95991,-121.6245696,39.1465851,46.99,46.62,76.32,29.83,51.26,57.96,88.62,92.73
6095,Santa Clara,95131,-121.8957703,37.376939,20.85,33.71,90.49,4.97,94.31,36.05,28.12,59.52
5452,Orange ,92618,-117.7183865,33.6380921,66.81,47.23,63.2,98.24,95.84,16.18,47.37,44.22
3715,Los Angeles,91702,-117.91619,34.1292276,84.58,58.62,85.5,0.0,95.36,79.85,76.35,52.71
8086,Ventura ,93041,-119.1940323,34.145655,24.88,31.94,86.29,0.0,20.85,57.7,45.46,78.88
5963,Kern ,93285,-118.6143672,35.476284,95.27,47.99,1.89,79.07,2.19,72.94,96.75,84.4
7130,Tulare ,93257,-119.0478137,36.0667198,82.48,98.05,25.87,58.1,37.43,71.09,91.55,87.09
3971,Los Angeles,90640,-118.1114296,34.0282744,65.69,82.63,83.46,51.41,96.94,45.03,54.09,24.72
5357,Los Angeles,90804,-118.164632,33.7791377,20.85,63.46,50.69,0.0,34.56,78.84,57.23,91.04
7077,Orange ,92703,-117.9332194,33.7523664,46.99,72.52,55.88,0.0,63.48,60.27,60.82,83.04
5587,Los Angeles,91335,-118.5578906,34.2046643,88.7,93.93,39.68,0.0,65.23,71.45,73.62,52.26
4139,Los Angeles,90247,-118.2954546,33.8867825,26.7,81.93,38.18,0.0,44.1,88.95,73.62,61.55
3798,San Joaquin,95240,-121.2686833,38.1229626,46.99,53.14,68.67,6.38,16.31,75.01,84.18,92.73
5084,San Bernardino,92324,-117.2886811,34.0569257,99.07,67.83,96.95,0.0,92.69,73.07,82.55,45.36
7637,Merced ,93620,-120.6220705,36.9746245,71.66,51.21,23.5,87.83,2.76,94.01,68.98,76.62
11527,San Bernardino,92377,-117.430224,34.1528486,98.67,76.34,52.56,0.0,61.33,48.87,83.44,36.8
3705,Los Angeles,91731,-118.0220588,34.0905474,78.01,79.71,20.12,23.41,61.68,49.95,30.75,77.41
4566,Los Angeles,91335,-118.548597,34.1968245,84.58,98.16,28.95,0.0,69.4,87.23,93.96,56.67
2834,Los Angeles,90304,-118.3504258,33.9436357,29.89,77.82,44.32,67.07,64.49,52.74,49.0,82.73
6856,San Diego,92021,-116.9558727,32.8134188,64.73,46.98,45.97,0.0,42.64,59.04,56.52,70.67
6601,San Diego,92113,-117.0900688,32.697889,29.89,51.86,95.05,0.0,89.66,66.91,20.64,92.45
7168,Sacramento ,95815,-121.4564773,38.6174056,51.9,35.32,40.37,0.0,16.51,99.14,93.49,91.85
3687,Los Angeles,91343,-118.4621485,34.233678,93.63,68.76,87.04,0.0,72.03,84.31,61.43,96.72
7591,Madera ,93636,-119.9602082,36.962996,78.22,91.0,13.62,86.1,19.85,82.65,97.28,63.52
2562,Los Angeles,90004,-118.2984693,34.0745294,51.9,84.77,81.18,0.0,50.86,65.09,64.12,91.46
7723,Los Angeles,93543,-117.9074722,34.5346329,91.05,13.58,8.11,87.17,21.59,89.69,79.51,82.36
5756,Sacramento ,95833,-121.4819301,38.6030702,50.54,34.86,32.13,64.55,78.34,86.78,82.84,67.85
5321,Los Angeles,90715,-118.0882639,33.8430305,32.15,67.14,88.9,57.48,85.36,52.02,64.23,54.79
3299,Los Angeles,91770,-118.0825326,34.0762772,72.55,72.76,90.52,21.9,94.8,35.64,30.86,53.48
4628,Los Angeles,90201,-118.1399857,33.9674778,50.54,88.09,63.72,0.0,29.15,35.43,68.89,80.11
3964,Los Angeles,90242,-118.1262274,33.9218213,42.56,81.08,73.6,0.0,56.64,42.65,74.58,80.52
5588,Orange ,90620,-117.9950644,33.8405494,42.56,74.29,54.05,23.17,73.9,51.32,65.32,68.63
4377,Los Angeles,91325,-118.5226461,34.2374909,93.63,85.12,65.66,0.0,62.94,54.94,62.51,65.41
3583,Los Angeles,93550,-118.1256195,34.5834908,88.7,13.47,46.63,0.0,68.19,95.25,91.71,96.81
7275,Santa Cruz,95076,-121.7551684,36.9114441,16.78,4.17,79.95,78.55,38.19,65.35,45.03,87.76
2363,Los Angeles,90007,-118.2864985,34.0304526,44.98,81.27,95.11,0.0,68.14,54.06,67.81,97.88
6879,Los Angeles,91311,-118.5830621,34.2335792,88.7,62.25,79.93,0.0,56.13,40.43,25.87,64.5
2939,San Bernardino,92404,-117.2349561,34.1322121,100.0,54.93,48.23,0.0,61.39,79.08,69.52,84.33
4453,Los Angeles,90028,-118.3416948,34.0994853,62.53,74.13,73.86,0.0,79.78,56.23,42.49,69.16
7261,San Bernardino,92407,-117.3292141,34.1673473,100.0,58.15,85.65,0.0,76.98,80.46,88.66,69.72
3335,Los Angeles,90047,-118.3013342,33.9784618,35.16,76.14,25.91,0.0,58.74,91.67,70.84,63.02
2414,Los Angeles,90706,-118.1195565,33.8931415,39.99,73.7,71.47,0.0,55.96,71.09,78.84,66.87
6367,Los Angeles,91335,-118.5316957,34.2145917,91.05,97.77,46.02,0.0,49.99,73.6,77.28,54.65
7991,Alameda ,94578,-122.1470769,37.70175,7.52,28.99,95.02,0.0,94.29,89.48,63.05,70.13
5499,Merced ,95334,-120.6908186,37.4002299,75.12,67.26,33.12,96.48,31.63,61.14,92.35,75.98
4585,Merced ,95341,-120.4990995,37.2927274,72.55,89.23,50.43,20.93,6.26,93.71,99.0,98.89
11473,San Bernardino,92336,-117.4426859,34.1251086,97.6,87.92,58.23,0.0,50.3,37.92,78.96,65.84
7795,San Bernardino,92394,-117.3099848,34.5507774,82.48,9.17,72.91,0.0,72.94,87.5,88.16,78.93
2816,Los Angeles,91401,-118.423608,34.1884912,88.7,62.78,26.32,0.0,60.21,58.59,67.21,81.21
5260,Los Angeles,90650,-118.0776264,33.8913016,42.56,74.86,47.69,0.0,60.81,66.34,93.77,65.28
6262,Los Angeles,90242,-118.147433,33.9172388,39.99,77.21,82.17,0.0,86.2,57.18,89.0,65.28
4412,Kern ,93309,-119.0506301,35.3431099,93.63,99.63,95.21,0.0,68.15,86.45,79.15,87.5
3543,Los Angeles,90019,-118.3305985,34.0518662,46.99,78.95,31.23,0.0,59.95,77.69,51.26,53.62
5579,Los Angeles,91306,-118.5666433,34.2143034,88.7,88.69,52.79,0.0,56.66,78.69,80.57,73.2
5273,San Bernardino,91761,-117.6440311,34.0339115,82.48,96.55,88.16,50.31,96.43,46.85,62.62,63.64
6054,Los Angeles,91331,-118.4291943,34.2329132,95.27,61.1,23.34,0.0,59.91,83.3,52.39,39.82
1655,Los Angeles,90255,-118.2170425,33.9788203,44.98,82.3,40.14,0.0,46.08,69.97,97.03,95.35
3317,Los Angeles,90043,-118.3220826,33.9818234,35.16,75.88,44.03,0.0,47.34,97.45,68.89,41.48
3679,Los Angeles,91342,-118.3931176,34.2912875,97.0,54.47,69.45,32.1,78.66,54.06,23.69,80.28
6384,Los Angeles,90755,-118.1691428,33.8016982,22.19,65.34,82.8,0.0,75.13,47.96,54.71,58.51
7863,Los Angeles,90745,-118.2427443,33.8342784,22.19,81.95,57.56,0.0,92.66,57.02,52.28,34.92
6179,Riverside ,92570,-117.2733152,33.8509446,97.0,59.44,37.47,62.1,88.75,60.63,85.81,83.34
6700,San Bernardino,92301,-117.4107067,34.577087,82.48,8.59,19.69,0.0,19.1,91.87,99.93,97.69
3132,Fresno ,93727,-119.7272843,36.7468038,88.7,97.35,19.2,0.0,40.14,81.46,58.29,91.52
7107,San Diego,91950,-117.1150589,32.6564826,26.7,52.37,90.95,0.0,68.16,25.44,14.36,68.0
6071,Orange ,92806,-117.8849288,33.8462667,51.9,86.3,87.16,0.0,89.75,64.62,44.85,62.07
4645,Los Angeles,91406,-118.4956552,34.1902625,88.7,91.74,42.31,0.0,66.64,79.0,80.89,58.51
4677,San Joaquin,95204,-121.299006,37.9853105,44.98,57.09,31.54,0.0,41.01,79.7,62.1,63.64
3017,Los Angeles,90043,-118.3244227,34.0018666,39.99,74.66,22.13,19.45,31.79,98.12,71.66,80.87
4414,Los Angeles,90027,-118.2961735,34.0985767,59.69,79.07,60.92,0.0,58.4,36.15,71.97,77.58
5997,Sacramento ,95825,-121.4083506,38.6033897,53.73,41.02,50.88,0.0,46.06,98.67,76.96,85.34
3409,Riverside ,92220,-116.8942728,33.9266799,97.6,45.23,86.66,0.0,86.75,89.44,98.23,95.58
3141,San Joaquin,95337,-121.228666,37.7934323,57.77,55.83,30.94,35.76,17.44,83.64,91.21,92.02
2638,Los Angeles,91702,-117.9120723,34.1105983,82.48,67.31,89.02,0.0,46.03,79.85,76.35,57.14
6635,San Joaquin,95330,-121.2731314,37.7868413,60.93,53.86,63.39,88.48,74.53,80.32,86.37,39.21
4780,San Diego,91911,-117.0502967,32.5988025,29.89,65.97,77.77,0.0,38.18,73.48,50.02,53.62
6193,San Bernardino,91764,-117.6368989,34.0780739,88.7,97.97,83.19,0.0,91.96,74.3,90.58,58.23
3536,Fresno ,93710,-119.7767969,36.8157748,82.48,96.33,92.06,0.0,79.69,88.3,59.12,50.68
6866,Sacramento ,95841,-121.3442772,38.668659,62.53,34.03,87.28,0.0,93.99,95.15,84.21,78.45
5441,Los Angeles,91331,-118.4115543,34.2790581,97.0,56.43,58.87,0.0,77.75,86.29,56.46,80.41
5330,Contra Costa,94509,-121.8155705,38.0004738,35.16,29.21,78.34,0.0,53.64,99.49,95.83,77.58
8427,Kern ,93203,-118.8856972,35.1821665,95.27,63.75,19.63,98.97,8.58,46.05,80.1,93.48
14401,Tulare ,93274,-119.2730278,36.1906178,84.58,96.75,33.63,88.24,19.79,76.76,89.06,45.74
4581,Riverside ,92505,-117.4691482,33.9042171,91.05,92.17,96.71,0.0,96.35,38.95,53.1,67.17
5747,San Bernardino,92335,-117.446889,34.0957108,97.0,91.43,56.63,10.55,11.61,72.2,85.9,96.81
6561,Contra Costa,94565,-121.9174417,38.0314621,32.15,33.49,69.22,0.0,76.58,97.88,88.42,58.51
3584,Los Angeles,90005,-118.2865323,34.0598252,50.54,86.22,94.25,0.0,34.71,25.76,20.03,91.17
2460,Santa Clara,95122,-121.858788,37.3262673,22.19,38.77,83.48,0.0,91.53,62.33,39.46,69.35
3730,Los Angeles,90706,-118.1247134,33.8802194,35.16,70.72,76.81,0.0,77.34,71.09,78.84,60.79
6782,Los Angeles,91768,-117.764973,34.0818183,78.22,91.97,69.78,0.0,85.19,68.27,49.83,39.21
3169,Los Angeles,91706,-117.9489743,34.1033004,82.48,68.85,54.55,0.0,18.78,76.12,65.07,81.36
7541,Tulare ,93219,-119.265395,35.8758839,82.48,92.37,62.85,90.31,50.19,49.49,72.22,97.41
2196,Los Angeles,90045,-118.3822385,33.9526287,32.15,76.98,95.62,0.0,78.09,18.84,44.13,63.52
5103,Sacramento ,95818,-121.5071562,38.5612821,39.99,39.35,78.33,0.0,84.46,81.29,55.58,84.4
4762,Kern ,93268,-119.4672721,35.1650721,88.7,92.36,16.2,0.0,5.05,39.01,95.3,98.58
3842,San Francisco,94124,-122.3901777,37.7370414,6.38,27.36,94.84,26.79,17.71,96.44,45.8,49.31
3376,Los Angeles,90006,-118.2960214,34.0435737,46.99,82.85,60.51,0.0,69.34,35.34,29.65,88.09
2579,Sacramento ,95670,-121.3037699,38.5762723,59.69,34.97,87.83,0.0,92.38,72.59,74.7,84.95
898,Orange ,92806,-117.8519526,33.8561656,53.73,87.9,85.87,0.0,91.5,63.35,43.71,38.13
5449,Los Angeles,90241,-118.1339117,33.9352796,46.99,85.63,53.08,0.0,63.09,51.36,85.32,68.48
5749,Tulare ,93247,-119.0817133,36.2125439,88.7,90.96,41.8,78.41,16.49,55.7,73.03,90.87
5617,Los Angeles,91706,-117.9616912,34.0958307,79.99,71.59,37.85,0.0,16.09,76.12,65.07,53.04
7118,Glenn ,95988,-122.2104734,39.5223177,42.56,26.72,42.15,88.07,9.33,69.6,99.71,81.07
4745,Los Angeles,90062,-118.3129995,34.0145548,39.99,77.45,33.88,0.0,60.7,91.3,73.93,71.42
6840,Kern ,93306,-118.9402404,35.3702538,95.27,99.37,41.83,0.0,14.34,77.89,73.18,97.7
7963,Stanislaus ,95361,-120.8597786,37.7554813,69.32,59.66,60.52,82.76,34.79,75.41,93.58,50.24
6637,Los Angeles,90745,-118.2696681,33.8135657,20.85,74.9,34.71,60.52,37.34,76.63,82.71,55.87
2926,Los Angeles,91331,-118.4039928,34.2402959,95.27,57.87,61.56,0.0,92.5,58.44,27.5,48.73
4498,Los Angeles,90032,-118.1878082,34.0882239,65.69,82.91,20.11,0.0,56.83,68.34,50.76,74.56
5178,San Diego,92020,-116.9696997,32.7840084,58.23,48.62,82.3,0.0,74.65,63.82,64.61,64.37
7261,Ventura ,93036,-119.1583831,34.240782,29.89,38.1,54.04,99.86,71.38,49.25,48.22,76.24
4516,Los Angeles,91203,-118.2597025,34.1492141,70.28,70.08,96.28,0.0,55.06,34.36,71.3,53.04
2806,Los Angeles,90006,-118.3084384,34.0453825,46.99,83.16,49.41,0.0,71.54,44.14,31.97,94.5
4618,Los Angeles,91306,-118.5753847,34.2119534,88.7,88.69,38.57,0.0,56.14,87.36,92.1,65.28
3394,Kern ,93501,-118.1693413,35.0539688,88.7,3.96,33.08,0.0,5.31,96.77,80.52,90.63
8442,San Bernardino,92404,-117.2805874,34.1575897,100.0,55.05,30.77,41.48,27.53,91.79,81.67,77.41
7178,Contra Costa,94565,-121.8828347,38.00648,35.16,31.8,71.04,0.0,48.84,97.88,88.42,71.22
8718,Madera ,93610,-120.1431313,37.0986965,78.01,72.12,26.8,93.59,53.89,64.71,99.86,84.54
5477,San Diego,92105,-117.1051018,32.7523973,35.16,48.6,81.46,0.0,62.73,81.56,60.94,92.94
4832,Los Angeles,90710,-118.3043149,33.7926172,20.85,71.25,83.09,0.0,70.8,67.67,49.59,57.44
7395,San Joaquin,95376,-121.4207353,37.7521308,60.66,46.76,66.99,53.21,68.58,87.4,69.95,64.72
2284,Los Angeles,90710,-118.3035314,33.7873712,20.85,68.24,88.95,0.0,58.46,55.43,34.01,72.58
7075,Orange ,92805,-117.8962473,33.8327568,51.9,83.06,56.52,0.0,28.24,62.57,54.49,46.39
5119,Solano ,94589,-122.2405897,38.1366028,14.92,36.89,39.99,0.0,84.8,100.0,95.75,64.37
5290,Los Angeles,90019,-118.3548171,34.0427467,46.99,71.35,66.47,0.0,53.21,60.66,24.73,70.13
3859,Los Angeles,90019,-118.3348919,34.0434012,46.99,78.68,34.41,0.0,67.5,77.69,51.26,76.11
5430,Los Angeles,91205,-118.238019,34.1425784,70.28,69.27,63.11,0.0,34.54,58.08,87.75,74.16
2437,Kern ,93308,-118.9832964,35.484358,88.82,98.37,7.36,33.93,5.13,78.44,83.28,51.95
2381,Los Angeles,90301,-118.3486875,33.9643251,32.15,75.32,58.44,0.0,46.6,92.42,86.83,49.31
4035,Tulare ,93247,-119.1291061,36.2050995,88.82,91.7,23.24,92.28,5.24,40.98,56.12,82.94
5473,Riverside ,92553,-117.2393048,33.9100517,98.67,61.79,55.84,0.0,39.81,77.33,93.3,89.87
4594,Orange ,90631,-117.9615275,33.9346776,59.69,76.83,73.37,0.0,71.58,52.59,66.33,42.61
2240,Los Angeles,90280,-118.2144693,33.9552551,39.99,81.79,65.61,0.0,49.29,59.56,82.29,85.24
2278,Los Angeles,93550,-118.1254252,34.576145,88.7,10.89,59.1,0.0,69.05,89.78,78.32,99.74
2345,Merced ,95333,-120.2255343,37.2234532,75.3,59.34,13.4,84.97,6.71,49.49,72.78,83.49
8458,Fresno ,93630,-120.0782738,36.734826,71.66,76.23,33.04,94.59,14.23,62.52,68.89,72.4
4019,Los Angeles,91205,-118.2484454,34.1444791,69.32,68.38,66.63,0.0,54.08,38.61,68.44,88.92
7788,San Mateo,94401,-122.3220821,37.5727209,10.57,30.55,78.74,0.0,89.3,58.21,27.07,76.43
2404,Santa Clara,95020,-121.5244284,37.018124,26.85,3.82,34.79,96.45,46.88,65.45,74.03,46.61
4246,Los Angeles,90280,-118.2100618,33.9480872,39.99,81.11,65.45,0.0,36.04,59.56,82.29,72.58
2583,Sacramento ,95814,-121.4904629,38.5772072,44.98,39.73,80.44,0.0,11.96,93.03,72.47,79.31
5174,Los Angeles,90802,-118.1938633,33.7631159,20.85,67.59,97.64,0.0,58.0,85.39,69.44,22.01
4874,Los Angeles,90744,-118.2693892,33.7948377,20.85,67.98,37.29,47.34,43.34,81.69,90.39,49.12
8751,Orange ,92801,-117.9806013,33.8358485,44.98,75.82,69.91,21.55,62.34,52.22,59.68,59.66
2873,Los Angeles,91502,-118.306208,34.1661607,76.94,70.03,80.04,0.0,86.56,29.19,32.79,44.62
4965,Sacramento ,95824,-121.418331,38.5205734,42.56,35.35,36.57,0.0,32.59,89.63,83.82,93.25
1243,Alameda ,94607,-122.2799541,37.8042711,3.12,48.5,98.62,0.0,51.99,97.62,41.75,93.67
4723,Los Angeles,90807,-118.191637,33.8230804,24.88,53.53,78.54,0.0,89.01,59.93,53.55,33.98
6818,Riverside ,92236,-116.182178,33.7018202,88.7,9.05,72.43,61.24,31.61,60.16,79.89,80.52
2645,San Bernardino,92347,-117.0754285,34.9440127,79.99,10.83,6.29,56.24,15.31,95.66,97.57,70.13
5754,Los Angeles,90062,-118.304538,34.0145164,39.99,77.45,36.69,0.0,59.9,74.91,43.41,79.13
3945,Los Angeles,90304,-118.3504318,33.9400113,29.89,76.33,78.71,67.21,33.65,69.49,73.85,57.01
5485,Madera ,93638,-120.0643287,36.9796339,78.01,91.65,33.85,0.0,22.74,91.72,99.8,98.58
3834,Los Angeles,91767,-117.7204486,34.0716281,79.99,93.52,23.05,0.0,16.05,80.88,72.41,59.08
4635,Tulare ,93247,-119.1045232,36.2136987,88.7,91.76,31.61,82.93,27.3,55.7,73.03,98.83
3726,San Joaquin,95215,-121.2192849,37.9618698,46.99,55.63,29.91,75.45,4.43,66.67,94.28,85.68
8339,Kern ,93307,-119.0121274,35.3176683,95.27,99.98,20.61,0.0,21.36,84.72,84.93,93.04
4817,Alameda ,94601,-122.2265557,37.7819786,3.12,41.29,81.19,0.0,29.99,97.16,61.9,87.5
4109,Los Angeles,91803,-118.1390208,34.0802793,69.32,73.98,73.13,0.0,54.31,30.89,18.26,86.22
4299,Contra Costa,94509,-121.8278001,38.0037019,37.57,30.12,79.13,0.0,58.7,99.35,93.66,93.39
5684,Los Angeles,91324,-118.5376549,34.2332349,93.63,90.53,60.21,0.0,73.54,68.81,74.14,46.39
6550,Los Angeles,91306,-118.5626938,34.2272273,91.05,86.12,62.81,0.0,62.79,70.53,71.97,39.4
3048,San Bernardino,92373,-117.1894607,34.0555603,100.0,57.32,91.38,52.41,32.11,43.2,60.71,75.84
3163,Los Angeles,90004,-118.2892234,34.0726794,53.73,85.92,89.1,0.0,62.23,30.67,20.78,88.62
4448,Fresno ,93705,-119.8222476,36.78763,82.48,96.19,22.68,0.0,25.85,95.49,50.59,92.45
2797,Los Angeles,91345,-118.4631511,34.2771693,97.0,55.91,91.46,0.0,88.8,68.78,57.13,48.92
10535,Madera ,93638,-119.9941659,37.0365737,79.99,89.3,10.27,80.28,13.2,90.34,99.61,63.02
2654,Solano ,94590,-122.2485415,38.1011243,13.62,39.25,67.17,32.72,11.01,99.81,91.55,74.05
7558,Fresno ,93612,-119.7158384,36.8048512,88.7,96.66,62.24,0.0,63.36,90.75,53.71,81.36
3476,Los Angeles,91744,-117.9348633,34.0229331,71.66,82.92,25.33,0.0,60.08,71.76,69.85,41.03
3663,Solano ,94590,-122.2365335,38.1052893,13.62,40.91,87.27,0.0,66.66,99.81,91.55,63.52
2977,Los Angeles,90027,-118.3027866,34.1035718,62.53,77.77,56.88,0.0,54.74,46.82,90.84,66.68
3034,San Joaquin,95203,-121.3057992,37.9613437,44.98,58.93,48.54,0.0,9.66,98.8,87.74,67.61
6340,Riverside ,92509,-117.4188498,33.9839627,95.27,93.71,36.78,0.0,28.7,65.94,76.96,57.79
5082,Los Angeles,90710,-118.3042086,33.8016119,20.85,72.74,70.93,0.0,67.93,56.43,35.48,50.24
2065,Stanislaus ,95367,-120.9332632,37.7365093,67.9,55.97,44.46,70.1,18.6,72.03,80.05,84.12
5400,Kern ,93306,-118.9577019,35.3723166,95.27,99.56,71.96,0.0,22.46,75.66,70.3,99.05
4991,Fresno ,93612,-119.7058337,36.8243809,88.7,96.65,76.15,0.0,44.38,93.36,61.81,75.72
5112,San Bernardino,92376,-117.3640967,34.1284219,98.67,67.63,17.39,0.0,69.68,84.16,95.44,60.62
5382,Los Angeles,91010,-117.9755668,34.1375469,88.7,69.73,84.52,0.0,82.68,58.76,41.61,63.32
6373,Los Angeles,91325,-118.515127,34.2248079,93.63,92.1,48.79,0.0,67.99,48.22,44.25,61.91
5896,Stanislaus ,95350,-121.0035722,37.6601004,69.32,56.94,71.57,68.24,26.71,88.32,70.48,48.03
4151,Los Angeles,91206,-118.2387735,34.1488475,71.66,67.7,94.0,0.0,75.0,42.36,79.52,75.52
10676,Solano ,94571,-121.7715997,38.2050259,35.27,16.57,7.67,76.21,7.65,85.84,84.62,48.92
5577,San Bernardino,91730,-117.5866987,34.1006231,93.63,97.65,58.28,0.0,49.69,46.16,87.66,59.23
6173,Solano ,94589,-122.244108,38.1480354,16.78,35.05,52.81,0.0,69.64,100.0,95.75,65.08
5592,Los Angeles,90806,-118.1953378,33.81618,22.19,60.17,79.85,36.83,77.5,79.37,67.3,72.58
4369,Los Angeles,91801,-118.1302887,34.0876622,71.66,69.89,57.73,0.0,52.75,30.22,23.94,66.31
8192,Los Angeles,91206,-118.2464109,34.1556019,71.66,68.19,98.18,0.0,90.34,33.89,70.05,50.01
6984,Ventura ,93033,-119.1708226,34.178902,24.88,35.18,70.33,79.76,52.1,44.78,55.4,76.62
8155,Sacramento ,95824,-121.4471878,38.5171831,39.99,35.49,39.35,0.0,32.14,92.44,89.42,96.04
4480,Alameda ,94612,-122.2715003,37.8087183,3.12,48.33,94.28,0.0,31.2,96.16,39.46,76.87
3486,Los Angeles,91801,-118.1201868,34.0841555,71.66,71.89,62.83,0.0,54.85,40.9,40.75,72.84
4067,Los Angeles,90019,-118.3215149,34.0494541,46.99,81.19,40.86,0.0,64.11,77.69,51.26,79.13
2631,Los Angeles,90065,-118.2354293,34.1067595,64.73,81.39,44.53,0.0,39.45,74.75,38.48,68.48
2789,Los Angeles,91702,-117.9220312,34.1109251,82.48,67.31,38.42,0.0,34.23,79.85,76.35,71.42
2029,Sacramento ,95826,-121.3713784,38.5576271,50.54,37.7,92.16,0.0,89.23,87.9,71.97,96.55
2106,Solano ,94533,-122.0449333,38.2470347,22.19,25.55,56.14,0.0,45.54,98.06,81.09,77.99
5218,Los Angeles,93550,-118.1125209,34.5802081,88.7,11.64,63.66,0.0,29.4,96.6,95.65,99.18
4797,Riverside ,92551,-117.2329208,33.883118,98.67,58.42,53.27,0.0,25.0,73.49,77.44,54.38
5243,Imperial ,92243,-115.5571432,32.7775979,62.53,32.21,51.34,0.0,52.21,92.8,88.27,82.79
4477,San Bernardino,92324,-117.3378085,34.0729192,98.67,74.74,96.81,0.0,90.04,82.58,87.94,70.34
3707,Sacramento ,95826,-121.4229418,38.5590043,46.99,39.39,85.28,20.83,89.7,46.95,13.35,97.69
9735,San Bernardino,92404,-117.2600059,34.1602104,100.0,54.54,12.59,31.97,9.09,96.32,96.49,69.96
4141,Santa Clara,95112,-121.8709918,37.3223412,22.19,35.54,89.82,0.0,62.36,54.97,25.87,72.4
6381,Los Angeles,91748,-117.9080818,33.9988356,66.81,87.65,89.55,0.0,89.39,24.41,30.45,62.25
4472,Alameda ,94501,-122.3050028,37.7801283,3.12,43.47,97.61,0.0,58.63,74.0,51.82,58.34
7835,Kern ,93313,-119.0445781,35.3029184,93.63,99.84,67.67,0.0,63.84,65.09,84.42,87.39
5019,Orange ,92843,-117.9463184,33.7632139,44.98,74.49,38.98,0.0,93.85,64.67,76.52,61.76
3119,Los Angeles,91342,-118.4365572,34.3105742,97.0,54.84,84.72,0.0,82.71,73.29,57.13,96.93
10765,Imperial ,92231,-115.4776657,32.6773547,70.28,83.36,82.02,54.86,24.01,69.34,90.95,68.27
4886,Santa Clara,95020,-121.5705799,37.019822,32.15,4.41,80.4,86.03,82.8,68.13,76.17,59.08
6567,Los Angeles,91502,-118.3067629,34.1811412,79.99,68.57,96.35,0.0,78.06,21.37,25.07,68.83
4652,Stanislaus ,95380,-120.8326517,37.4902919,74.1,93.53,42.53,79.28,9.64,84.01,97.26,58.79
10015,Kings ,93204,-120.0793193,35.9048358,64.95,43.22,5.75,62.14,12.59,48.87,87.11,96.43
3080,Los Angeles,90640,-118.0889928,34.0286266,66.81,78.69,27.04,47.93,82.43,60.27,73.65,27.35
9138,Riverside ,92553,-117.270282,33.9329093,98.67,64.01,60.61,32.9,66.75,80.62,95.86,68.94
3735,Los Angeles,91405,-118.4356174,34.1902993,88.7,64.08,28.56,0.0,61.08,71.29,68.38,72.58
6654,Orange ,92831,-117.9057059,33.8715955,53.73,87.89,73.45,0.0,23.98,47.0,39.08,69.16
2403,Riverside ,92504,-117.4050093,33.9061238,95.27,89.16,33.94,72.55,6.85,47.36,40.19,84.7
1703,San Diego,92102,-117.1450748,32.7083889,29.89,50.38,98.27,0.0,61.0,79.86,35.32,79.55
6923,Fresno ,93705,-119.8369046,36.7994995,82.48,96.2,28.65,0.0,46.94,96.92,59.5,84.77
5096,Los Angeles,90065,-118.228857,34.1126744,66.81,72.71,64.28,0.0,77.58,74.75,38.48,53.27
5745,Tulare ,93221,-119.1467114,36.285001,93.63,92.64,32.62,88.55,10.25,45.51,72.78,85.88
4344,San Bernardino,91786,-117.6393283,34.0962131,91.05,99.1,69.88,0.0,30.65,54.34,68.66,76.87
3837,Stanislaus ,95307,-120.942101,37.6018684,71.66,59.65,17.04,51.21,41.55,61.71,82.54,72.74
1526,Merced ,95374,-120.8828702,37.3402713,74.1,57.75,17.62,96.59,5.01,59.42,72.92,90.69
4547,Los Angeles,91331,-118.440639,34.2462338,97.0,62.0,25.03,0.0,42.19,81.26,49.5,61.65
2425,Merced ,95341,-120.514891,37.2921587,72.55,87.44,48.53,80.41,63.78,89.36,96.14,61.28
6151,Los Angeles,91340,-118.4345092,34.2897466,97.0,55.81,39.83,0.0,18.94,83.09,49.0,61.65
4917,Santa Clara,95122,-121.8498004,37.3331809,22.19,38.56,96.17,0.0,99.54,79.21,66.05,87.39
4326,Solano ,94590,-122.2497147,38.111521,13.62,39.02,63.63,0.0,15.43,99.81,91.55,83.04
4109,Merced ,95301,-120.5855674,37.3434621,72.55,79.09,73.14,87.41,53.01,76.47,91.03,62.59
4052,Los Angeles,90026,-118.2520467,34.0811373,59.69,90.27,75.37,0.0,45.11,63.7,60.59,42.61
13319,San Bernardino,92394,-117.3359,34.515479,84.58,9.0,57.42,57.21,68.64,78.84,88.11,94.07
3662,Orange ,90631,-117.9434406,33.9331436,59.69,81.58,26.96,0.0,36.13,52.59,66.33,69.96
5288,Orange ,92704,-117.9026546,33.7371732,51.9,70.43,62.08,0.0,74.39,51.15,45.97,91.76
4056,Contra Costa,94520,-122.0474489,37.9606497,17.65,33.98,90.23,42.83,96.58,92.21,76.38,61.28
5229,Fresno ,93727,-119.7272787,36.7613333,88.7,96.94,24.84,0.0,56.08,80.63,51.46,93.98
6471,Madera ,93638,-120.0985344,37.0354441,78.01,87.87,34.52,82.66,42.78,91.58,99.74,59.52
5204,Los Angeles,90605,-118.0407064,33.9281744,53.73,69.94,37.93,0.0,39.59,52.26,82.44,60.62
1843,Los Angeles,90806,-118.2020691,33.7943972,20.85,64.23,74.66,0.0,52.69,89.18,80.47,70.34
4284,San Bernardino,92376,-117.3529084,34.0941764,98.67,68.31,42.09,0.0,33.41,75.9,85.78,78.63
2942,Alameda ,94606,-122.240953,37.7909446,3.12,44.28,83.58,0.0,9.48,92.36,32.24,77.81
4006,Kern ,93309,-119.0481028,35.3286336,93.63,99.71,87.68,0.0,55.59,86.45,79.15,84.77
4501,Kern ,93505,-117.8818657,35.2098975,80.09,5.54,3.26,0.0,4.73,86.98,76.52,87.94
7091,San Mateo,94303,-122.1465681,37.4680579,10.57,16.47,80.78,0.0,83.8,71.29,36.86,54.03
3195,Los Angeles,90019,-118.3275531,34.0443254,46.99,78.68,44.16,0.0,63.5,72.97,43.78,83.87
4454,Los Angeles,90028,-118.321677,34.1009548,62.53,77.19,99.25,0.0,83.49,60.41,46.59,54.03
3118,Los Angeles,90016,-118.3467706,34.0184552,39.99,73.9,40.3,19.86,40.6,69.06,21.44,93.76
1521,Kern ,93252,-119.451887,35.0702231,84.58,51.4,11.1,0.0,1.14,32.83,76.35,92.02
2181,Los Angeles,91502,-118.312844,34.1853923,79.99,68.15,63.27,0.0,87.58,11.58,10.63,84.91
3367,Sacramento ,95821,-121.392239,38.6142373,55.38,44.06,16.93,0.0,59.26,95.5,63.72,87.3
5324,Los Angeles,91343,-118.479077,34.2284788,93.63,86.48,62.68,0.0,94.34,82.1,59.25,47.5
4423,Merced ,95340,-120.4432482,37.3030351,72.55,89.25,41.28,85.24,20.86,98.52,99.89,82.36
3674,San Francisco,94102,-122.4125954,37.783933,3.12,28.05,98.03,0.0,38.33,81.72,16.48,88.53
9934,Orange ,92703,-117.8797292,33.755664,55.38,75.84,72.56,0.0,52.04,47.69,40.99,71.09
8439,Stanislaus ,95358,-121.0809748,37.6930984,66.81,53.7,80.86,99.1,41.8,50.11,70.38,60.62
5766,Santa Barbara,93111,-119.8192482,34.4311812,20.85,14.87,57.71,83.21,64.3,27.22,35.48,67.25
5519,Sacramento ,95827,-121.321468,38.5733375,56.96,36.45,77.39,0.0,87.88,60.57,70.6,86.86
4309,San Bernardino,92316,-117.396582,34.0730055,97.6,89.46,62.53,0.0,91.29,81.7,88.52,84.33
3052,Los Angeles,91601,-118.3657855,34.1622937,76.94,61.94,59.39,0.0,61.16,68.72,62.0,66.43
3689,Butte ,95928,-121.8128247,39.7192136,57.06,32.38,72.32,73.41,63.55,54.7,38.81,83.42
5084,Los Angeles,90302,-118.3617818,33.9741892,35.16,71.99,64.75,0.0,42.89,90.62,80.89,62.25
5942,Los Angeles,91303,-118.611899,34.203248,79.99,55.68,43.86,55.0,52.44,65.43,59.63,46.61
5240,San Bernardino,91763,-117.6958376,34.0892501,84.58,95.2,95.91,0.0,89.86,76.48,83.77,59.82
3042,Los Angeles,91304,-118.6102868,34.213933,82.48,56.61,49.42,0.0,59.68,67.67,54.71,50.01
10201,Stanislaus ,95361,-120.8306667,37.7663393,69.32,57.7,55.83,92.24,28.4,75.41,93.58,67.61
5193,Contra Costa,94509,-121.7994409,38.0053331,35.16,31.28,65.68,6.52,35.31,99.49,95.83,41.24
3358,Orange ,92704,-117.8986838,33.721106,51.9,69.93,61.83,0.0,54.53,54.89,51.1,57.63
4819,Orange ,92802,-117.9300579,33.8201001,48.45,80.88,77.72,21.97,91.8,62.13,45.03,75.3
4192,Orange ,92780,-117.8294395,33.7365911,59.69,71.19,92.0,0.0,99.91,38.56,48.39,85.77
5433,Los Angeles,91790,-117.9439942,34.0764659,76.94,77.8,68.34,0.0,84.05,60.29,43.16,64.72
6878,Sutter ,95991,-121.6237303,39.158005,47.38,44.47,81.59,80.86,45.93,56.63,87.5,77.99
2506,San Diego,91911,-117.0887814,32.6092325,24.88,55.33,48.82,0.0,59.04,71.98,47.37,77.06
4773,Los Angeles,91746,-117.9698642,34.058781,75.12,78.99,22.53,20.9,36.44,44.44,57.54,51.95
3221,Los Angeles,90020,-118.3066067,34.0671619,51.9,83.42,69.16,0.0,76.19,60.03,70.66,75.3
7837,Tulare ,93292,-119.2108517,36.4202175,93.63,91.54,20.5,88.97,1.96,30.63,52.28,89.28
8053,San Mateo,94066,-122.410087,37.6236,10.57,26.2,84.08,0.0,63.93,66.44,47.32,41.91
5833,San Bernardino,92335,-117.4055556,34.0975427,98.67,88.86,26.83,0.0,18.0,60.07,72.62,86.12
9292,Madera ,93637,-120.1734248,36.9703496,75.3,78.56,20.91,88.21,13.24,90.64,99.53,40.11
3230,San Diego,92173,-117.0662396,32.5641819,29.89,93.79,83.25,0.0,45.73,77.75,80.42,86.07
3279,San Diego,92105,-117.0715691,32.7392175,37.57,49.6,54.87,0.0,20.56,71.92,46.93,63.24
4984,Orange ,92844,-117.9804239,33.7655645,39.99,69.46,74.39,30.55,95.03,29.39,43.64,79.66
4147,Los Angeles,90047,-118.3140872,33.9369542,29.89,85.41,31.2,30.0,40.31,98.26,86.39,39.62
4349,Los Angeles,93534,-118.1567565,34.6820995,88.7,8.77,60.46,0.0,63.74,99.31,92.62,82.46
10032,San Bernardino,91761,-117.5757345,34.0081401,84.58,95.58,57.0,64.79,14.24,58.61,79.32,40.34
4748,Los Angeles,90260,-118.3480963,33.8985392,29.89,79.86,38.72,0.0,73.31,57.32,46.65,71.71
6353,San Joaquin,95336,-121.1893705,37.8040048,58.23,54.46,76.69,95.21,68.94,89.91,93.08,49.55
11600,Madera ,93637,-120.0851443,36.9569657,76.94,92.3,46.48,45.21,37.51,90.72,99.56,49.31
6018,Los Angeles,91606,-118.4014361,34.1797368,82.63,60.71,57.82,0.0,92.71,42.88,63.16,57.79
2422,Los Angeles,90006,-118.2827213,34.044384,48.45,87.99,93.48,0.0,70.71,49.7,39.89,97.34
6569,Merced ,95388,-120.611118,37.3941884,75.12,67.04,24.19,95.59,14.05,88.37,97.16,86.68
4038,Kern ,93309,-119.049604,35.3359425,93.63,99.71,88.34,0.0,64.61,86.45,79.15,89.06
7403,Los Angeles,90241,-118.1433556,33.95127,46.99,85.64,50.08,0.0,75.89,39.41,71.68,44.07
6076,Stanislaus ,95363,-121.298493,37.4986999,62.76,43.62,13.04,87.97,19.06,38.68,53.71,65.08
7970,Kern ,93307,-119.0121407,35.3031439,95.27,99.95,42.22,17.97,13.94,84.32,90.96,90.3
4248,Los Angeles,90007,-118.2895621,34.0267694,44.98,81.27,94.8,0.0,62.66,54.06,67.81,99.8
2471,Los Angeles,90744,-118.2795526,33.7946618,20.85,69.35,78.48,0.0,83.09,83.0,92.82,44.41
6468,Los Angeles,90670,-118.0891681,33.9409904,50.54,85.28,93.12,0.0,99.39,60.51,86.42,42.24
5237,Los Angeles,90280,-118.2041472,33.9601821,42.56,81.47,52.89,0.0,30.09,34.06,53.19,79.66
2084,Los Angeles,90016,-118.3405648,34.0209191,39.99,73.9,39.32,0.0,21.21,89.47,65.72,38.13
6332,Riverside ,92236,-116.1700827,33.6628977,88.7,8.8,53.28,46.9,10.38,54.27,75.6,91.13
5127,San Bernardino,91764,-117.6056182,34.0740868,91.05,97.96,68.03,0.0,81.56,61.02,80.27,62.25
4639,Orange ,92867,-117.8611662,33.812775,53.73,82.83,73.89,19.69,36.66,29.77,33.67,77.31
8222,San Bernardino,92335,-117.4269916,34.084891,97.0,89.78,49.15,0.0,28.33,72.2,85.9,63.77
6770,Los Angeles,90706,-118.1115699,33.8905614,37.57,71.76,85.44,0.0,82.81,71.09,78.84,54.79
6120,San Joaquin,95207,-121.3447729,38.0092936,44.98,53.3,69.98,69.41,77.1,89.74,70.75,60.79
4681,San Diego,91950,-117.0871662,32.6798189,29.89,51.95,87.75,0.0,94.73,85.03,77.12,76.62
4257,Los Angeles,91744,-117.9477593,34.0466402,74.1,83.29,56.47,0.0,14.79,70.26,66.61,67.45
6282,Kern ,93306,-118.9226708,35.3682609,97.0,99.19,34.96,0.0,10.33,77.92,73.18,99.13
2471,Alameda ,94608,-122.2802437,37.8394669,3.12,44.01,81.12,0.0,27.58,95.81,39.32,50.85
3503,Los Angeles,91744,-117.9608384,34.0395089,74.1,83.46,26.21,0.0,30.13,80.72,81.64,57.63
4131,San Diego,91945,-117.0418316,32.7375847,37.57,50.22,52.55,0.0,43.78,85.43,60.94,63.52
6858,Kings ,93245,-119.9245603,36.3051812,79.99,60.55,18.58,89.9,9.79,83.5,98.62,67.68
4163,Los Angeles,90042,-118.1978495,34.107365,67.9,70.55,69.36,0.0,60.91,53.19,48.92,72.09
3756,Los Angeles,90706,-118.1322329,33.8990638,37.57,74.59,87.63,41.14,36.16,71.09,78.84,51.75
5214,Los Angeles,91745,-117.9583769,34.0002603,69.32,82.2,85.64,0.0,93.5,50.76,49.83,44.62
2276,Los Angeles,90019,-118.3193139,34.0543037,48.45,81.87,37.86,0.0,71.53,45.83,18.88,74.28
5635,Los Angeles,90020,-118.2877775,34.0652365,51.9,86.22,91.67,0.0,55.43,34.93,35.32,76.24
1372,Ventura ,93033,-119.1186906,34.1712698,26.7,29.66,56.43,99.97,21.9,48.75,63.83,84.91
7156,Los Angeles,90650,-118.0911533,33.8912102,42.56,75.69,56.58,0.0,66.41,65.35,93.42,68.94
3221,Los Angeles,90670,-118.0683234,33.9335661,50.99,76.99,88.4,0.0,54.54,30.89,50.64,74.05
4839,San Francisco,94134,-122.3846994,37.7132283,6.38,31.55,99.8,24.9,74.6,77.32,14.99,51.41
4367,San Bernardino,92376,-117.3900615,34.1104058,98.67,76.39,64.54,0.0,31.85,81.21,93.51,47.11
5098,Sacramento ,95824,-121.4335116,38.518459,42.56,35.1,43.71,0.0,33.24,92.25,90.15,89.06
4514,Contra Costa,94806,-122.345993,37.9760806,6.38,37.57,29.74,15.93,25.84,94.48,81.82,62.07
3216,Los Angeles,90027,-118.2961605,34.1035829,60.66,77.77,42.24,0.0,53.23,46.82,90.84,71.71
4859,Los Angeles,90006,-118.2879026,34.0537069,48.45,87.78,85.23,0.0,72.25,61.93,62.36,90.94
2587,Los Angeles,90280,-118.2152045,33.9432105,39.99,81.22,39.9,0.0,37.08,27.43,26.3,96.55
2890,Los Angeles,91402,-118.4458757,34.2371667,95.27,63.61,72.36,0.0,51.85,67.35,46.83,76.71
4192,Merced ,95301,-120.6034458,37.3564573,74.1,84.7,14.06,53.93,9.08,76.47,91.03,83.24
14848,Imperial ,92251,-115.557135,32.8655904,51.99,36.7,14.34,87.62,15.51,89.05,82.07,38.57
7725,Orange ,92801,-117.9285475,33.8357946,50.54,80.47,69.37,0.0,83.98,47.59,38.24,58.79
4281,Merced ,95348,-120.4948113,37.3196623,72.55,88.34,49.22,0.0,60.15,91.97,98.57,93.76
5087,San Bernardino,91710,-117.6893011,34.0155079,75.12,94.15,25.21,0.0,24.76,49.89,83.15,86.97
6839,Los Angeles,91766,-117.7604508,34.0477052,74.1,91.11,51.23,0.0,12.46,82.04,78.25,84.54
3551,Riverside ,92503,-117.4726482,33.9516995,93.63,93.91,36.48,0.0,33.15,54.94,70.33,64.54
3378,Riverside ,92553,-117.2567772,33.9191537,98.67,60.15,68.53,0.0,33.03,80.87,96.11,80.41
4546,Los Angeles,91342,-118.4558345,34.2930983,97.0,56.32,74.31,0.0,29.06,58.95,34.01,70.44
4405,Los Angeles,90047,-118.3111925,33.9709293,35.16,79.51,18.87,0.0,47.96,96.51,79.35,61.91
4484,Santa Clara,95116,-121.8467084,37.3622455,20.85,34.18,87.99,0.0,95.96,88.43,71.62,64.9
6772,Orange ,92704,-117.8994228,33.7442595,51.9,72.08,63.15,0.0,64.89,35.29,25.07,92.79
4659,Los Angeles,91306,-118.5814401,34.2185595,84.58,71.61,33.7,0.0,59.55,87.36,92.1,50.01
4040,Stanislaus ,95354,-120.9345314,37.6436041,70.28,60.96,57.97,31.28,22.45,84.06,59.5,78.34
4331,Los Angeles,90018,-118.3023777,34.027317,44.98,80.3,41.31,0.0,65.5,62.49,57.61,73.0
5602,Santa Clara,95116,-121.8522546,37.3445854,22.19,41.56,95.3,0.0,94.83,88.33,71.54,71.42
6719,Orange ,92704,-117.9165225,33.7043732,50.54,60.95,68.14,37.83,60.76,48.18,42.11,65.28
5436,San Bernardino,91710,-117.6828193,34.0227451,76.94,94.24,87.7,0.0,30.59,49.89,83.15,50.68
3551,Los Angeles,91601,-118.3833988,34.1757824,79.99,61.99,65.75,0.0,67.61,60.48,53.71,78.77
6367,San Francisco,94103,-122.4087033,37.7760649,3.12,24.28,99.33,8.48,77.14,88.91,29.3,71.91
5920,San Bernardino,91730,-117.6046422,34.0979077,93.63,98.27,74.55,0.0,27.26,46.16,87.66,59.23
4795,Los Angeles,91405,-118.4290714,34.1953384,88.7,63.16,42.03,0.0,56.85,38.14,24.73,74.7
4013,San Mateo,94063,-122.2304268,37.4894625,7.52,15.15,90.14,0.0,86.16,80.42,44.53,37.89
6604,San Bernardino,91786,-117.6718364,34.1008082,88.7,97.3,22.25,0.0,31.64,78.66,89.93,60.62
3862,Contra Costa,94520,-122.0293918,38.036962,21.01,28.74,56.81,0.0,91.09,95.71,81.34,45.53
7293,San Bernardino,91761,-117.586378,34.0245953,88.7,97.44,68.79,0.0,93.51,61.64,82.13,12.45
5926,San Bernardino,92395,-117.287959,34.5147771,84.58,9.61,49.27,28.41,73.81,94.44,99.05,87.94
4151,Los Angeles,90804,-118.1621912,33.7844124,20.85,64.52,53.09,0.0,27.99,90.54,78.68,90.48
4370,Riverside ,92503,-117.4621002,33.923878,93.63,92.74,55.41,3.31,37.3,53.23,68.89,63.64
4831,Riverside ,92543,-116.9865118,33.7502798,93.63,45.55,62.61,0.0,45.09,91.74,93.38,93.56
4930,Los Angeles,90605,-118.0342818,33.9516825,59.69,76.22,41.26,0.0,44.25,56.14,80.8,67.01
7903,Orange ,92707,-117.8809246,33.7088171,55.38,69.63,53.37,49.93,48.59,52.72,32.49,64.9
5422,Tulare ,93223,-119.203884,36.3027536,93.63,94.96,20.21,83.55,9.41,74.31,72.1,98.25
4401,San Francisco,94134,-122.4057589,37.7281305,6.38,29.4,97.45,30.9,93.56,73.64,25.95,58.23
4537,Los Angeles,93550,-118.1008047,34.5800249,88.7,9.72,47.23,0.0,32.78,96.6,95.65,91.13
3909,Los Angeles,90031,-118.2343586,34.0907632,62.53,89.36,93.23,0.0,99.79,68.21,26.58,63.02
5614,Kern ,93309,-119.0495029,35.3601532,93.63,99.66,94.92,0.0,57.43,86.45,79.15,83.04
3547,San Bernardino,92309,-115.8769708,35.143329,77.09,7.45,3.61,39.41,13.81,54.81,73.93,76.43
4084,San Francisco,94124,-122.3958269,37.7326723,6.38,30.04,98.46,33.59,19.58,96.44,45.8,44.22
5508,San Bernardino,91710,-117.6829758,34.0299818,76.94,94.82,94.41,0.0,93.14,45.83,74.36,42.61
7653,Contra Costa,94509,-121.7964223,37.9919244,35.16,29.56,51.5,4.52,72.46,99.24,92.82,62.66
4188,Los Angeles,90650,-118.0951779,33.9123664,44.98,76.58,63.77,0.0,63.39,66.34,93.77,47.75
4495,Orange ,90631,-117.9410438,33.9419968,62.53,79.28,55.06,0.0,55.35,52.59,66.33,65.54
5408,Orange ,90680,-117.9916514,33.792014,39.99,69.66,69.28,0.0,78.4,28.0,19.74,73.32
2952,Fresno ,93210,-120.4089333,36.204251,57.14,24.46,1.88,84.48,7.25,68.52,87.04,79.31
5224,Los Angeles,91343,-118.4621302,34.2391374,95.27,66.68,93.76,0.0,66.08,85.19,63.51,35.93
4130,Fresno ,93705,-119.8353599,36.7901386,82.48,96.18,15.53,0.0,30.19,96.75,58.69,75.84
5110,Los Angeles,90716,-118.0662058,33.8273348,35.16,65.59,37.25,0.0,53.31,52.12,77.01,78.88
3809,Stanislaus ,95351,-121.0172914,37.6170322,70.28,56.74,10.01,0.0,7.79,94.8,87.11,97.66
3836,Los Angeles,91746,-118.0172042,34.0382308,72.83,80.12,87.95,59.52,98.15,41.82,64.31,44.07
5629,Contra Costa,94565,-121.9435261,38.0391707,29.89,30.9,44.09,0.0,29.75,97.88,88.42,75.72
5742,Orange ,92683,-117.9906948,33.765726,37.57,62.55,79.18,46.76,89.79,32.27,45.2,64.9
5486,Riverside ,92551,-117.239288,33.8955489,98.67,58.31,27.29,0.0,22.88,68.41,72.18,77.99
3701,Los Angeles,91801,-118.1260625,34.0832452,70.28,70.9,67.5,0.0,66.13,40.9,40.75,58.62
7415,Tulare ,93618,-119.3860655,36.5529114,91.05,96.84,60.7,20.07,16.26,75.51,84.07,73.76
4468,Contra Costa,94801,-122.3538132,37.9476192,3.83,39.99,96.48,8.97,43.65,93.21,46.16,79.2
4426,San Bernardino,91762,-117.6561451,34.0789551,84.58,97.64,76.86,0.0,87.09,75.61,85.38,43.89
2580,Solano ,94590,-122.2622993,38.1083885,13.62,38.16,70.24,0.0,13.78,99.81,91.55,81.49
4074,Kern ,93203,-118.83337,35.2236273,95.27,71.7,25.94,99.03,2.6,44.17,81.7,94.07
6054,Los Angeles,91331,-118.4046862,34.2761482,97.0,56.05,50.04,0.0,79.46,83.54,52.16,73.32
4719,Merced ,95301,-120.62207,37.3603045,75.12,78.62,62.23,96.41,55.13,69.17,83.44,78.77
4868,San Diego,91910,-117.0851125,32.6341315,24.88,51.41,60.14,0.0,37.16,67.63,48.22,74.87
7897,Orange ,92655,-117.9853704,33.7410623,37.57,62.22,65.53,53.79,83.83,29.86,22.82,58.23
6447,Orange ,92801,-117.9331121,33.8440428,50.54,81.06,42.41,0.0,70.35,50.93,52.28,69.08
4688,Fresno ,93612,-119.7182723,36.8194376,88.7,97.17,74.2,80.31,63.21,93.36,61.81,85.18
7601,Los Angeles,91340,-118.4273952,34.2948569,97.0,55.52,58.51,0.0,28.84,85.56,53.28,56.07
7823,Orange ,92833,-117.9720126,33.8629545,50.54,79.33,74.37,0.0,87.16,43.39,32.32,68.83
4099,San Diego,92102,-117.0902817,32.7067366,29.89,51.72,90.74,0.0,88.13,45.41,4.84,89.76
3949,Sonoma ,95407,-122.7274638,38.4288774,7.52,8.7,95.63,9.69,78.13,80.25,89.21,77.58
4977,Kern ,93308,-119.0737144,35.4176598,91.05,99.22,62.66,0.0,57.48,82.35,89.0,73.32
3053,Kings ,93230,-119.5983712,36.3928943,84.58,97.37,19.22,93.1,17.74,89.1,93.1,19.6
2731,Fresno ,93234,-120.0943201,36.1460009,70.67,48.77,26.43,96.24,18.3,57.75,93.39,98.96
4566,Sacramento ,95821,-121.3737809,38.6158347,56.96,49.48,16.71,0.0,42.01,94.32,59.63,67.61
8468,Santa Clara,95111,-121.8479711,37.2991814,24.88,25.99,57.1,0.0,62.0,75.34,58.54,76.43
6399,Los Angeles,91010,-117.995471,34.1233883,84.58,74.19,44.44,53.83,19.39,44.02,23.19,53.48
8444,San Mateo,94080,-122.4175676,37.656229,10.57,33.07,67.27,0.0,63.65,70.83,51.1,51.41
1697,Ventura ,93066,-119.0558409,34.3332732,47.09,33.55,24.11,95.69,48.69,39.53,42.02,67.45
7844,Madera ,93610,-120.2587546,37.1133445,76.94,84.85,65.58,71.14,32.88,65.55,99.9,89.17
3064,San Joaquin,95330,-121.2797491,37.8194204,57.77,53.94,79.73,38.86,10.65,85.89,78.56,46.18
5245,San Mateo,94063,-122.2044816,37.4797497,10.57,12.27,64.48,0.0,23.68,76.96,38.24,65.41
3495,Los Angeles,90242,-118.1471817,33.9082352,39.99,74.18,91.85,0.0,85.55,38.36,65.07,45.97
5269,Los Angeles,90004,-118.3024972,34.0799255,53.73,80.92,93.32,0.0,87.91,42.78,34.26,83.87
3882,San Joaquin,95336,-121.2217376,37.8193804,56.96,53.85,79.35,74.07,46.14,91.01,94.27,74.16
2685,Los Angeles,90028,-118.3336722,34.0986626,62.53,73.4,74.76,0.0,75.45,69.98,58.14,69.72
1046,Imperial ,92227,-115.4711527,32.9827303,32.16,34.69,10.16,91.38,5.41,95.68,79.71,71.09
5723,Riverside ,92509,-117.4960233,33.9918252,93.63,98.15,42.91,21.59,20.53,58.71,70.23,45.53
5931,Contra Costa,94804,-122.3560521,37.8969709,3.12,36.99,96.02,0.0,67.98,99.33,71.77,51.09
2973,Los Angeles,90601,-118.039504,34.0142722,68.09,76.54,75.59,41.72,98.31,64.37,91.16,11.27
4491,Los Angeles,91770,-118.0827115,34.0871355,74.1,69.06,86.38,51.14,39.38,38.72,35.41,61.55
5365,Fresno ,93726,-119.7429548,36.8049374,84.58,96.83,70.91,0.0,76.76,73.72,17.34,92.07
7090,Riverside ,92530,-117.3166621,33.6483829,79.99,50.85,48.05,0.0,65.71,64.1,98.28,82.14
5432,Los Angeles,91744,-117.9159505,34.0193311,69.32,85.75,29.97,0.0,56.09,62.48,58.8,67.45
6978,San Diego,92173,-117.0528794,32.5473763,29.89,98.92,76.55,0.0,99.99,68.44,68.76,92.99
4843,Santa Clara,95116,-121.8644444,37.3375921,20.85,38.97,93.88,0.0,99.06,60.32,30.75,83.24
6796,Kings ,93245,-119.7738507,36.3015715,82.48,95.4,28.44,71.72,37.98,83.5,98.62,83.66
4488,Orange ,92843,-117.9350465,33.774216,46.99,75.1,80.98,0.0,81.08,52.41,68.76,55.11
2982,Alameda ,94710,-122.2936857,37.8645164,3.12,39.79,84.92,0.0,41.44,81.09,46.83,58.02
4700,Orange ,92840,-117.9193342,33.7888535,48.45,75.46,45.1,0.0,45.9,37.18,47.52,72.4
1873,Riverside ,92553,-117.2274689,33.9373528,98.67,59.99,91.44,0.0,56.05,80.87,96.11,89.66
3837,Los Angeles,90005,-118.2935144,34.0597633,50.54,86.22,94.34,0.0,59.88,33.08,38.11,93.04
6104,Los Angeles,90240,-118.1314443,33.9642238,50.99,87.68,66.41,0.0,93.3,31.67,52.92,23.66
4478,Los Angeles,90640,-118.0939478,34.040905,67.9,79.66,96.3,62.17,94.11,34.95,36.17,34.92
5408,Sacramento ,95670,-121.2806531,38.5901142,62.53,31.79,86.1,0.0,88.16,78.08,81.42,71.91
10368,San Mateo,94303,-122.1238259,37.4667198,10.57,18.52,55.4,0.0,73.35,71.93,37.75,50.24
12394,Tulare ,93257,-119.0549135,36.0930135,82.48,93.98,50.6,68.03,29.95,71.09,91.55,72.16
3165,Los Angeles,90006,-118.3028633,34.0436623,46.99,81.72,54.23,0.0,71.16,44.5,30.75,82.73
4507,San Joaquin,95210,-121.2861975,38.0255205,44.98,54.6,64.33,0.0,64.99,78.45,91.97,93.28
6180,Los Angeles,91311,-118.5918392,34.2533539,88.7,54.9,43.42,0.0,62.1,61.57,77.19,47.75
2963,Los Angeles,90039,-118.2473892,34.1036004,62.53,82.43,91.65,0.0,98.1,23.5,2.34,63.24
4000,Los Angeles,90301,-118.3569389,33.9490727,29.89,80.68,45.66,30.28,43.64,92.37,86.75,54.03
6758,Los Angeles,91016,-117.9971918,34.1360755,84.58,72.91,90.91,0.0,79.26,51.86,36.89,57.3
7492,Sacramento ,95823,-121.4391674,38.4777448,39.99,32.74,74.9,0.0,71.0,98.45,98.74,85.24
2671,San Joaquin,95210,-121.2957942,38.0094599,44.98,55.27,36.04,0.0,64.83,79.35,89.22,83.17
7460,San Bernardino,91730,-117.5668167,34.0907982,95.27,96.1,69.32,0.0,70.95,34.07,68.66,45.06
4426,Alameda ,94606,-122.2357701,37.787786,3.12,44.28,81.98,0.0,11.88,91.91,30.89,86.22
6654,Orange ,92804,-117.9716595,33.8103743,44.98,73.47,24.7,24.79,39.73,61.05,62.84,74.97
4280,Los Angeles,90004,-118.3113323,34.0798801,53.73,79.17,78.05,0.0,74.69,65.09,64.12,79.91
6156,Los Angeles,91770,-118.098744,34.0691098,71.66,73.53,59.9,0.0,89.81,27.44,18.73,81.62
3800,Los Angeles,90039,-118.2647639,34.1207814,64.73,76.65,86.96,0.0,88.26,50.19,29.89,17.49
1898,Los Angeles,90247,-118.304508,33.8909348,26.7,81.16,64.73,0.0,55.83,87.97,71.71,66.87
3518,Los Angeles,90038,-118.319013,34.094395,59.69,72.55,96.63,0.0,71.6,47.27,38.96,67.45
6596,Sutter ,95993,-121.6664276,39.134305,48.7,41.39,61.57,90.21,43.46,14.93,66.01,80.64
7761,Alameda ,94579,-122.1574574,37.6985801,7.52,30.01,83.85,0.0,95.45,72.02,63.4,26.67
2705,Los Angeles,90032,-118.197404,34.0793615,64.73,89.6,20.51,0.0,59.94,44.69,15.93,70.34
3137,Fresno ,93612,-119.7194878,36.8119204,88.7,97.05,77.88,80.55,74.35,93.36,61.81,68.83
3848,Stanislaus ,95358,-121.0018903,37.5972529,70.28,58.11,35.08,69.1,9.55,82.12,74.08,84.12
5221,Kern ,93313,-119.0458982,35.3174932,93.63,99.83,34.72,0.0,72.69,77.55,71.1,74.28
2986,Los Angeles,90802,-118.1787306,33.772239,20.85,63.83,47.31,0.0,34.98,86.52,70.6,91.7
8270,Orange ,92804,-118.0065042,33.8246115,39.99,69.42,37.88,0.0,48.05,58.19,59.12,87.88
4401,Los Angeles,90043,-118.3463239,33.9852423,35.16,73.65,21.11,0.0,40.04,97.43,69.49,30.46
3096,Los Angeles,90029,-118.2881029,34.0851215,56.96,83.35,78.62,0.0,45.25,53.94,50.56,69.96
3111,Los Angeles,90042,-118.1898523,34.115176,69.32,64.21,59.81,0.0,39.39,53.19,48.92,76.87
3248,Los Angeles,91803,-118.139349,34.0736606,67.9,76.53,83.2,0.0,91.51,35.93,24.78,77.99
4435,Los Angeles,91606,-118.4095169,34.1848596,84.58,61.9,48.91,0.0,74.74,64.06,73.11,59.08
7867,Alameda ,94587,-122.126873,37.6059048,11.56,27.94,27.6,0.0,85.09,90.09,78.12,34.7
25636,Tulare ,93291,-119.3547493,36.3512901,91.05,98.36,55.15,78.62,28.43,51.82,69.7,39.21
3880,Stanislaus ,95358,-121.1441905,37.6499309,66.96,52.41,28.33,98.62,28.01,73.58,68.44,36.55
5362,Los Angeles,90660,-118.0861015,33.9831987,59.69,83.62,65.39,0.0,52.38,66.11,87.82,51.21
2191,San Bernardino,92324,-117.3056556,34.0592689,98.67,73.63,97.1,0.0,96.36,82.58,87.94,68.27
4276,Sacramento ,95828,-121.4036544,38.4699141,42.56,31.54,76.75,0.0,79.94,90.94,89.77,67.45
3970,San Diego,91911,-117.0637049,32.5982825,29.89,63.56,27.21,0.0,33.3,73.48,50.02,79.99
3339,Ventura ,93036,-119.1371739,34.2329791,29.89,37.1,51.04,99.79,80.2,20.97,12.48,97.47
2510,Los Angeles,91745,-117.9561887,34.006504,70.28,85.08,96.0,0.0,98.24,50.76,49.83,51.57
710,Los Angeles,93535,-117.7517043,34.6825868,91.05,4.93,0.17,87.28,0.98,97.21,88.16,93.48
4228,Los Angeles,90604,-118.0344855,33.927592,53.73,71.43,56.49,0.0,52.56,52.21,80.52,40.34
4293,Los Angeles,91770,-118.0948587,34.0586251,70.28,77.27,45.19,0.0,42.61,43.53,41.75,65.93
5015,Los Angeles,90813,-118.1741618,33.7789756,20.85,65.13,51.85,0.0,42.54,95.1,96.88,86.86
4212,San Bernardino,91764,-117.6198734,34.0885081,91.05,98.77,67.49,0.0,15.34,64.0,82.79,62.07
5281,Los Angeles,91202,-118.2724011,34.1631614,74.1,69.71,74.32,0.0,39.64,26.73,75.36,64.37
6603,Kern ,93241,-118.9232651,35.2596885,97.0,95.63,24.17,73.83,8.4,47.25,72.56,96.11
12853,Riverside ,91752,-117.5457941,34.0114705,88.82,95.33,90.75,71.34,80.7,20.1,53.71,51.41
6324,Los Angeles,91340,-118.4268073,34.3023558,97.6,55.22,85.2,0.0,85.71,48.35,12.31,80.52
4661,Los Angeles,91767,-117.7253608,34.0780854,79.99,93.63,70.78,0.0,87.04,73.12,62.41,51.57
3670,Los Angeles,91770,-118.0863199,34.0674668,71.66,74.97,54.35,0.0,93.76,43.53,41.75,79.55
3424,Los Angeles,90005,-118.2879321,34.0563658,50.54,87.78,89.41,0.0,57.74,24.9,15.2,88.18
3346,Riverside ,91752,-117.526465,33.9705168,91.05,94.39,16.98,53.0,28.13,40.96,73.11,47.11
21438,Kern ,93313,-119.0713629,35.2667571,95.27,98.69,56.32,98.55,9.69,63.5,83.28,52.26
1201,Riverside ,92507,-117.3520326,33.9971131,97.6,90.75,98.26,20.34,89.36,68.42,76.43,73.89
2396,Yuba ,95901,-121.5709108,39.1277084,42.56,32.69,27.27,82.45,79.34,76.15,91.16,99.1
3176,Los Angeles,90038,-118.3277048,34.0852963,56.96,73.14,70.21,0.0,55.25,51.07,48.48,54.65
6377,Contra Costa,94565,-121.8993314,38.0139188,35.16,32.94,76.25,0.0,69.49,97.88,88.42,66.11
8184,Orange ,92704,-117.8955125,33.730917,53.73,72.06,37.3,0.0,52.84,54.89,51.1,74.7
3858,Santa Clara,95116,-121.8470155,37.3546903,20.85,35.99,91.11,0.0,79.91,88.43,71.62,72.16
4293,San Francisco,94102,-122.4109765,37.783016,3.12,28.05,98.23,0.93,39.43,86.85,20.5,91.91
4207,Los Angeles,90260,-118.3568418,33.8837388,26.7,77.97,84.8,0.0,95.43,76.96,69.82,62.84
4926,Los Angeles,91776,-118.0983354,34.093458,74.1,68.82,86.62,63.9,41.95,37.41,31.54,53.27
9867,Sacramento ,95832,-121.4873526,38.4761513,35.16,30.23,30.17,0.0,60.41,94.28,99.4,89.17
3310,Los Angeles,91770,-118.1037641,34.0589818,69.32,77.27,63.14,0.0,28.0,39.13,36.17,68.0
3838,San Joaquin,95210,-121.3162854,38.0349259,44.98,53.28,27.36,64.93,15.06,86.03,97.36,82.14
2837,Riverside ,92544,-116.9504264,33.751115,93.63,32.25,68.24,35.14,34.81,65.49,78.32,89.4
4826,Los Angeles,90638,-118.033316,33.9099095,50.54,75.15,64.89,0.0,35.7,22.68,46.47,62.07
6636,Tulare ,93274,-119.3438407,36.2256444,88.7,98.46,71.43,65.9,48.43,79.62,93.07,32.27
5226,Los Angeles,90745,-118.279506,33.8095428,20.85,75.22,81.58,73.9,80.86,76.63,82.71,28.42
4841,Los Angeles,90020,-118.311582,34.0671467,51.9,79.96,63.78,0.0,72.49,60.03,70.66,60.79
5140,Los Angeles,90813,-118.1698152,33.7789729,20.85,64.52,50.33,0.0,31.34,86.54,78.36,93.25
9853,Sonoma ,95407,-122.701255,38.3933392,7.52,9.04,77.08,52.1,84.61,51.33,55.82,77.81
2845,Los Angeles,90043,-118.3244351,33.9974948,37.57,74.57,20.0,0.0,28.88,97.23,68.47,54.55
6058,Los Angeles,91103,-118.1559426,34.1634652,76.94,60.09,89.86,0.0,77.25,63.85,45.03,69.56
3546,Los Angeles,90034,-118.387153,34.036336,46.99,67.82,90.45,0.0,94.28,32.5,44.53,38.13
4705,Solano ,94533,-122.0580588,38.2534089,22.19,30.16,79.58,70.21,75.09,98.06,81.09,55.87
5526,San Bernardino,92407,-117.3081225,34.1566319,100.0,56.22,23.01,0.0,24.0,80.56,62.69,70.67
4773,Orange ,92806,-117.877059,33.8232178,53.73,85.02,57.31,5.83,93.7,60.87,40.25,37.4
4141,Los Angeles,90241,-118.1289738,33.9420607,46.99,87.54,54.09,0.0,66.54,59.21,92.92,63.02
5517,Merced ,95340,-120.3392864,37.355853,74.1,59.7,16.14,78.79,3.09,82.61,52.92,88.43
2682,Los Angeles,90043,-118.3221148,33.9745535,35.16,74.98,31.65,0.0,53.86,96.25,63.83,69.08
3328,San Diego,92105,-117.1124957,32.7524807,35.16,48.6,90.98,0.0,78.38,63.82,33.29,97.19
4856,Riverside ,92507,-117.3350138,33.9895557,97.6,89.67,73.47,30.69,25.73,70.79,79.97,85.01
5538,Contra Costa,94521,-121.9236578,37.9889314,32.15,23.85,10.45,23.14,27.76,97.18,86.37,58.34
3644,Los Angeles,90804,-118.1567668,33.7807787,20.85,63.67,49.1,0.0,45.96,90.54,78.68,85.44
3124,Solano ,94590,-122.2365223,38.0969602,13.62,41.07,89.31,0.0,67.23,99.81,91.55,64.72
7602,Orange ,92707,-117.8712797,33.734324,56.96,73.22,40.9,0.0,41.23,61.33,49.25,67.68
5225,San Joaquin,95207,-121.31597,38.0131208,44.98,54.2,14.16,0.0,57.94,92.0,76.81,85.18
3665,Los Angeles,91206,-118.2439771,34.1487828,70.28,68.38,93.35,0.0,57.35,29.82,59.82,62.25
5922,Kern ,93203,-118.846623,35.2017267,93.63,72.22,38.08,98.52,7.18,44.04,81.64,98.54
5726,Riverside ,92506,-117.3909919,33.9549035,97.0,92.59,95.71,0.0,56.95,55.62,53.9,63.24
7372,Los Angeles,90712,-118.1483367,33.8538919,29.89,70.13,69.52,37.9,53.96,96.24,55.21,20.6
6981,San Bernardino,91761,-117.6258794,34.0085229,80.09,95.91,61.44,76.9,12.64,42.58,67.7,34.7
4864,Los Angeles,90601,-118.0628298,33.9988447,64.73,77.91,78.42,33.48,98.13,54.25,81.13,32.79
3445,Los Angeles,90042,-118.1971252,34.1039592,66.81,70.55,71.29,0.0,83.66,49.51,42.68,80.28
2634,Los Angeles,90602,-118.0393767,33.9631768,60.66,72.25,65.44,0.0,68.45,75.05,80.18,66.11
5122,Los Angeles,90250,-118.3308405,33.9037379,29.89,82.27,68.86,0.0,71.18,62.33,56.62,77.31
5987,Los Angeles,90715,-118.0769658,33.8387305,35.16,66.15,61.41,0.0,51.96,43.87,58.14,72.4
2412,Fresno ,93727,-119.7091585,36.746781,88.7,96.8,35.52,16.24,36.69,88.52,72.06,77.99
8190,Orange ,92647,-117.9977976,33.7083364,35.16,58.43,84.01,0.0,74.83,39.77,35.18,85.55
8926,San Joaquin,95337,-121.2429025,37.7321434,62.66,51.75,28.1,94.03,3.7,78.86,85.43,42.24
5929,San Bernardino,91762,-117.6754429,34.0687514,82.48,95.47,58.89,0.0,32.98,56.19,62.69,71.55
1890,Alameda ,94612,-122.2769914,37.8103872,3.12,48.33,91.91,0.0,43.4,92.16,18.46,67.25
5618,Los Angeles,91342,-118.4795847,34.326405,97.0,52.77,76.57,0.0,95.5,73.29,57.13,50.01
6399,San Joaquin,95240,-121.280177,38.1228276,46.99,52.62,56.57,4.86,23.41,75.01,84.18,68.63
5884,Orange ,90631,-117.9511671,33.9209014,57.77,78.71,60.58,0.0,71.69,52.59,66.33,51.09
4667,Kern ,93306,-118.9584296,35.3894623,93.63,99.34,66.55,0.0,48.44,81.46,77.94,77.65
4230,Ventura ,93030,-119.1729084,34.2034678,24.88,35.97,89.16,0.0,66.61,71.88,67.7,92.68
8594,Santa Cruz,95076,-121.7707927,36.9206611,16.78,4.13,60.68,85.17,36.59,65.35,45.03,86.38
4960,Los Angeles,90022,-118.1391833,34.0186986,60.66,88.08,53.04,13.86,35.13,75.61,70.0,85.93
6367,Los Angeles,91766,-117.7652744,34.0305561,71.66,90.9,86.98,0.0,89.94,79.89,75.55,44.07
7557,Contra Costa,94509,-121.829459,37.9860073,37.57,24.84,34.16,0.0,33.96,99.49,95.83,76.98
6001,Los Angeles,91331,-118.3985703,34.2731497,97.0,56.75,74.95,25.17,79.36,62.4,25.6,84.7
3669,San Diego,91911,-117.0490687,32.591757,29.89,63.56,83.65,0.0,57.46,63.93,37.59,72.4
4371,Los Angeles,90020,-118.2985036,34.0672078,51.9,83.42,79.99,0.0,65.18,35.22,33.55,77.58
1101,Los Angeles,90049,-118.4570058,34.0575852,59.85,64.62,91.81,9.41,98.79,2.63,10.82,99.69
4735,Los Angeles,91304,-118.5912335,34.2139885,84.58,63.12,33.79,0.0,71.05,58.74,45.03,37.89
2971,Los Angeles,90063,-118.201168,34.0338905,55.38,89.02,97.0,0.0,75.81,44.08,44.64,86.86
6300,Orange ,92780,-117.8366401,33.7377146,57.77,71.84,98.15,0.0,99.89,38.56,48.39,77.99
4689,Riverside ,92505,-117.4871242,33.9403266,91.05,93.47,25.51,0.0,20.99,59.11,78.86,81.36
3883,Butte ,95965,-121.5606959,39.5071861,70.28,26.68,66.1,0.0,39.74,64.98,95.08,93.76
6028,Tulare ,93286,-119.10036,36.4201875,97.0,71.86,55.62,67.38,4.16,36.04,94.03,89.76
3659,Los Angeles,91401,-118.4263255,34.1812199,84.58,64.37,32.15,0.0,58.44,72.87,85.07,64.03
3539,San Diego,91950,-117.0905516,32.6511008,26.7,50.96,75.06,0.0,59.18,67.63,48.22,66.68
7689,Orange ,92844,-117.9773595,33.7711174,39.99,69.02,82.66,31.66,93.83,33.28,51.26,67.85
4456,San Bernardino,91763,-117.7067071,34.0703739,79.99,93.86,68.5,0.0,11.4,77.02,84.26,59.82
6306,Los Angeles,91306,-118.5809624,34.2242131,88.7,69.09,48.6,0.0,60.51,70.04,66.54,58.79
7959,Los Angeles,90746,-118.2569604,33.8525481,24.88,87.38,44.8,0.0,27.64,90.14,73.03,11.44
10029,Stanislaus ,95307,-120.9179827,37.6018409,71.66,56.84,38.93,96.07,49.43,50.52,71.16,51.21
5051,San Bernardino,91786,-117.6396399,34.103005,91.05,99.15,55.98,18.83,41.74,62.84,76.02,65.84
1590,San Diego,92101,-117.1625607,32.7252818,29.89,50.47,98.73,0.0,38.65,80.05,33.92,83.17
3983,Alameda ,94541,-122.09333,37.6809369,11.56,27.45,82.58,0.0,47.13,91.44,80.18,45.36
5171,Los Angeles,90804,-118.1534873,33.7861933,22.19,63.67,62.34,0.0,40.38,90.54,78.68,72.74
3713,Orange ,92833,-117.958868,33.8567264,50.54,80.83,89.47,0.0,99.44,40.2,28.98,61.55
5095,Riverside ,92570,-117.3068214,33.7493426,88.82,53.02,12.3,61.83,4.6,63.41,89.08,81.07
5199,Los Angeles,90250,-118.3481183,33.9130743,29.89,81.69,42.4,0.0,72.63,83.85,86.75,66.87
4242,Humboldt ,95501,-124.1717835,40.8040593,0.19,5.86,64.11,0.0,29.49,93.83,94.13,94.6
5033,Los Angeles,90650,-118.1040525,33.8945795,42.56,76.04,84.95,0.0,96.84,55.2,82.58,49.12
5193,Los Angeles,91745,-117.9710617,33.99877,69.32,78.0,64.38,0.0,93.75,50.76,49.83,53.27
8327,Sonoma ,95407,-122.7284015,38.3880499,6.38,8.34,31.0,25.83,72.64,79.89,88.77,62.47
5066,Ventura ,93033,-119.1511429,34.1859635,24.88,32.05,61.42,100.0,42.84,52.01,67.12,64.03
12573,San Joaquin,95206,-121.3121279,37.9086799,48.45,53.64,9.27,78.45,5.74,91.55,85.07,68.0
2703,Lake ,95422,-122.6301466,38.9388352,16.78,0.19,37.45,43.41,20.36,97.4,81.67,97.95
5960,Riverside ,92530,-117.360641,33.7062728,82.63,53.03,45.58,0.0,94.08,63.16,98.97,74.28
4846,Solano ,94589,-122.2652793,38.1358448,14.92,36.57,64.95,0.0,73.61,99.95,93.49,48.92
4107,Los Angeles,91767,-117.752461,34.1016015,84.58,92.56,27.89,11.28,24.5,73.83,63.83,52.71
2736,Los Angeles,90004,-118.3073155,34.0726142,51.9,80.92,66.25,0.0,76.89,45.26,39.21,60.28
6402,San Diego,92114,-117.0807478,32.7050468,29.89,51.6,29.05,0.0,15.2,89.82,61.9,76.71
1661,Stanislaus ,95360,-121.1933829,37.3259547,57.13,28.23,7.31,84.28,24.4,53.44,65.32,79.99
5334,San Bernardino,91730,-117.6080465,34.1030228,93.63,98.67,65.95,0.0,44.29,46.16,87.66,73.0
4219,Los Angeles,90731,-118.2956244,33.7344542,16.78,64.47,27.24,0.0,15.99,93.62,64.02,64.9
3805,Los Angeles,90008,-118.329022,34.0073786,39.99,74.2,27.94,36.48,60.34,96.09,72.31,41.91
10238,San Joaquin,95337,-121.2229179,37.7819068,59.69,54.74,72.59,94.24,62.51,83.56,90.95,22.47
4777,Los Angeles,90506,-118.3393815,33.8829956,26.7,75.42,43.11,68.0,73.96,72.13,61.08,38.13
3796,Los Angeles,90044,-118.2981214,33.9709601,35.16,79.84,27.17,0.0,52.39,94.77,85.14,64.37
6267,Los Angeles,91776,-118.1039746,34.0831934,71.66,70.5,95.01,0.0,49.4,29.1,19.35,82.73
5063,Los Angeles,90044,-118.2972695,33.9482522,32.15,82.17,30.4,0.0,60.16,95.24,91.97,92.6
3884,San Joaquin,95206,-121.3103842,37.9244359,46.99,54.96,35.11,80.0,14.39,93.18,88.11,67.01
2898,Riverside ,92555,-117.0687844,33.9243585,99.07,47.77,30.49,36.97,32.29,60.22,87.31,41.66
4048,San Bernardino,91710,-117.6905171,34.0410264,78.01,94.29,32.53,61.93,19.04,36.71,61.69,55.87
4960,Sacramento ,95821,-121.37517,38.6342017,56.96,42.29,66.29,0.0,35.36,98.6,82.29,88.62
7209,Los Angeles,90280,-118.1958301,33.9393897,39.99,80.98,38.44,0.0,29.66,57.8,79.62,52.53
6219,Los Angeles,90019,-118.3545296,34.0489658,50.54,74.77,35.92,0.0,53.85,77.69,51.26,57.3
7765,Orange ,92707,-117.8725713,33.7015157,55.38,65.29,43.19,44.45,43.11,57.32,37.41,46.18
2893,Los Angeles,90032,-118.1785407,34.0887082,66.81,74.56,24.49,0.0,71.23,72.71,56.12,73.76
4194,Kern ,93268,-119.4622032,35.1294919,88.7,90.08,17.14,0.0,2.29,39.01,95.3,85.34
3010,San Bernardino,92374,-117.1651325,34.0591972,100.0,55.79,94.97,47.41,73.76,64.53,60.12,88.53
3305,Los Angeles,90404,-118.4722531,34.032337,53.73,67.36,80.19,0.0,54.09,68.28,41.85,53.04
3015,Los Angeles,90706,-118.1212147,33.8737602,35.16,70.39,92.4,47.1,94.6,69.99,77.77,53.87
2703,Los Angeles,90660,-118.0838653,34.015045,66.81,74.52,52.18,0.0,68.78,69.68,91.25,61.28
4960,San Bernardino,91730,-117.6242993,34.098786,91.05,99.35,65.25,0.0,23.1,32.04,63.14,84.12
7288,Los Angeles,90804,-118.1401379,33.776873,22.19,62.46,45.69,0.0,62.93,82.25,62.84,63.91
7920,Ventura ,93030,-119.186116,34.1938413,24.88,35.52,65.33,8.0,49.19,69.43,64.73,80.28
4252,Los Angeles,91702,-117.8857465,34.1250526,84.58,71.87,94.98,2.59,90.73,64.49,57.61,71.42
5102,Los Angeles,91335,-118.5229633,34.2146599,91.05,94.98,19.32,0.0,39.2,71.72,74.99,55.24
4877,Contra Costa,94804,-122.3117391,37.9090127,3.12,38.15,92.18,0.0,92.13,89.64,28.83,48.44
8979,San Bernardino,92335,-117.462458,34.077528,97.0,92.57,33.35,0.0,11.08,72.2,85.9,71.91
7840,Los Angeles,90242,-118.1381271,33.924571,42.56,81.24,52.31,0.0,55.49,41.79,73.28,55.5
3614,Los Angeles,90806,-118.1953401,33.8089196,22.19,63.34,50.26,0.0,39.88,92.51,87.72,17.89
6188,Los Angeles,91776,-118.0815165,34.0980685,75.12,67.53,72.79,66.0,51.18,41.75,37.18,54.38
3393,Los Angeles,90034,-118.3794518,34.0418546,48.45,66.36,86.11,0.0,90.33,12.91,12.74,61.91
3930,San Joaquin,95207,-121.3245319,37.9941419,44.98,54.39,58.1,42.76,55.9,93.62,80.27,75.3
7494,Orange ,92804,-117.9801308,33.8102721,42.56,73.62,34.87,47.97,45.79,33.36,26.41,69.48
8606,San Joaquin,95304,-121.3695435,37.7666663,59.85,45.97,50.42,89.76,67.6,35.84,59.35,37.4
4980,Monterey ,95039,-121.7572058,36.8334157,14.92,1.8,18.11,98.79,63.15,62.18,42.81,63.02
4598,San Bernardino,92410,-117.3419748,34.1014098,98.67,65.24,76.34,0.0,26.48,80.72,85.53,83.58
4297,Los Angeles,90250,-118.3308401,33.9073761,29.89,82.27,69.96,0.0,58.66,58.1,50.56,84.54
2291,Los Angeles,90010,-118.2984976,34.0635726,51.9,84.6,94.62,0.0,65.79,21.98,17.24,96.58
5719,San Diego,92114,-117.0575534,32.7250639,37.57,50.59,44.98,0.0,71.95,84.7,50.76,56.57
3231,Merced ,95388,-120.5674195,37.4217409,74.1,62.3,10.67,93.69,2.34,45.24,43.02,66.31
2744,Los Angeles,90701,-118.0832638,33.8768314,37.57,73.76,88.56,0.0,98.36,23.26,49.5,79.82
6477,Fresno ,93630,-120.1192112,36.7082365,71.76,66.86,22.51,94.9,4.03,68.83,62.19,74.16
8826,Orange ,92843,-117.9447927,33.7535135,44.98,72.18,30.21,0.0,68.09,43.63,47.32,64.03
4866,Los Angeles,91790,-117.9540873,34.0639081,75.12,79.5,65.5,11.72,85.4,64.37,49.59,24.72
5050,Santa Clara,95037,-121.6336267,37.1171152,35.16,6.56,81.24,63.62,79.61,39.73,61.13,47.32
8357,Riverside ,92503,-117.4429741,33.9399352,93.63,92.99,45.8,0.0,33.8,45.59,47.76,71.22
2973,Riverside ,92553,-117.2569855,33.9345424,98.67,64.09,52.4,0.0,77.64,80.87,96.11,62.59
5287,San Bernardino,92335,-117.4490622,34.0848049,97.0,92.01,25.6,45.31,8.78,72.2,85.9,70.84
9752,Orange ,92675,-117.6617306,33.5069398,64.73,46.67,91.74,29.21,97.9,8.91,39.81,70.67
5355,Fresno ,93726,-119.7677716,36.8049491,82.48,96.7,80.35,0.0,74.05,85.47,33.21,92.94
3478,Los Angeles,90027,-118.3049408,34.0965841,59.69,78.83,94.26,0.0,82.21,26.11,42.11,91.76
13753,San Bernardino,91708,-117.6224884,33.9664971,77.06,93.43,57.13,84.93,18.06,16.53,29.05,35.35
5963,Madera ,93638,-120.0497327,36.9793126,78.01,91.89,29.2,24.55,23.49,91.72,99.8,95.5
4797,San Bernardino,91761,-117.6305659,34.0249243,82.48,98.08,72.52,55.86,95.65,61.64,82.13,38.91
3404,Sacramento ,95817,-121.4711099,38.54761,42.56,37.35,88.49,0.0,76.14,88.77,80.6,84.33
4917,Riverside ,92551,-117.222383,33.870776,97.6,56.93,67.22,0.0,37.29,81.31,86.24,82.14
5698,San Bernardino,92374,-117.2191957,34.0734306,100.0,57.45,82.83,74.72,80.99,34.73,45.08,55.87
8555,Fresno ,93727,-119.6909597,36.7182935,88.7,96.73,19.9,84.17,31.83,83.67,61.73,51.75
2508,Monterey ,93901,-121.6550382,36.6748937,10.57,2.25,71.61,0.0,33.91,91.97,52.55,97.95
2166,Los Angeles,90026,-118.2519864,34.0683315,56.96,91.28,93.65,0.0,97.5,19.09,10.63,44.87
9479,Kern ,93560,-118.1560393,34.8581565,88.7,6.83,18.39,0.0,19.98,75.71,78.94,88.73
6363,Los Angeles,90660,-118.0803987,33.9934787,62.53,78.89,58.81,0.0,58.76,68.25,89.41,64.5
4847,Riverside ,92220,-116.872378,33.919657,97.0,45.31,53.69,0.0,79.73,89.44,98.23,87.63
1881,Riverside ,92225,-114.609989,33.6137829,20.85,49.42,7.95,80.69,1.94,82.51,98.18,95.74
3803,Contra Costa,94509,-121.8485515,38.0026146,39.99,24.23,54.34,0.0,47.95,99.39,95.33,76.43
2104,San Diego,91950,-117.0878571,32.6651034,26.7,51.85,69.51,0.0,38.04,85.03,77.12,71.71
4052,Yuba ,95961,-121.5535692,39.1003669,39.99,29.43,37.4,86.34,66.01,45.59,95.73,82.94
6042,Contra Costa,94806,-122.3354534,37.9659307,6.38,38.51,86.73,35.86,51.46,94.48,81.82,64.72
4356,Los Angeles,90706,-118.1382741,33.8838461,35.16,70.47,96.57,0.0,91.31,71.09,78.84,41.24
3837,Contra Costa,94509,-121.7619241,38.0077971,35.16,25.86,53.83,68.93,28.93,98.84,92.56,49.55
9919,San Joaquin,95240,-121.2646161,38.0822443,46.99,50.13,33.89,87.03,31.69,50.81,77.72,52.53
3889,Stanislaus ,95354,-120.9941028,37.64972,70.28,57.06,74.81,0.0,15.36,82.38,55.1,66.11
4068,San Joaquin,95240,-121.2785027,38.1423442,48.45,52.43,40.54,64.48,9.26,75.01,84.18,78.1
2485,Los Angeles,90305,-118.3367197,33.9661039,35.16,71.57,48.03,0.0,70.28,89.34,68.62,28.63
4864,Orange ,92806,-117.8790975,33.8354916,53.73,84.18,60.01,0.0,91.25,64.62,44.85,58.51
6881,Los Angeles,91321,-118.5358844,34.3855971,95.27,45.58,49.53,0.0,65.35,35.12,31.54,89.17
6742,Orange ,92843,-117.9441552,33.7737751,44.98,74.6,81.11,0.0,81.64,59.07,75.02,55.24
3226,Santa Clara,95116,-121.8697204,37.3515633,20.85,37.29,78.38,0.0,87.66,60.99,31.68,65.93
4144,Los Angeles,90032,-118.1636768,34.0949515,69.32,71.81,20.19,0.0,34.85,60.19,40.48,59.82
8416,Riverside ,92571,-117.2070433,33.7943832,97.0,53.39,56.85,66.86,28.36,64.57,89.82,69.82
3938,San Joaquin,95210,-121.3027511,38.0247217,44.98,54.01,29.48,0.0,67.24,86.03,97.36,95.62
6221,Orange ,92703,-117.8799075,33.7370553,55.38,72.33,52.3,0.0,55.61,55.73,52.73,92.29
2302,Los Angeles,90032,-118.173792,34.080828,66.81,76.6,26.73,0.0,34.31,72.71,56.12,77.65
4318,Riverside ,92274,-116.1520684,33.6448,84.58,8.56,17.95,93.86,10.2,17.96,37.19,89.17
3699,Los Angeles,91801,-118.1536066,34.0909207,69.32,68.62,56.02,0.0,43.91,24.18,14.74,60.01
6655,Los Angeles,91790,-117.9188723,34.0663578,75.12,82.97,80.09,0.0,75.83,56.98,52.31,41.48
5112,Ventura ,93033,-119.1735081,34.1517695,24.88,33.44,23.21,98.14,28.31,52.38,67.49,85.5
3671,Contra Costa,94553,-122.0963526,38.0218002,14.92,32.82,80.92,53.34,85.51,67.32,48.92,34.21
5728,Imperial ,92243,-115.5611698,32.7871645,62.53,17.2,35.57,0.0,60.25,92.8,88.27,76.62
6747,San Diego,92058,-117.3586267,33.2115108,32.15,47.09,68.97,0.0,71.41,29.39,27.5,93.78
4313,Los Angeles,90706,-118.128584,33.8847475,35.16,75.61,42.63,0.0,29.48,71.09,78.84,83.34
6598,Los Angeles,91776,-118.0929535,34.0830571,74.1,71.9,87.42,0.0,60.93,40.68,35.56,68.0
5205,Orange ,92703,-117.8922742,33.7368361,53.73,72.06,44.79,0.0,50.51,32.58,21.3,90.63
5360,Fresno ,93210,-120.3728934,36.1571802,65.69,44.98,48.24,60.59,2.94,72.12,91.6,57.44
7281,Los Angeles,90241,-118.112141,33.9374454,48.45,87.14,63.96,39.0,72.54,37.56,68.98,46.82
7837,Stanislaus ,95307,-120.949917,37.5641562,72.55,56.68,67.41,96.9,50.69,44.14,64.69,70.13
5195,Orange ,90680,-118.0063667,33.8100654,37.57,69.68,50.68,0.0,55.79,48.53,50.07,66.31
4103,San Joaquin,95207,-121.3236839,38.0063696,44.98,53.8,14.85,14.41,53.84,93.62,80.27,68.63
3327,Contra Costa,94801,-122.404809,37.9448245,3.83,35.58,86.55,17.52,66.2,97.17,63.14,15.03
5969,Ventura ,93060,-119.0606093,34.3535231,50.54,36.2,62.87,23.34,31.55,49.43,57.38,92.07
5336,Los Angeles,91335,-118.551356,34.214718,88.7,93.02,37.24,0.0,62.83,77.26,81.13,53.48
3057,Los Angeles,90745,-118.269697,33.8216408,20.85,76.96,81.16,0.0,28.28,76.63,82.71,51.95
3963,Monterey ,93901,-121.6686664,36.6783432,10.57,2.39,56.89,96.0,48.91,91.97,52.55,79.82
5246,Monterey ,93907,-121.6959506,36.7324097,11.56,1.72,29.02,99.38,48.88,79.03,59.63,71.42
3082,Los Angeles,91790,-117.9463753,34.0552717,75.12,82.5,15.66,0.0,50.11,66.58,52.34,52.71
5488,Mendocino ,95482,-123.202651,39.1357597,13.62,13.2,43.37,84.55,8.54,85.53,39.62,79.91
5697,Orange ,92683,-117.9809384,33.755705,39.99,61.97,36.85,0.0,78.85,41.43,57.96,86.07
12379,Fresno ,93722,-119.8690146,36.8150842,79.99,95.56,68.6,0.0,42.46,73.33,30.27,83.87
4342,Kings ,93230,-119.6219711,36.3489843,82.48,98.68,23.96,78.66,13.65,94.63,98.55,68.83
4305,Santa Clara,95112,-121.8812071,37.3540562,20.85,36.85,63.71,0.41,68.21,69.65,45.03,34.7
4786,Riverside ,92505,-117.4769727,33.9207824,91.05,92.81,61.67,0.0,23.7,46.5,63.57,62.35
3941,Los Angeles,91101,-118.1369525,34.1548928,78.01,57.52,78.13,0.0,89.8,17.62,30.0,73.53
2267,Los Angeles,90026,-118.2719463,34.0695316,55.38,88.72,95.03,0.0,59.49,44.67,35.41,67.01
4017,San Bernardino,91786,-117.6910613,34.1007304,88.7,95.35,80.93,2.66,29.81,60.08,70.92,64.9
7307,San Diego,92102,-117.1292493,32.714833,29.89,50.67,94.44,0.0,57.03,84.86,44.3,67.68
4939,Los Angeles,90638,-118.0185593,33.8844479,47.38,77.66,80.58,0.0,72.28,37.18,73.28,30.78
8105,Orange ,92701,-117.8424353,33.7532867,57.77,73.83,85.33,0.0,98.26,55.76,47.76,54.38
6600,Los Angeles,90280,-118.2075235,33.9408573,39.99,80.2,40.82,0.0,35.55,54.36,75.05,80.41
9594,San Bernardino,92337,-117.4505924,34.0547059,95.27,93.54,78.31,18.14,79.64,44.42,55.1,51.41
8306,Santa Clara,95112,-121.8927423,37.358556,20.85,37.86,89.71,3.59,81.73,66.59,42.4,40.8
5203,Los Angeles,91792,-117.9093406,34.0241796,69.32,85.75,21.61,0.0,71.68,35.81,26.15,51.75
6280,Tulare ,93274,-119.3587288,36.2183676,88.7,98.32,24.88,0.0,12.45,79.62,93.07,96.33
6493,Riverside ,92236,-116.1857289,33.6810687,88.7,9.21,37.51,81.31,21.49,63.48,84.9,87.5
5646,Los Angeles,91801,-118.1189741,34.0951879,71.66,65.23,77.95,0.0,45.99,37.49,36.28,68.83
3548,San Diego,91950,-117.0792559,32.6817745,29.89,51.97,78.58,0.0,89.95,85.03,77.12,87.76
5873,Riverside ,92505,-117.4726363,33.9110608,91.05,92.67,46.33,0.0,64.29,61.42,81.82,60.79
6078,Orange ,92707,-117.8825445,33.7308103,55.38,73.55,69.56,0.0,54.15,50.37,35.32,68.83
6754,San Diego,92054,-117.3702384,33.1896924,29.89,47.45,81.02,0.0,68.65,31.14,49.34,72.84
4596,Los Angeles,90242,-118.1608904,33.9373038,42.56,77.47,50.9,0.0,50.25,43.98,75.6,45.36
11140,Contra Costa,94521,-121.9764323,37.9987014,22.33,27.95,65.3,0.0,83.56,95.99,81.88,25.25
9166,Orange ,92704,-117.9084412,33.7358623,50.54,71.06,45.46,0.0,77.11,46.66,39.94,58.23
3900,Solano ,94533,-122.0512466,38.2642121,24.88,30.13,88.1,0.0,88.9,96.05,72.53,65.84
4623,Santa Clara,95116,-121.8583166,37.3417324,20.85,38.97,94.82,0.0,98.7,81.9,59.88,69.16
2866,Alameda ,94607,-122.2824569,37.812031,3.12,50.3,90.8,0.0,5.81,98.98,54.09,65.7
5227,San Joaquin,95204,-121.2928911,37.9747159,44.98,59.09,24.63,0.0,36.79,85.93,67.57,69.08
3534,Riverside ,92544,-116.9363867,33.7452198,93.63,30.45,77.86,41.03,19.33,77.44,93.49,89.06
5838,Riverside ,92504,-117.4211712,33.9186451,93.63,91.64,85.81,51.97,61.85,57.74,59.2,37.4
4517,Los Angeles,91016,-118.0115108,34.1416685,88.7,72.37,85.86,0.0,94.05,54.76,40.64,51.95
4059,Riverside ,92860,-117.5494884,33.9244565,84.58,92.47,64.32,55.59,56.49,23.18,75.22,61.55
3788,Sacramento ,95820,-121.4507437,38.5311698,42.56,35.94,25.84,0.0,21.96,90.9,84.6,92.94
5821,San Diego,92104,-117.1213219,32.7521609,35.16,48.67,94.91,0.0,66.31,57.08,21.14,89.66
4683,Riverside ,92503,-117.4707309,33.9344497,93.63,93.13,59.29,0.0,7.86,71.29,86.54,77.41
7163,Orange ,90680,-117.9975952,33.8101182,39.99,70.27,59.56,0.0,82.63,53.58,56.18,58.34
2911,Los Angeles,90650,-118.0840271,33.9283366,50.54,80.7,91.64,0.0,99.94,52.16,80.72,54.79
4043,Los Angeles,91306,-118.5802111,34.1913886,82.48,74.92,43.25,0.0,69.65,60.16,53.94,62.47
3224,Sacramento ,95827,-121.3075665,38.5280935,55.38,19.12,12.69,25.97,27.98,68.54,79.55,83.87
4771,Marin ,94901,-122.4936362,37.9562458,6.38,22.65,50.27,0.0,78.6,29.54,35.43,84.21
2706,Los Angeles,91356,-118.537583,34.1696955,82.48,91.75,89.66,0.0,98.66,68.61,56.88,56.07
4284,Los Angeles,93550,-118.1238241,34.5646915,88.7,12.03,45.85,0.0,76.61,91.77,83.04,71.71
3014,Los Angeles,90019,-118.3126928,34.0506364,48.45,83.16,46.75,0.0,73.63,55.87,26.76,81.91
2937,Los Angeles,90038,-118.3192272,34.0855323,56.96,72.55,90.72,0.0,72.21,17.24,6.13,88.18
3286,Los Angeles,90063,-118.1987145,34.0387869,56.96,89.56,81.21,0.0,36.2,57.39,62.41,75.52
6382,San Diego,92102,-117.0950788,32.7249834,32.15,50.52,83.97,0.0,72.34,61.3,23.24,50.85
4684,Los Angeles,91010,-117.9799552,34.128623,84.58,69.05,40.44,25.48,24.8,65.59,50.32,51.95
6198,Los Angeles,90650,-118.091192,33.8984772,42.56,73.28,35.69,0.0,54.94,66.34,93.77,58.62
3923,Ventura ,93021,-118.8899164,34.2815484,55.38,42.18,47.38,69.0,35.03,26.11,61.69,56.22
4597,Los Angeles,91406,-118.5098593,34.2047193,88.7,94.84,35.07,0.0,49.84,82.66,84.72,35.35
4069,Alameda ,94608,-122.2833803,37.8454493,3.12,44.01,68.66,0.0,34.21,95.63,37.67,63.24
1037,San Bernardino,92311,-117.0327115,34.9077413,78.01,17.0,27.41,0.0,31.04,99.88,100.0,90.15
7658,Orange ,92805,-117.8971362,33.8434369,51.9,82.36,84.37,0.0,51.41,47.67,33.0,79.46
2425,Tulare ,93286,-119.0856162,36.3947015,95.27,71.65,16.74,90.24,2.66,34.9,93.22,91.04
3123,Sacramento ,95632,-121.3082738,38.2719695,53.73,35.59,77.41,67.62,59.06,48.4,85.23,71.55
6396,Santa Barbara,93103,-119.6802223,34.4180158,22.19,16.76,78.83,54.62,53.11,50.52,19.2,67.61
13173,Santa Barbara,93455,-120.4780833,34.9287963,11.56,10.45,39.37,99.59,19.9,54.8,10.82,83.04
3975,San Bernardino,92316,-117.4081152,34.0837281,97.6,89.47,39.45,0.0,9.98,55.76,64.31,87.19
5931,Sacramento ,95828,-121.4221792,38.5067176,42.56,34.56,24.44,0.0,41.16,81.79,73.11,84.21
1642,Los Angeles,90755,-118.1796451,33.8128912,22.19,62.71,73.73,0.0,88.03,32.64,31.75,51.95
4636,Sacramento ,95828,-121.3810288,38.4780935,44.98,33.9,73.64,0.0,46.71,75.83,69.14,67.68
7793,Riverside ,92504,-117.4200459,33.9417307,95.27,92.86,36.38,0.0,29.33,72.73,71.62,68.48
3364,Los Angeles,90032,-118.1739007,34.0851726,66.81,76.6,26.4,0.0,67.88,72.71,56.12,82.73
6343,San Francisco,94103,-122.4200011,37.7686074,3.12,24.51,99.14,9.0,52.81,80.99,17.58,65.08
2538,Los Angeles,91606,-118.3834061,34.1812289,82.48,61.44,37.81,0.0,33.43,37.72,30.75,77.2
5975,Orange ,90620,-118.0111021,33.8527439,42.56,73.09,86.42,0.0,96.29,53.07,71.45,34.48
5542,Riverside ,92503,-117.5057387,33.8857174,84.58,91.19,85.43,0.0,87.81,47.84,65.98,54.03
5137,Orange ,92706,-117.8897014,33.7649688,53.73,75.13,51.7,0.0,79.18,40.0,27.24,49.12
9788,Fresno ,93657,-119.5717189,36.7191064,88.7,95.53,24.53,92.69,12.95,85.37,57.38,73.63
5151,Sacramento ,95829,-121.3406904,38.5003097,48.6,23.68,22.31,73.79,28.48,50.2,53.9,58.51
3852,Sacramento ,95660,-121.3667921,38.6646872,59.69,37.27,86.09,0.0,86.58,86.73,65.39,82.14
7822,Tehama ,96021,-122.2210805,39.8868917,52.06,8.19,33.52,81.21,20.43,77.92,92.45,77.99
2712,Los Angeles,90303,-118.322075,33.9345627,29.89,85.41,68.08,29.9,42.65,81.09,73.47,43.14
4823,Los Angeles,91304,-118.5939793,34.2257746,84.58,58.18,30.22,0.0,61.35,72.91,62.84,66.68
6850,Santa Barbara,93458,-120.4447531,34.9496291,10.57,10.55,63.91,71.83,36.1,62.33,15.67,95.3
4108,Los Angeles,91401,-118.4443439,34.1703043,79.99,67.42,34.35,0.0,62.91,59.23,73.75,44.22
8343,Solano ,95620,-121.8169166,38.4428124,37.57,20.67,52.74,82.9,46.7,68.91,63.72,59.52
4595,Contra Costa,94565,-121.8644952,38.0040446,37.57,22.85,63.56,0.0,42.55,97.32,85.79,63.64
5847,San Diego,92101,-117.1615102,32.7156831,29.89,50.55,99.29,0.0,16.84,80.05,33.92,50.4
3277,Alameda ,94545,-122.0930122,37.6362205,11.56,28.85,93.83,0.0,98.41,88.07,73.98,53.87
4297,Los Angeles,91345,-118.4654157,34.2536518,97.0,65.03,66.93,0.0,83.64,58.67,39.08,70.13
1889,Merced ,95315,-120.7903626,37.4123664,75.12,75.76,43.47,96.55,67.91,36.78,29.77,86.38
3312,Los Angeles,91770,-118.0599559,34.0786952,74.1,74.71,95.83,32.76,89.59,35.66,29.65,51.09
4194,Los Angeles,91311,-118.6117577,34.244544,84.58,52.25,67.99,0.0,33.46,57.1,70.6,45.53
5016,Sacramento ,95820,-121.4347594,38.5428857,44.98,37.73,32.93,0.0,19.53,92.96,89.05,56.57
5449,San Bernardino,91763,-117.6870214,34.0801578,84.58,95.11,91.6,0.0,93.49,62.13,68.38,50.85
8196,Fresno ,93631,-119.5391563,36.5460522,88.7,95.74,48.08,96.79,24.13,77.42,64.37,50.85
3154,Los Angeles,91750,-117.7893657,34.114067,84.58,90.62,72.76,19.03,69.8,30.94,39.94,33.37
5916,Orange ,92831,-117.8831131,33.8820401,55.38,86.27,65.15,0.0,94.96,46.02,41.45,87.94
7500,Orange ,92706,-117.8707228,33.7572599,55.38,78.78,58.78,0.0,57.69,28.69,13.1,99.28
14133,San Bernardino,92407,-117.3899458,34.1801741,99.07,60.91,67.38,0.0,72.81,56.51,74.7,19.38
4466,Los Angeles,90731,-118.2945655,33.7301628,16.78,64.85,28.34,0.0,15.9,93.62,64.02,82.46
4993,San Joaquin,95207,-121.3066509,38.0148793,44.98,54.26,47.85,0.0,60.01,80.1,59.68,75.98
5960,Los Angeles,90240,-118.1171582,33.9622692,53.73,87.16,94.23,0.0,95.59,27.84,43.41,49.55
10343,San Francisco,94103,-122.4107241,37.7794338,3.12,28.05,98.76,8.28,53.48,92.15,37.3,52.11
2491,Los Angeles,90250,-118.3395521,33.898257,29.89,82.0,73.59,72.45,65.36,72.91,71.45,11.67
5128,Alameda ,94608,-122.2723135,37.8417578,3.12,43.32,81.34,0.0,52.4,93.81,35.18,58.91
6213,Los Angeles,91750,-117.7766343,34.097863,82.48,91.01,82.29,0.0,20.13,33.65,40.0,55.39
4370,Tulare ,93277,-119.3228298,36.3200435,88.7,98.48,75.25,0.0,43.71,50.91,59.12,67.61
4691,San Bernardino,92335,-117.4303742,34.1048553,97.6,88.53,51.25,0.0,41.31,40.78,62.26,88.73
4856,Los Angeles,90260,-118.3569295,33.8765977,26.7,73.73,75.77,0.0,73.29,74.61,67.17,70.34
4913,Orange ,92802,-117.9305408,33.8106404,48.45,80.42,54.11,68.66,47.53,62.13,45.03,75.98
4266,Alameda ,94541,-122.11212,37.6685048,10.57,31.67,89.57,0.0,96.85,91.44,80.18,58.34
5549,Sacramento ,95841,-121.3509892,38.6572651,60.66,38.11,68.55,0.0,86.83,93.76,78.56,71.91
5118,Santa Clara,95111,-121.8299116,37.2804987,24.88,19.96,74.3,0.0,72.1,75.34,58.54,82.14
3214,Los Angeles,90706,-118.1392813,33.9043767,37.57,75.02,97.88,0.0,52.61,60.67,69.74,76.24
5303,Alameda ,94603,-122.1733521,37.737851,6.38,15.07,58.49,0.0,30.25,99.89,80.1,88.32
6041,Santa Barbara,93458,-120.444653,34.9568972,10.57,10.55,75.42,94.48,20.76,62.86,16.53,93.56
9150,Orange ,92868,-117.8679465,33.7812601,53.73,75.31,85.84,0.0,98.45,36.02,20.6,50.4
11695,Stanislaus ,95357,-120.9477458,37.7234293,68.09,53.49,33.45,93.9,16.08,53.29,57.61,36.11
6378,Los Angeles,90701,-118.0806903,33.8693945,37.57,72.96,86.6,0.0,42.18,26.76,55.98,52.53
4485,Orange ,92831,-117.8891258,33.8707135,53.73,88.28,84.83,0.0,79.01,47.71,42.86,59.37
2972,Riverside ,92509,-117.4613234,33.9729183,93.63,94.4,53.8,7.9,71.51,65.94,76.96,63.91
3866,Orange ,92780,-117.8214885,33.7329217,60.66,71.62,79.88,0.0,95.68,38.56,48.39,52.26
5338,San Diego,92020,-116.9564885,32.8030833,62.53,47.19,71.45,0.0,55.08,48.67,43.49,85.18
5422,San Bernardino,92407,-117.3194653,34.1853082,100.0,55.43,24.83,0.0,48.55,73.58,76.57,85.68
3413,Los Angeles,90005,-118.2940727,34.056128,48.45,84.6,84.7,0.0,59.28,23.49,14.01,87.76
3825,San Bernardino,92313,-117.3236045,34.025688,98.67,87.67,92.58,0.0,85.33,46.7,72.5,39.4
4717,Tulare ,93274,-119.3208345,36.203971,88.7,98.53,57.41,46.31,44.86,79.62,93.07,59.23
6457,Santa Clara,95133,-121.8620422,37.3645486,20.85,34.8,83.42,0.0,64.66,34.42,20.11,94.9
3357,Alameda ,94606,-122.2461006,37.7933319,3.12,45.03,92.57,0.0,10.04,92.36,32.24,74.16
4791,San Diego,92104,-117.1151978,32.7470742,35.16,49.28,93.43,0.0,80.71,59.18,25.74,78.77
5229,Los Angeles,91343,-118.4987424,34.238143,95.27,78.03,34.42,0.0,63.94,67.9,41.75,30.29
3910,Los Angeles,91780,-118.0710962,34.0976177,76.94,69.07,46.99,50.66,43.21,20.64,23.59,59.82
3878,Sacramento ,95833,-121.5148924,38.6099173,50.54,35.33,70.75,76.38,96.66,88.91,86.24,52.71
5334,Alameda ,94578,-122.1103206,37.6923654,10.57,28.3,99.05,0.0,70.13,77.83,49.5,70.13
5969,Sacramento ,95825,-121.3922482,38.6031948,53.73,44.24,21.87,0.0,47.05,94.38,55.21,75.11
1406,Alameda ,94612,-122.26681,37.8071501,3.12,48.33,97.93,0.0,18.88,96.16,39.46,82.21
10542,Fresno ,93723,-119.9090383,36.7715459,76.94,92.25,10.93,85.0,4.13,82.65,48.31,69.96
3232,Fresno ,93711,-119.811928,36.8437897,82.48,95.57,13.38,0.0,70.1,77.78,39.21,51.95
6586,Alameda ,94601,-122.2169867,37.7880813,3.12,40.78,61.01,0.0,31.16,91.56,35.72,81.76
5513,Sacramento ,95817,-121.4417291,38.5519098,44.98,38.21,90.18,0.0,92.68,71.16,54.91,65.7
5407,Los Angeles,91803,-118.140161,34.0869807,69.32,71.36,68.81,0.0,40.05,10.43,2.55,73.42
4909,San Bernardino,92354,-117.2531226,34.0583656,100.0,63.26,74.61,25.21,42.35,30.47,29.65,83.49
2661,Los Angeles,91342,-118.4606541,34.2892618,97.0,56.49,88.97,0.0,86.09,59.71,35.09,50.68
4468,Santa Clara,95122,-121.8399909,37.3330501,24.88,37.09,76.07,0.0,98.33,79.47,66.44,44.62
4877,San Diego,92020,-116.9599184,32.7912947,62.53,47.29,48.69,0.0,32.71,63.82,64.61,82.94
4961,Los Angeles,90250,-118.3373323,33.9055479,29.89,82.27,51.95,0.0,67.65,83.85,86.75,73.89
5404,Stanislaus ,95380,-120.8421217,37.5053439,72.55,92.13,71.15,0.0,19.74,53.51,70.8,87.88
5470,Riverside ,92567,-117.1606951,33.7976018,97.1,51.05,22.7,74.41,64.51,34.51,75.91,65.08
3141,Los Angeles,91342,-118.4467204,34.3020803,97.0,54.09,26.52,0.0,25.64,73.29,57.13,74.87
4355,Los Angeles,90042,-118.1749059,34.1156486,71.66,60.77,72.28,0.0,71.29,45.96,38.87,65.41
5389,Riverside ,92223,-116.9602294,33.9374598,98.67,46.26,79.32,0.0,77.41,69.03,94.68,60.01
7043,Alameda ,94577,-122.1551539,37.7226922,7.52,22.61,91.39,0.0,29.5,83.13,64.63,51.41
4677,Los Angeles,90241,-118.1459703,33.9414621,44.98,82.44,35.46,0.0,63.34,54.6,87.97,37.16
6167,Los Angeles,91723,-117.8892621,34.081477,76.94,85.44,77.98,0.0,30.85,81.33,61.69,60.79
2629,Sacramento ,95826,-121.371319,38.5619376,50.54,37.66,95.33,0.0,90.38,87.9,71.97,85.24
7488,Sacramento ,95823,-121.4238461,38.4663129,39.99,31.19,70.96,0.0,77.83,98.45,98.74,79.13
4416,Los Angeles,91606,-118.3650028,34.1828906,82.48,61.12,43.32,0.0,35.73,43.78,42.02,77.81
2653,Los Angeles,90303,-118.3220544,33.9418498,29.89,85.1,26.47,30.07,45.63,87.79,85.92,48.03
9516,Kern ,93263,-119.2918485,35.516438,82.48,96.5,17.5,95.62,1.83,49.43,76.52,83.58
3936,Los Angeles,90640,-118.1116637,33.9983747,59.69,88.75,47.27,0.0,59.21,66.03,79.89,41.91
3211,Solano ,94590,-122.266959,38.1165979,13.62,36.52,51.46,0.0,32.38,99.81,91.55,70.13
3878,San Mateo,94063,-122.2235825,37.4797023,10.57,13.88,86.82,0.0,75.56,50.4,11.34,76.87
6350,San Bernardino,91710,-117.723699,34.0151297,72.83,92.35,85.04,59.07,81.19,47.1,79.37,40.11
23978,San Joaquin,95212,-121.2450807,38.0298609,46.99,52.71,55.69,86.97,57.51,42.55,80.1,50.4
2096,Sacramento ,95818,-121.5063658,38.5693327,42.56,40.49,96.03,0.0,87.93,87.59,54.39,66.87
4027,Riverside ,92201,-116.2251547,33.7343347,88.7,9.63,93.74,0.0,67.49,67.47,74.58,70.53
4800,San Joaquin,95210,-121.3040245,38.0361301,44.98,52.72,27.48,78.76,41.3,86.03,97.36,76.11
4286,Orange ,92821,-117.8881656,33.938738,58.23,83.58,42.97,0.0,98.78,32.95,52.55,25.25
6011,Orange ,92802,-117.9195905,33.7996822,50.54,78.28,82.64,0.0,63.28,56.33,40.42,70.84
3665,Los Angeles,91306,-118.5855271,34.2026924,82.48,70.96,60.83,0.0,74.58,63.82,57.89,71.22
3697,Los Angeles,91342,-118.4222365,34.3061792,97.6,54.25,74.04,0.0,79.8,73.29,57.13,42.9
7685,Alameda ,94578,-122.1135398,37.6992653,10.57,30.22,97.67,0.0,65.1,93.01,72.27,69.72
5200,Alameda ,94501,-122.2835979,37.7778323,3.12,43.8,73.85,0.0,44.36,74.0,51.82,59.23
6426,Tulare ,93277,-119.3226585,36.3056613,88.7,98.43,49.43,0.0,33.31,50.91,59.12,67.17
3602,Santa Clara,95112,-121.8568692,37.3125122,22.19,33.2,80.29,0.0,53.55,44.14,16.65,87.5
2598,Sutter ,95993,-121.6633133,39.0342246,51.96,25.05,26.89,94.69,6.19,24.2,65.27,79.91
3270,Los Angeles,91766,-117.7453051,34.0478488,75.12,92.02,23.61,0.0,6.75,82.04,78.25,85.88
2259,Orange ,92870,-117.8706075,33.8654909,53.73,88.3,85.72,0.0,84.4,37.91,25.62,37.64
6686,Orange ,92843,-117.9083925,33.763493,50.54,75.62,69.83,0.0,83.19,30.86,23.94,58.62
6434,Orange ,92843,-117.9096281,33.7571126,50.54,75.51,58.58,0.0,77.45,25.49,16.53,77.58
4076,Santa Clara,95110,-121.9239674,37.3629186,17.65,31.51,93.06,16.52,94.95,43.71,12.48,58.51
4495,Santa Barbara,93454,-120.4270588,34.9306689,10.57,10.03,52.41,92.03,63.4,86.65,52.01,89.66
2677,Fresno ,93727,-119.7276686,36.7252331,88.7,97.82,13.27,69.14,19.71,62.57,28.12,84.12
6883,Orange ,92843,-117.9263206,33.774306,48.45,75.3,73.07,0.0,84.09,49.49,63.57,60.45
2770,Los Angeles,90064,-118.4420039,34.0313917,50.54,68.84,93.34,0.0,99.68,28.45,53.03,55.69
14520,Riverside ,92571,-117.2048878,33.8306663,97.6,53.25,47.84,58.83,81.91,65.64,90.62,64.54
2101,Alameda ,94607,-122.2755009,37.8022742,3.12,47.37,99.04,0.0,57.5,98.88,53.94,71.55
3907,Los Angeles,91601,-118.3839912,34.1656901,76.94,61.48,78.36,0.0,86.74,45.36,36.0,53.62
3758,Los Angeles,90042,-118.2015849,34.1109412,67.9,69.0,44.28,0.0,18.51,53.19,48.92,77.81
4763,San Joaquin,95204,-121.3254307,37.9675673,44.98,55.64,73.78,0.0,56.93,85.48,66.65,62.07
3437,Los Angeles,90404,-118.4840964,34.0227687,51.9,66.97,77.01,0.0,51.23,71.42,41.61,54.79
3796,Santa Cruz,95076,-121.8155301,36.9028173,14.92,2.71,42.69,99.55,69.7,62.69,41.95,37.89
6611,San Bernardino,92313,-117.3072899,34.042144,98.67,75.08,91.08,22.31,89.04,45.01,53.28,59.08
4989,San Bernardino,92407,-117.2851984,34.172019,100.0,54.32,32.89,0.0,32.24,79.75,72.31,75.4
5837,Kern ,93309,-119.0617564,35.3264609,93.63,99.64,13.6,0.0,46.48,86.45,79.15,91.27
4356,Orange ,92704,-117.9165724,33.7429733,50.54,71.85,37.32,0.0,78.18,46.61,39.46,90.3
5457,Los Angeles,90250,-118.3481533,33.906025,29.89,81.69,41.51,0.0,75.06,83.85,86.75,73.42
5175,Tulare ,93274,-119.3214124,36.1899328,88.7,98.41,32.42,83.28,35.59,79.62,93.07,83.42
4588,Stanislaus ,95307,-120.9697851,37.5921181,71.66,59.53,85.18,72.0,75.96,61.71,82.54,51.09
4391,San Bernardino,92324,-117.3219438,34.083291,98.67,67.17,80.16,0.0,12.98,68.34,70.05,85.08
8240,Kern ,93561,-118.4435603,35.1224846,88.7,4.94,46.3,49.86,15.53,71.66,86.99,70.13
4103,Los Angeles,91801,-118.1377177,34.0951421,70.28,65.4,51.49,0.0,33.56,40.9,40.75,75.4
3216,Los Angeles,91770,-118.0988908,34.0644299,70.28,77.27,32.46,0.0,46.43,34.96,29.89,95.41
4833,Stanislaus ,95354,-120.9695762,37.6436844,70.28,59.08,81.0,45.41,36.25,87.74,65.07,40.11
5421,Tulare ,93221,-119.1444506,36.3043939,93.63,92.89,32.91,91.76,13.46,45.51,72.78,79.46
6032,Sutter ,95953,-121.6942945,39.241136,62.73,33.28,29.86,95.1,8.08,51.42,73.7,76.24
5637,San Mateo,94014,-122.4665822,37.6975415,10.57,24.85,79.59,29.52,85.76,69.59,53.61,47.75
6943,Nevada ,95945,-121.0349258,39.2143799,79.99,1.42,31.3,33.69,29.45,74.86,50.22,86.97
5013,Los Angeles,91803,-118.125985,34.0764499,69.32,76.48,95.1,0.0,57.54,25.96,15.67,73.0
4916,Los Angeles,93534,-118.1577319,34.6953144,88.7,9.78,46.16,0.0,47.88,98.14,85.18,57.3
1993,Kern ,93555,-117.7286899,35.7285096,75.12,9.82,15.03,33.14,11.45,79.0,97.87,91.47
5764,Orange ,92683,-118.0116518,33.7667353,35.16,62.92,73.54,0.0,82.45,42.67,60.94,68.0
2906,Los Angeles,90723,-118.1541186,33.9130459,39.99,78.87,91.34,0.0,95.66,33.4,41.35,73.2
3751,Los Angeles,90066,-118.4198974,33.9953352,39.99,65.16,46.5,0.0,53.54,33.82,48.63,59.37
2214,Riverside ,92557,-117.2347522,33.943773,98.67,60.57,86.16,0.0,60.18,55.7,70.15,80.78
4082,San Francisco,94134,-122.4069033,37.7111894,6.38,31.7,78.26,24.1,30.63,68.15,23.47,39.82
4338,Los Angeles,90230,-118.4112469,33.9979789,39.99,69.57,86.35,0.0,99.19,45.48,51.26,73.76
6037,Napa ,94559,-122.2740455,38.287748,17.65,45.65,78.41,36.55,29.41,36.0,24.1,51.41
4328,Los Angeles,90650,-118.0768827,33.8842945,42.56,74.86,38.11,0.0,82.99,40.49,65.27,47.75
6940,Fresno ,93611,-119.6909521,36.7865743,88.7,96.86,39.4,54.55,25.18,63.98,31.97,64.03
6182,San Bernardino,92335,-117.422734,34.1030715,97.6,88.06,46.25,0.0,27.39,48.67,69.14,75.4
3083,San Joaquin,95207,-121.3014143,37.995688,44.98,55.78,16.61,0.0,59.5,85.18,60.33,98.02
4122,Butte ,95928,-121.8344873,39.7293637,53.73,37.25,76.94,75.62,42.5,51.01,34.26,89.66
5051,Los Angeles,91103,-118.1488613,34.1544547,76.94,58.06,91.55,0.0,71.8,32.0,32.79,81.91
7769,Los Angeles,90601,-118.008555,33.9760214,65.69,72.13,15.77,0.0,49.89,58.15,66.05,50.4
5540,San Bernardino,92345,-117.2985044,34.4610778,91.05,13.6,49.14,0.0,72.71,72.27,97.98,91.61
3247,Los Angeles,91504,-118.3354064,34.2026771,84.58,62.05,85.6,0.0,81.6,42.5,38.57,39.21
3328,Fresno ,93710,-119.7632087,36.8194482,82.48,96.3,18.0,0.0,38.91,88.3,59.12,78.88
7957,Santa Cruz,95076,-121.7543133,36.9272406,16.78,3.85,57.77,99.28,26.75,65.35,45.03,81.07
3215,Los Angeles,90042,-118.1948974,34.1140024,69.32,69.0,42.7,0.0,22.21,53.19,48.92,74.87
7781,Santa Barbara,93436,-120.4666395,34.6431155,3.12,9.23,62.46,84.1,9.51,56.12,71.05,96.51
7637,Los Angeles,90706,-118.1205611,33.9049648,42.56,78.2,82.45,49.79,41.76,57.45,65.84,42.41
6525,San Bernardino,91762,-117.6602067,34.0453895,79.99,95.68,75.61,0.0,17.69,79.2,89.61,61.08
3861,Sacramento ,95670,-121.3112128,38.5930583,59.69,36.34,68.56,2.52,12.08,78.17,81.52,74.46
2372,Los Angeles,90027,-118.3071514,34.1035491,62.53,77.77,83.11,0.0,68.61,46.82,90.84,76.62
4506,Los Angeles,91801,-118.1316021,34.0961677,71.66,65.4,41.75,0.0,44.78,40.9,40.75,66.87
5163,Los Angeles,91325,-118.5128425,34.2539511,95.27,70.4,42.73,0.0,36.58,58.69,62.6,52.11
3059,Riverside ,92504,-117.4411265,33.9577091,93.63,93.48,30.57,0.0,66.83,70.3,69.32,44.62
6202,Fresno ,93657,-119.5325383,36.718129,88.7,95.32,14.1,92.38,4.64,85.37,57.38,82.54
3225,Los Angeles,90028,-118.3355353,34.1034022,63.29,77.59,87.62,0.0,79.06,33.44,18.01,78.63
5013,Los Angeles,90606,-118.0620458,33.9822771,62.53,79.88,61.49,0.0,25.38,65.8,91.89,18.18
7654,San Bernardino,92335,-117.413994,34.0994731,97.6,85.87,55.36,0.0,17.2,57.27,77.13,73.42
6248,San Bernardino,92324,-117.3367238,34.0821073,98.67,70.44,59.61,0.0,9.54,80.46,85.46,64.5
3781,Los Angeles,90745,-118.2814216,33.8216423,20.85,75.33,91.92,0.0,87.96,76.63,82.71,46.61
4905,San Bernardino,91764,-117.6461154,34.0794803,88.7,97.51,96.86,0.0,85.14,57.99,72.93,30.78
3657,San Diego,91950,-117.0738536,32.6639283,29.89,51.14,86.25,0.0,82.24,67.71,53.1,82.36
3951,Ventura ,93033,-119.1486074,34.1719898,24.88,34.35,54.77,99.21,33.29,52.38,67.49,85.5
4181,Los Angeles,90008,-118.3623219,34.0122748,37.78,66.93,23.87,17.41,83.81,77.12,29.05,26.21
6029,Ventura ,93030,-119.1860277,34.202819,24.88,35.88,53.34,0.0,41.48,71.88,67.7,79.82
4367,Los Angeles,90232,-118.3843439,34.0251002,44.98,68.04,91.16,17.69,68.51,45.06,53.61,27.85
5284,Los Angeles,91202,-118.2597444,34.161482,72.55,68.72,52.68,0.0,46.26,26.73,75.36,52.71
3454,Fresno ,93722,-119.9214051,36.842753,78.01,93.03,85.26,61.79,60.95,89.84,59.55,42.24
4387,Alameda ,94601,-122.2102385,37.7807761,3.12,37.61,60.37,0.0,9.58,95.55,52.92,72.4
3650,Merced ,95348,-120.477943,37.3183669,72.55,88.26,39.58,0.0,59.53,87.44,93.99,86.38
4106,Riverside ,92503,-117.4611828,33.8973389,91.05,90.83,95.32,54.14,84.16,71.29,86.54,40.8
4159,San Joaquin,95210,-121.285182,38.0025906,44.98,55.69,32.01,0.0,53.6,72.96,85.62,84.91
4984,Sacramento ,95670,-121.2329326,38.6248503,65.69,23.86,71.51,0.0,93.41,76.25,80.0,13.04
3843,Sacramento ,95825,-121.4107461,38.5926289,50.54,39.64,35.73,0.0,52.23,95.14,59.5,91.13
4758,Los Angeles,91342,-118.4482929,34.3146809,97.0,53.6,69.05,0.0,67.33,73.29,57.13,74.56
10285,Kern ,93313,-119.0427006,35.2885017,93.63,99.58,75.0,0.0,60.6,65.09,84.42,54.95
3431,Los Angeles,91342,-118.3925764,34.2820993,97.0,57.4,74.14,37.1,87.45,73.29,57.13,48.44
6979,San Bernardino,92346,-117.2108858,34.1248922,100.0,55.1,46.36,0.0,39.28,61.52,77.58,70.34
3025,Los Angeles,90005,-118.2981624,34.0561038,48.45,84.6,74.26,0.0,56.06,19.95,10.48,95.24
6943,Los Angeles,91321,-118.5128742,34.3736616,97.0,47.62,47.33,0.0,84.2,55.93,56.64,80.11
8236,Orange ,90620,-118.0152589,33.8355687,42.56,70.62,49.37,0.0,62.11,42.02,57.44,65.54
4751,Contra Costa,94513,-121.7087615,37.9289646,39.99,30.5,57.34,64.1,51.04,66.74,70.15,54.55
6522,Los Angeles,91010,-117.9554107,34.1393519,88.7,63.09,77.46,0.0,80.81,51.57,34.26,37.64
5872,Los Angeles,90746,-118.2413562,33.8522481,24.88,86.89,38.29,0.0,31.9,89.39,70.3,36.8
3438,Los Angeles,90039,-118.2602407,34.1160806,64.73,76.65,88.53,0.0,90.96,50.19,29.89,41.03
7835,Riverside ,92551,-117.2217753,33.8974314,98.67,60.45,51.43,0.0,30.24,78.75,86.32,84.7
6115,Contra Costa,94520,-122.0338936,37.9947441,20.85,33.84,78.66,0.0,94.1,92.21,76.38,21.51
2008,Los Angeles,90026,-118.2824401,34.0808128,55.38,87.36,94.55,0.0,94.66,39.66,28.83,60.21
3158,Butte ,95965,-121.5601305,39.477074,70.28,19.07,24.21,0.0,21.81,66.09,95.48,89.94
5042,Fresno ,93722,-119.8712132,36.7590356,78.01,93.7,6.66,77.14,3.36,92.12,65.39,66.31
5942,Merced ,95341,-120.4047796,37.2895999,72.55,84.69,31.29,86.62,5.33,96.81,99.59,61.08
6104,Stanislaus ,95356,-120.9854187,37.6999879,67.9,55.38,55.87,96.03,40.35,42.04,28.29,73.2
3399,Monterey ,93933,-121.8005663,36.6645043,10.57,2.24,12.2,78.28,68.98,75.19,43.71,72.09
4133,San Diego,92105,-117.0835759,32.7338692,35.16,50.04,40.73,0.0,43.68,81.56,60.94,50.85
3544,San Diego,92020,-116.9593301,32.796887,62.53,46.94,87.12,0.0,33.6,50.21,46.32,92.45
6430,Stanislaus ,95350,-121.0032806,37.6798075,67.9,56.15,77.65,0.0,51.89,84.6,65.18,58.23
1226,Los Angeles,90241,-118.0976911,33.9365565,50.54,87.5,94.93,0.0,99.95,32.81,60.78,24.72
2917,Los Angeles,91316,-118.5263111,34.1628402,79.99,90.12,82.0,59.31,88.96,61.93,41.35,25.72
5446,Los Angeles,90747,-118.25076,33.8656664,24.88,86.73,53.5,31.83,73.49,41.13,27.24,34.21
4435,Los Angeles,90255,-118.2147845,33.9682908,42.56,81.57,33.43,0.0,54.05,65.2,94.35,63.91
5106,Los Angeles,91303,-118.603662,34.1904438,79.99,65.87,69.48,65.69,56.2,26.57,15.83,55.39
1703,Sacramento ,95814,-121.5044795,38.5770653,44.98,39.89,92.77,0.0,69.38,88.45,80.96,49.55
4506,Los Angeles,90046,-118.3538978,34.0892775,60.66,69.53,81.01,0.0,75.23,20.64,56.46,61.28
7497,Imperial ,92250,-115.3745809,32.8156455,59.85,43.87,8.23,82.14,3.59,86.67,87.51,78.2
2907,Riverside ,92220,-116.8940377,33.9307499,97.6,43.01,85.79,0.0,7.14,89.44,98.23,91.27
8105,Santa Clara,95111,-121.8392542,37.2891788,24.88,21.48,71.54,0.0,72.61,75.34,58.54,55.69
6348,San Benito,95023,-121.4054324,36.847764,20.85,1.28,78.17,43.9,25.08,72.58,97.72,68.48
4617,Lake ,95422,-122.6403151,38.9565553,16.78,0.25,26.16,43.83,4.68,97.67,83.24,88.09
3208,Riverside ,91752,-117.5140276,33.9962787,93.63,97.41,16.58,13.83,6.38,42.25,75.22,73.32
5052,Santa Clara,95110,-121.8808148,37.3157311,20.85,32.2,79.96,0.0,77.06,53.23,17.24,82.54
3170,Kern ,93241,-118.911723,35.2390042,95.27,92.51,28.72,82.48,3.54,40.85,59.82,99.54
3140,Los Angeles,91335,-118.5606591,34.1873507,82.48,92.72,82.12,0.0,65.06,44.75,50.64,55.11
2633,Los Angeles,91343,-118.4788675,34.2429124,95.27,68.28,72.0,0.0,88.79,85.43,63.46,11.03
8986,Orange ,92804,-117.9487797,33.8264301,46.99,80.34,68.21,5.69,59.8,43.23,37.08,43.73
4041,San Diego,92114,-117.0801318,32.6994123,29.89,51.89,23.66,0.0,18.86,91.85,67.3,74.97
7811,Riverside ,92582,-117.0240132,33.8219345,97.1,42.71,12.47,84.0,42.04,66.76,87.61,64.03
3270,Los Angeles,90033,-118.2009322,34.0498932,57.77,90.5,75.57,0.0,64.91,77.34,64.26,79.91
2540,Merced ,95334,-120.7492817,37.3413009,75.12,64.34,18.52,99.14,11.68,53.85,79.71,62.84
4844,Los Angeles,90712,-118.1600342,33.8351031,26.7,67.12,35.23,0.0,52.88,98.53,63.46,47.5
3573,Los Angeles,90004,-118.3029424,34.0726364,51.9,80.92,74.86,0.0,63.11,41.64,34.96,78.2
5012,San Joaquin,95336,-121.2222157,37.8041434,57.77,55.51,27.44,38.76,23.34,88.76,90.5,75.72
7241,Orange ,92701,-117.856975,33.7385343,57.77,71.05,59.6,0.0,21.95,25.59,9.14,93.92
5250,San Bernardino,91761,-117.6439623,34.0248561,79.99,96.69,97.04,55.31,92.64,48.83,66.05,46.61
7008,San Bernardino,92374,-117.1893601,34.0811964,100.0,54.57,47.41,73.52,71.64,64.53,60.12,43.53
4552,Los Angeles,91371,-118.5842954,34.1833588,79.99,80.71,66.89,60.0,62.99,39.49,68.71,50.4
4750,Los Angeles,91754,-118.1353858,34.0587488,66.81,81.0,23.12,0.0,42.09,40.95,31.29,60.01
4517,San Diego,91911,-117.0400229,32.6036598,29.89,67.48,93.08,0.0,85.11,73.48,50.02,53.87
4474,Monterey ,93901,-121.6367228,36.6483701,10.57,1.97,49.46,97.97,53.49,90.1,49.34,62.25
3903,Los Angeles,91345,-118.4556969,34.2687178,97.0,58.44,83.95,0.0,90.19,75.75,66.19,30.78
4100,San Joaquin,95219,-121.362321,38.0003872,44.98,53.2,59.25,69.45,78.33,46.92,55.1,53.27
6441,Orange ,92655,-117.9852856,33.7483608,37.57,62.02,38.52,32.07,61.59,48.89,35.72,78.45
3370,Los Angeles,90745,-118.2701989,33.8026513,20.85,69.35,60.42,62.24,46.44,58.05,60.82,41.03
4349,Los Angeles,91040,-118.3395158,34.2409055,93.85,56.1,13.24,9.24,80.0,46.35,25.5,50.4
4183,Los Angeles,90601,-118.0053624,34.0341304,71.66,82.78,61.74,39.1,77.44,38.2,60.71,30.29
5011,Napa ,94558,-122.3010777,38.3110736,17.65,52.45,58.11,21.07,74.43,45.31,40.91,58.02
6726,Los Angeles,93550,-118.0773655,34.5829354,88.7,10.68,15.59,0.0,22.39,95.64,93.27,86.38
8440,San Bernardino,92395,-117.3247037,34.4831244,88.7,10.82,45.48,0.0,81.88,92.5,98.31,80.34
2542,Los Angeles,90034,-118.3718243,34.0405392,46.99,67.5,92.94,0.0,88.0,31.48,9.41,29.46
6084,San Bernardino,91786,-117.6396784,34.1124251,93.63,98.64,44.58,47.14,35.64,77.52,89.05,40.11
6745,Alameda ,94541,-122.1097202,37.6603503,10.57,31.36,87.87,0.0,97.19,89.32,74.64,59.82
5186,Fresno ,93612,-119.691083,36.8160111,88.7,96.13,52.88,0.0,35.14,57.37,21.73,72.84
3616,Contra Costa,94509,-121.7845356,38.0085744,35.16,29.67,43.58,30.83,21.13,99.49,95.83,53.04
3749,San Joaquin,95209,-121.3549153,38.0224563,42.56,53.24,81.9,57.9,89.55,42.86,23.47,89.66
4982,Santa Clara,95110,-121.8863954,37.3232689,20.85,34.59,94.81,0.0,83.2,67.36,14.28,86.51
4331,Los Angeles,90026,-118.2504362,34.0929176,62.53,85.36,79.15,0.0,94.84,34.61,18.01,30.46
5366,Los Angeles,91744,-117.8924325,34.008773,66.81,88.56,69.09,0.0,67.86,48.67,41.16,79.46
7128,Orange ,92804,-117.9890346,33.8247749,42.56,73.75,78.73,32.69,77.61,44.42,40.83,57.79
3336,San Diego,91950,-117.0744466,32.6801039,29.89,51.97,82.91,0.0,88.65,68.37,53.75,61.08
6519,Orange ,90631,-117.9678496,33.9227729,57.77,75.96,58.57,0.0,76.31,52.59,66.33,53.04
5816,Los Angeles,90605,-118.0409409,33.9459765,56.96,72.45,28.5,0.0,51.63,68.41,95.56,32.27
2265,San Diego,92020,-116.9804886,32.7886293,58.23,47.67,90.03,0.0,69.81,51.03,47.32,47.75
3720,Los Angeles,91604,-118.3681384,34.1420581,72.55,61.66,88.09,25.1,92.93,18.62,50.12,37.16
5745,San Diego,92123,-117.146338,32.8015387,37.57,40.92,96.83,0.0,85.25,59.22,32.12,60.21
4140,Los Angeles,90703,-118.0387822,33.8799253,46.99,74.14,44.01,0.0,56.99,39.62,41.95,20.8
7788,Ventura ,93033,-119.1821358,34.1511164,24.88,31.97,37.52,0.0,23.9,50.35,64.73,99.21
2816,Los Angeles,90731,-118.2857001,33.7081194,16.78,62.36,49.12,0.0,8.6,93.62,64.02,70.13
4159,Fresno ,93727,-119.7157537,36.7809252,88.7,96.93,33.86,33.83,31.99,52.64,11.17,77.58
4115,Riverside ,92503,-117.4379056,33.9098243,93.63,92.11,91.66,47.52,78.41,68.73,84.26,49.55
4611,Tulare ,93274,-119.3219739,36.2189133,88.7,98.38,60.3,71.41,42.36,79.62,93.07,71.91
1873,San Joaquin,95207,-121.308748,37.9905867,44.98,55.84,57.5,20.66,55.8,71.97,39.08,83.17
5417,Los Angeles,90008,-118.3214867,34.0120868,39.99,76.42,28.2,9.83,37.88,84.51,39.64,60.45
5865,San Diego,92021,-116.9433532,32.8039448,64.73,46.97,70.26,0.0,51.03,58.87,56.01,90.63
6526,Riverside ,92223,-116.9530089,33.8767216,97.6,37.37,2.85,23.97,80.66,81.57,93.43,30.29
4671,Kings ,93212,-119.5738328,36.1028669,82.48,93.62,34.0,66.69,4.01,66.86,91.71,86.97
5348,Orange ,92802,-117.941414,33.8142414,46.99,79.24,26.15,63.31,47.56,53.39,37.3,79.31
4291,Santa Barbara,93454,-120.4266148,34.9494695,10.57,10.02,62.99,94.34,35.68,86.65,52.01,68.83
4182,Monterey ,93905,-121.6341984,36.6844661,10.57,1.67,46.24,83.45,59.08,74.45,42.4,90.05
4125,Los Angeles,91711,-117.7134071,34.0874081,84.58,94.26,86.76,8.79,85.08,25.85,36.17,64.9
4144,Los Angeles,90604,-118.0266537,33.9324918,56.96,75.43,37.22,0.0,30.04,62.75,89.49,25.43
3968,Los Angeles,91706,-117.9791262,34.0869771,78.01,72.63,24.68,0.0,43.83,76.12,65.07,58.91
17848,Stanislaus ,95363,-121.1449685,37.4647933,70.28,52.11,52.78,83.31,2.79,55.4,74.03,61.55
2355,Santa Clara,95002,-121.9948126,37.4495367,15.05,19.43,29.0,0.0,94.13,37.96,40.0,27.85
4682,Los Angeles,90010,-118.3047254,34.0635374,50.54,83.42,88.35,0.0,65.59,13.11,7.89,82.21
7096,Alameda ,94605,-122.1823031,37.7661964,6.38,28.33,52.08,0.0,19.08,99.24,70.92,76.71
2237,Los Angeles,90029,-118.2823148,34.0887786,56.96,83.35,53.3,0.0,31.59,45.41,37.08,44.41
7871,San Diego,92154,-117.0885683,32.5703957,26.7,90.06,64.08,50.03,53.44,53.03,45.46,78.2
4382,Alameda ,94544,-122.0944503,37.6535732,11.56,27.74,99.66,0.0,96.83,93.99,90.15,23.66
6226,Solano ,94533,-122.0396821,38.2655647,24.88,27.09,54.37,0.0,50.14,98.06,81.09,80.87
1645,Riverside ,92225,-114.6691382,33.5281628,20.85,40.9,4.11,87.24,3.15,82.44,98.11,70.53
4524,Los Angeles,91324,-118.548089,34.2422846,93.63,76.4,17.11,0.0,60.04,83.57,90.2,36.28
4844,Orange ,92821,-117.890759,33.9160273,55.38,82.99,86.77,0.0,92.4,33.0,52.62,32.05
4135,San Mateo,94066,-122.4061516,37.6273351,10.57,32.93,92.17,0.0,95.58,55.0,33.92,19.38
2193,Los Angeles,90012,-118.2529675,34.0564422,51.9,91.33,98.87,30.41,90.68,26.33,35.9,44.22
6598,Solano ,94585,-121.9839893,38.1435924,22.25,16.12,5.03,22.45,37.99,95.51,88.0,41.24
5433,Ventura ,93030,-119.2319857,34.2098935,22.19,25.13,40.49,99.69,49.55,60.54,54.22,20.6
5674,Sacramento ,95822,-121.4931707,38.5073142,37.57,32.31,48.04,0.0,41.65,93.74,77.99,73.2
4282,Los Angeles,90008,-118.3512616,34.0067001,37.57,72.68,30.19,22.66,67.94,97.46,79.35,37.89
4445,Los Angeles,91356,-118.5581266,34.1781538,79.99,91.84,90.96,12.86,95.53,51.43,49.25,24.72
7566,San Bernardino,92337,-117.4982025,34.0426943,93.63,94.59,37.7,0.0,30.55,54.89,71.54,58.02
5113,Alameda ,94544,-122.0851818,37.65183,13.62,26.35,98.83,0.0,66.16,93.99,90.15,51.95
4185,Monterey ,93907,-121.6700057,36.6893565,10.57,2.18,60.19,97.24,56.11,60.89,32.54,51.41
5498,San Bernardino,92407,-117.3017356,34.168967,100.0,55.62,10.09,0.0,22.06,82.08,91.8,88.37
4957,Los Angeles,91722,-117.9121142,34.0923121,79.99,73.57,85.39,0.0,53.58,65.64,69.42,27.35
4031,San Diego,92115,-117.0553352,32.7498573,39.99,49.4,26.5,0.0,57.13,68.87,45.54,47.32
4337,Tulare ,93277,-119.2990915,36.302965,88.7,98.34,46.46,44.72,25.11,47.46,55.21,54.55
5336,Imperial ,92243,-115.5741155,32.7833677,62.53,25.9,24.78,63.55,50.01,92.8,88.27,72.4
5622,Riverside ,92881,-117.522205,33.8381856,79.99,87.62,69.43,0.0,80.01,12.51,73.03,54.23
8751,Los Angeles,93534,-118.1569902,34.7127561,88.7,9.37,37.27,0.0,,98.99,90.84,74.46
4505,Los Angeles,90731,-118.2914165,33.7249036,16.78,65.26,39.15,0.0,20.61,93.62,64.02,64.17
3281,San Joaquin,95215,-121.2262076,37.9949416,46.99,53.5,35.89,92.45,28.03,57.4,83.57,57.63
5946,Los Angeles,91205,-118.2363625,34.1347576,69.32,68.66,61.1,0.0,81.65,54.19,79.3,30.46
5930,Orange ,92627,-117.9275368,33.648434,48.45,55.4,84.17,0.0,65.44,47.81,24.21,82.94
3880,San Diego,91941,-117.0438659,32.7495164,39.99,49.63,81.05,0.0,78.83,19.49,3.58,55.69
4886,Los Angeles,90019,-118.3631083,34.0499363,50.54,67.37,68.69,0.0,67.89,70.26,41.61,23.91
6707,Los Angeles,91505,-118.3390315,34.1531211,74.1,66.75,90.54,0.0,88.66,26.11,26.62,42.61
4654,Sacramento ,95828,-121.3831371,38.4891675,44.98,32.64,49.25,0.0,42.06,90.04,88.11,71.42
4402,San Joaquin,95240,-121.2760564,38.1085229,44.98,51.3,40.97,37.59,26.18,75.01,84.18,81.14
5178,Alameda ,94577,-122.1734869,37.7234343,6.38,23.58,99.53,0.0,97.41,82.79,42.49,48.2
7083,San Joaquin,95376,-121.4382804,37.758114,59.69,45.26,77.17,59.28,79.45,86.74,68.76,56.67
4808,San Bernardino,91763,-117.6895559,34.0704075,82.48,94.9,47.44,0.0,27.59,72.31,79.46,43.33
2785,Tulare ,93291,-119.3587347,36.3345065,88.7,98.81,32.66,17.07,47.61,48.8,65.98,43.14
7541,Contra Costa,94804,-122.3399755,37.9485499,3.83,39.37,89.05,18.97,38.34,96.87,61.58,68.27
6646,Los Angeles,91745,-118.0024823,34.0145909,70.52,78.61,61.48,0.0,96.38,47.56,45.97,44.62
7938,Riverside ,92555,-117.2002245,33.9319935,98.67,58.07,79.12,63.79,78.36,65.62,87.41,62.47
8774,Riverside ,92880,-117.5770354,33.8991933,79.99,91.49,70.54,0.0,17.6,13.61,63.31,78.88
3357,Riverside ,92553,-117.2480601,33.919149,98.67,63.02,13.44,0.0,33.35,80.87,96.11,85.5
7804,San Mateo,94015,-122.4802873,37.7001002,10.57,20.44,61.94,22.69,85.59,64.18,61.08,60.01
4063,Los Angeles,93551,-118.1350954,34.615092,88.7,7.74,44.89,0.0,69.19,72.93,59.5,63.24
4318,Los Angeles,90005,-118.3022262,34.0595607,48.45,84.6,94.62,0.0,56.88,33.08,38.11,83.34
1864,Los Angeles,90026,-118.2791664,34.0871531,56.96,83.35,56.7,0.0,73.33,63.7,60.59,59.52
6734,Riverside ,92274,-116.1437183,33.5349272,77.06,7.31,9.38,94.97,6.09,21.19,47.32,95.5
4938,San Joaquin,95210,-121.3141008,38.0245526,44.98,53.75,21.07,0.0,61.69,86.03,97.36,79.46
2902,San Joaquin,95237,-121.1494646,38.1621306,53.73,48.79,27.69,88.03,18.85,44.6,85.77,62.66
2777,Alameda ,94546,-122.0784575,37.6929313,11.56,31.21,90.47,0.0,93.9,70.6,58.21,31.55
2424,Los Angeles,90018,-118.3311523,34.0164074,39.99,75.0,28.53,35.55,50.4,78.7,39.81,33.54
1977,Los Angeles,91790,-117.9577635,34.0523638,75.12,80.49,19.51,0.0,21.24,44.69,27.02,57.14
5021,Orange ,92707,-117.8809064,33.7217274,55.38,71.01,38.48,25.62,51.3,63.32,45.25,56.85
1921,Los Angeles,90302,-118.363824,33.9791778,35.16,71.99,54.19,0.0,51.49,87.99,73.78,34.21
8316,Los Angeles,90240,-118.1063383,33.9502684,50.54,87.17,85.94,0.0,95.6,32.37,52.78,25.72
5449,Riverside ,92201,-116.2405275,33.7074307,88.7,10.16,53.13,87.66,51.01,67.47,74.58,91.7
6082,Los Angeles,91744,-117.9273307,34.0421045,71.66,86.77,47.16,42.07,13.68,56.79,52.01,41.24
3419,Los Angeles,91411,-118.4651573,34.1682378,82.48,73.94,64.27,0.0,99.35,39.63,41.35,40.11
5366,Los Angeles,90501,-118.3181299,33.8382367,22.19,74.88,59.86,0.0,59.78,67.87,50.02,31.55
2393,Sacramento ,95822,-121.4883176,38.5331684,39.99,34.9,49.31,0.0,27.68,93.39,77.65,58.02
2156,Alameda ,94710,-122.3013426,37.8590327,3.12,39.95,94.36,0.0,94.18,72.77,34.18,43.53
6731,Los Angeles,91103,-118.1602397,34.1761857,78.01,59.95,83.81,0.0,63.96,60.97,41.45,55.11
2646,Kings ,93212,-119.5624953,36.0861268,82.48,95.16,7.99,43.07,4.51,66.86,91.71,89.17
4262,Riverside ,92879,-117.5555915,33.8928291,82.48,91.36,95.35,0.0,80.9,22.64,56.12,51.09
6286,San Bernardino,91710,-117.7068103,34.0262054,76.94,93.39,95.97,0.0,83.4,49.89,83.15,53.87
5120,Los Angeles,90018,-118.3045508,34.0218497,42.56,80.3,39.69,0.0,63.33,53.96,36.17,68.63
2831,Los Angeles,91801,-118.1255878,34.0719031,69.32,76.48,89.56,0.0,94.19,24.63,13.35,65.28
2910,Los Angeles,93534,-118.1346836,34.6528656,88.7,8.86,31.11,0.0,54.38,98.68,87.67,81.49
5839,Los Angeles,91342,-118.4590006,34.3228508,97.0,53.4,72.37,0.0,65.13,73.29,57.13,42.76
3549,Yolo ,95691,-121.5229093,38.5728417,42.56,37.21,92.07,0.0,53.04,76.81,77.26,44.87
5648,Orange ,92705,-117.8422033,33.7378844,57.77,73.91,97.4,0.0,88.76,13.14,4.08,79.82
4011,San Bernardino,92363,-114.6750382,34.8240667,88.7,33.74,26.88,0.0,24.95,96.2,78.44,84.12
6349,Fresno ,93722,-119.8713084,36.7790926,78.01,94.18,11.54,28.03,4.85,92.31,65.89,74.05
5152,Sacramento ,95817,-121.4637479,38.5542221,44.98,38.02,82.23,0.0,73.78,94.4,94.02,55.39
4667,Los Angeles,90017,-118.2616851,34.0468661,50.54,90.01,99.7,16.59,84.56,60.92,15.67,46.61
6222,Contra Costa,94520,-122.0446085,37.9550364,17.65,33.93,67.09,36.76,59.93,54.65,23.59,92.79
5455,San Diego,91932,-117.1129542,32.5860463,24.88,62.75,86.56,0.0,50.64,70.0,65.27,74.28
4949,Los Angeles,91744,-117.958718,34.0454982,74.1,84.88,30.01,0.0,23.25,71.8,69.11,43.89
3767,Alameda ,94545,-122.088523,37.6282241,11.56,29.78,75.47,0.0,92.36,91.19,80.96,27.05
3324,San Joaquin,95209,-121.3526635,38.0244365,42.56,53.09,58.68,53.31,69.23,68.38,66.15,69.96
3369,Los Angeles,90601,-118.0369951,33.9792515,64.73,75.68,41.61,0.0,30.51,64.51,75.46,84.33
4180,Alameda ,94501,-122.2529164,37.7847324,3.12,41.33,82.55,0.0,24.69,74.0,51.82,48.92
3532,Yolo ,95776,-121.7607119,38.6846131,57.77,38.0,53.38,44.31,16.41,56.51,56.78,73.63
7745,Monterey ,93906,-121.6498809,36.6928867,10.57,2.03,54.39,82.07,75.14,71.92,47.32,74.97
6404,Riverside ,92509,-117.4673294,33.9886544,93.63,95.21,30.39,24.07,36.75,65.94,76.96,37.64
2892,Riverside ,92544,-116.9520967,33.7440141,93.63,37.41,67.79,0.0,25.34,73.02,87.2,94.23
3202,Los Angeles,90504,-118.3390052,33.8758587,24.88,78.98,81.08,0.0,93.21,34.33,63.14,50.4
7633,Santa Clara,95133,-121.8672939,37.3736366,20.85,32.23,85.46,1.79,82.01,46.17,53.1,39.62
2427,Monterey ,93955,-121.848484,36.6152554,10.57,2.85,74.29,0.0,74.85,72.48,47.18,75.4
4485,San Diego,91932,-117.1144635,32.575638,26.7,68.67,27.43,0.0,9.16,76.91,73.97,61.28
4235,Los Angeles,90025,-118.4496946,34.045202,55.38,63.65,93.42,4.59,99.83,13.67,34.18,55.5
7489,Alameda ,94545,-122.1115983,37.6431726,10.57,28.72,77.66,0.0,71.93,91.19,80.96,33.2
7302,Monterey ,93905,-121.6171939,36.6799302,10.57,2.0,35.28,93.14,18.61,81.67,54.36,92.79
6865,Sacramento ,95833,-121.5081768,38.6170872,50.54,33.19,90.17,71.69,89.2,85.71,81.92,45.2
5469,Monterey ,93926,-121.4841399,36.4990122,17.71,1.36,11.36,92.76,32.91,56.31,77.72,79.66
4046,Kern ,93306,-118.9550626,35.4034052,93.63,99.07,37.31,0.0,24.49,81.46,77.94,68.0
6222,Orange ,92804,-117.9632386,33.8104078,44.98,74.61,23.51,23.72,48.79,62.15,63.75,65.28
3373,Los Angeles,90305,-118.3237463,33.9545341,32.15,80.86,28.67,0.0,60.19,92.93,80.1,43.53
5636,Merced ,95340,-120.4472741,37.3136674,72.55,88.01,9.11,86.83,17.3,98.48,99.88,59.82
2562,Tulare ,93277,-119.3406647,36.3236674,88.7,98.71,62.74,19.66,43.89,44.18,50.32,92.26
7803,San Diego,92173,-117.0496159,32.5641527,29.89,98.47,90.11,0.0,38.71,77.75,80.42,81.07
5611,Los Angeles,91342,-118.4124465,34.3054778,97.6,54.4,53.7,0.0,57.93,73.01,56.61,43.14
3344,Los Angeles,91792,-117.9014438,34.03455,71.66,78.84,15.97,37.14,54.99,18.08,9.6,57.79
2549,San Diego,91911,-117.0326038,32.6009941,29.89,68.7,62.12,0.0,75.95,73.48,50.02,43.14
6583,Riverside ,92882,-117.5971368,33.870484,76.94,90.58,77.62,0.0,80.28,40.32,84.52,72.58
5553,San Bernardino,91739,-117.5314807,34.0931847,95.27,94.03,63.47,0.0,86.76,9.33,14.18,70.44
2553,Butte ,95966,-121.5403556,39.4956403,70.28,17.59,39.51,0.0,17.98,66.34,95.54,98.35
5416,San Benito,95023,-121.4128378,36.8305526,20.85,1.12,24.99,62.52,30.88,66.94,94.32,28.17
5264,Orange ,92630,-117.7041363,33.6236733,67.9,40.51,60.49,0.0,93.93,17.72,52.16,49.72
5199,San Diego,92173,-117.0584994,32.5607791,29.89,98.0,80.37,0.0,48.21,77.75,80.42,86.07
2895,San Joaquin,95207,-121.2955499,37.9973494,44.98,55.78,29.01,0.0,62.14,76.97,55.98,93.67
6015,Kern ,93555,-117.8250807,35.5740597,80.09,6.65,5.39,44.38,1.5,79.13,96.4,56.85
4295,Sacramento ,95820,-121.4602788,38.532368,39.99,35.68,60.44,0.0,18.34,91.76,86.32,94.23
4071,Los Angeles,90007,-118.2856809,34.0209197,44.98,78.59,97.85,0.0,89.51,5.67,13.5,99.81
3902,Riverside ,92505,-117.4846527,33.9292791,91.05,92.78,70.7,0.0,10.78,58.91,78.86,80.28
4293,Los Angeles,90802,-118.1799258,33.7665662,20.85,64.33,33.48,0.0,42.34,68.31,46.24,47.5
4788,Santa Clara,95125,-121.8725149,37.3061692,22.19,31.23,85.14,0.0,79.9,24.43,4.9,77.2
7724,Tehama ,96080,-122.2426817,40.1524476,62.53,4.27,47.49,63.1,21.25,87.16,98.02,94.33
5395,San Diego,92115,-117.0830585,32.7531727,35.16,48.97,41.57,0.0,49.15,48.83,19.74,94.26
7220,Riverside ,92201,-116.2106697,33.7098989,88.7,11.08,47.43,0.0,28.23,61.74,69.49,85.55
5659,Santa Clara,95112,-121.8796401,37.3330035,20.85,36.1,86.32,12.45,14.21,72.38,49.36,93.92
4119,San Bernardino,91710,-117.6740258,34.0155355,76.94,94.35,12.71,0.0,18.28,49.89,83.15,62.35
7596,Alameda ,94587,-122.0427542,37.6011866,14.92,27.59,71.59,38.72,79.68,63.32,63.57,28.86
3254,Los Angeles,91767,-117.7311684,34.071705,79.99,93.14,41.44,0.0,5.84,89.01,84.37,39.97
6764,Riverside ,92543,-116.9786785,33.7246399,91.05,37.91,22.97,71.0,17.56,94.13,96.22,76.43
4043,Los Angeles,91103,-118.1483611,34.1633406,78.01,58.9,87.6,0.0,25.24,38.65,17.9,97.02
4091,Los Angeles,90604,-118.0236715,33.9207603,53.73,74.96,57.36,0.0,50.84,53.24,81.31,49.55
4903,Orange ,92647,-117.9979307,33.7265017,37.57,60.37,85.71,0.0,70.46,50.05,48.22,60.21
4657,Los Angeles,91403,-118.4585185,34.1616765,79.99,68.89,79.89,0.0,99.84,37.67,69.65,28.17
2371,Kern ,93308,-119.0832776,35.3924388,93.63,99.59,51.84,0.0,52.71,82.35,89.0,56.85
6284,San Diego,92154,-117.0958327,32.5996184,26.7,73.03,66.19,0.0,80.39,51.46,43.22,61.55
5286,Santa Clara,95122,-121.8346802,37.3256266,24.88,34.51,88.33,0.0,99.43,79.47,66.44,74.7
3195,Los Angeles,91345,-118.4653518,34.2615445,97.0,60.72,75.89,0.0,94.09,75.75,66.19,38.57
1343,San Bernardino,92332,-114.8402003,34.5022634,61.07,12.61,4.59,0.0,3.73,95.09,74.95,78.1
5028,Los Angeles,90604,-118.0348881,33.9393795,56.96,71.82,30.89,0.0,44.65,35.81,60.71,37.64
7290,Contra Costa,94561,-121.732928,37.9993161,35.16,27.7,61.33,60.1,17.25,83.9,85.97,68.94
4478,Riverside ,92503,-117.4884574,33.8925283,88.7,91.95,97.73,0.0,90.43,71.29,86.54,44.87
3404,Fresno ,93723,-119.9948664,36.795996,75.3,89.41,32.76,94.79,6.46,54.56,26.76,79.2
4519,Kings ,93230,-119.676661,36.331353,82.48,98.84,53.63,74.03,26.86,94.5,98.4,43.33
5023,Orange ,90631,-117.9286916,33.9388223,62.53,82.89,16.83,16.0,51.91,41.87,53.19,47.5
1763,Los Angeles,91352,-118.354188,34.2250793,91.05,57.82,34.9,0.0,92.48,81.89,67.12,9.64
5113,Riverside ,92590,-117.2137708,33.4881171,69.57,28.75,40.98,68.62,96.86,34.62,83.65,60.9
5475,Monterey ,93907,-121.6550166,36.6856848,10.57,2.17,83.12,81.9,73.46,57.84,14.68,74.16
4279,San Mateo,94014,-122.4157229,37.704444,6.38,27.06,66.37,3.28,21.56,53.93,30.53,43.33
5569,Los Angeles,90028,-118.315197,34.1037946,62.53,78.13,90.78,0.0,86.91,28.2,18.83,75.3
2729,Sacramento ,95815,-121.4317532,38.5897947,50.54,39.13,50.4,0.0,82.38,98.28,82.84,80.78
4693,Fresno ,93710,-119.7677223,36.826646,82.48,96.24,60.41,20.59,64.45,88.3,59.12,43.53
3479,Sacramento ,95820,-121.4185883,38.5285812,44.98,36.4,34.7,0.0,36.29,86.84,75.12,85.68
4192,Fresno ,93710,-119.7677341,36.8337758,82.48,96.03,77.54,19.14,71.44,74.55,34.56,53.04
4197,Santa Clara,95192,-121.8840872,37.3351796,20.85,36.8,95.2,13.1,17.64,99.69,70.23,68.27
5973,Riverside ,92879,-117.528512,33.8910849,82.48,91.71,85.15,0.0,92.0,48.45,87.31,49.12
5531,Contra Costa,94806,-122.317385,37.993894,6.38,37.22,70.29,0.0,85.13,89.23,68.47,48.92
8241,Santa Cruz,95076,-121.7840141,36.9289297,16.78,4.24,70.22,93.97,41.68,38.42,18.62,51.41
3746,Riverside ,91752,-117.5145711,33.9827133,91.05,95.96,7.29,17.21,11.11,43.79,77.37,70.34
5102,San Francisco,94134,-122.403256,37.7164873,6.38,31.47,99.38,27.97,80.19,77.18,33.5,54.15
6583,Santa Clara,95111,-121.8048672,37.2618681,29.89,17.09,89.04,0.0,90.36,64.47,45.61,78.77
3495,San Joaquin,95376,-121.4305428,37.7326916,62.53,38.52,60.65,0.0,42.8,89.98,74.58,83.17
3089,Los Angeles,90027,-118.2836893,34.0992506,59.69,80.11,46.56,0.0,57.84,39.49,79.41,52.88
6824,Los Angeles,90504,-118.3493202,33.8661967,24.88,77.13,80.45,42.41,87.19,27.75,52.55,49.55
4811,Fresno ,93704,-119.8120789,36.7842412,82.48,96.25,34.34,0.0,20.1,77.43,13.6,91.7
2904,Los Angeles,93552,-118.0525805,34.5516033,88.7,22.28,21.78,0.0,54.6,84.62,83.24,55.24
3920,San Bernardino,91761,-117.5557735,34.0490461,91.05,95.66,96.64,0.0,89.11,47.31,67.3,23.91
1549,Los Angeles,90247,-118.2965026,33.8933016,26.7,82.48,40.1,0.0,51.54,88.95,73.62,63.91
5054,San Bernardino,92410,-117.3409608,34.0928313,98.67,69.04,68.74,0.0,11.85,85.21,90.35,69.82
2467,Placer ,95678,-121.293307,38.7382,64.73,17.88,88.67,0.0,34.4,44.92,82.44,84.21
12652,Contra Costa,94513,-121.6710171,37.9362987,37.78,24.77,30.42,85.97,17.24,64.11,66.15,48.03
5860,San Bernardino,92307,-117.2235881,34.5925409,79.99,7.52,21.88,0.0,59.7,88.0,89.46,52.53
7185,San Diego,91911,-117.0722501,32.5991876,26.7,57.8,22.86,0.0,41.06,73.48,50.02,71.09
5647,Colusa ,95912,-122.0142763,39.003105,37.61,11.5,14.47,90.76,2.05,45.38,77.77,56.22
5236,Contra Costa,94520,-122.034523,37.9667876,20.85,33.86,66.36,0.0,57.75,88.78,68.13,67.01
8007,Orange ,92802,-117.9399623,33.804469,46.99,78.15,67.92,59.97,44.01,28.85,14.44,69.72
8321,San Joaquin,95336,-121.2384835,37.8443852,55.38,53.43,42.66,83.79,36.11,89.68,92.63,22.93
7508,Ventura ,93060,-119.0772575,34.3453966,50.54,36.59,67.07,52.28,37.05,49.43,57.38,64.17
8646,San Mateo,94303,-122.1439038,37.459103,10.57,18.06,85.08,0.0,85.48,47.59,14.21,78.1
5787,Alameda ,94560,-122.0162378,37.5270492,14.92,29.11,85.07,0.0,88.61,76.12,67.0,4.02
2691,Los Angeles,91423,-118.4269321,34.1620692,79.99,63.71,72.07,0.0,93.34,36.32,75.52,47.11
4538,Alameda ,94541,-122.0831568,37.6739266,13.62,27.6,90.85,0.0,66.43,88.96,73.8,51.21
4829,Los Angeles,90063,-118.1955756,34.0449856,59.69,89.56,67.82,0.0,23.53,60.42,68.41,90.87
3648,Alameda ,94606,-122.2494562,37.7965384,3.12,47.13,85.74,0.0,9.73,92.36,32.24,62.84
7486,Yolo ,95695,-121.7897061,38.673205,56.96,33.45,28.29,76.14,7.71,63.11,59.12,71.42
8492,Orange ,92868,-117.892793,33.7825729,53.73,76.12,88.2,0.0,94.5,23.31,8.66,67.17
4323,Los Angeles,91754,-118.1397485,34.037622,64.73,87.83,83.57,0.0,91.91,32.58,21.66,50.4
4070,Orange ,92627,-117.9373909,33.6383219,46.99,56.0,75.49,0.0,31.21,39.06,15.99,64.17
6094,Alameda ,94579,-122.1437942,37.6860081,10.57,30.65,84.79,0.0,89.85,69.52,62.51,64.03
5421,San Diego,91910,-117.0358624,32.6331941,29.89,51.03,68.7,0.0,82.23,67.63,48.22,27.05
3145,Los Angeles,91351,-118.4758577,34.4215429,97.0,50.11,42.44,0.0,79.51,67.88,68.32,49.31
4679,Los Angeles,90232,-118.4102008,34.0114522,42.56,64.41,87.52,0.0,96.09,43.27,51.1,54.03
7083,San Diego,92115,-117.0658125,32.7451078,37.57,49.55,41.05,0.0,46.83,51.76,22.59,71.22
3306,Yuba ,95901,-121.5380858,39.1329043,42.56,22.78,10.53,73.17,15.95,77.5,92.56,88.09
5078,San Diego,92025,-117.0899733,33.1115032,50.54,21.03,65.05,0.0,54.14,46.31,47.62,81.76
5144,Tulare ,93291,-119.3323771,36.3331465,88.7,98.49,26.58,0.0,38.9,51.97,69.74,27.85
2811,Los Angeles,91601,-118.3568613,34.1578941,76.94,65.19,83.34,0.0,91.46,28.04,15.53,35.75
7184,Riverside ,92506,-117.3825351,33.9429752,97.0,90.69,86.36,38.79,60.48,56.57,55.4,47.75
5821,Stanislaus ,95361,-120.8727188,37.7667839,67.9,58.87,30.75,86.69,39.03,75.41,93.58,42.76
4043,Shasta ,96002,-122.3669299,40.5566945,39.99,12.59,61.32,66.48,68.23,78.55,84.56,79.46
4416,Monterey ,93905,-121.632795,36.6758875,10.57,2.13,59.95,0.0,29.25,81.67,54.36,97.53
8068,Stanislaus ,95382,-120.856378,37.525656,72.55,89.74,59.23,64.0,32.35,40.38,78.94,73.76
2754,Los Angeles,91367,-118.5849467,34.1737607,79.99,82.08,78.15,49.45,97.06,35.47,62.62,38.33
6582,Stanislaus ,95350,-121.0216617,37.6764076,67.9,56.66,34.21,27.03,53.06,90.23,75.72,73.53
21127,Orange ,92782,-117.8352245,33.7049422,58.23,68.69,84.23,11.83,88.94,16.96,20.78,55.5
4301,Los Angeles,90710,-118.2937974,33.8044726,20.85,74.7,80.36,62.03,86.53,63.82,42.53,28.42
5662,Alameda ,94541,-122.1022655,37.6746689,11.56,31.4,74.56,0.0,10.4,91.44,80.18,57.79
7909,Alameda ,94605,-122.1889435,37.7688611,3.83,31.82,73.11,0.0,11.36,99.2,70.16,74.46
3325,Riverside ,92553,-117.2306582,33.9100514,98.67,62.65,65.51,0.0,34.88,80.87,96.11,89.51
6359,Los Angeles,93551,-118.1534038,34.5754635,88.7,10.34,37.87,0.0,83.48,58.49,71.16,68.0
4600,San Benito,95023,-121.3587465,36.9011737,22.33,1.24,10.34,89.31,37.18,67.77,95.06,48.92
7087,San Diego,92101,-117.1521097,32.7155275,29.89,51.7,99.08,0.0,49.81,80.05,33.92,65.54
3038,Solano ,94591,-122.2235833,38.1048774,13.62,40.83,71.72,0.0,76.4,86.8,53.28,74.28
2706,Los Angeles,91607,-118.4008746,34.1702439,79.99,61.16,50.89,0.0,63.86,44.3,82.38,74.7
5592,San Bernardino,92337,-117.4928732,34.0358648,93.63,94.66,31.24,0.0,39.24,52.23,68.78,44.62
5182,Yolo ,95776,-121.7608872,38.6701375,56.96,38.66,21.28,0.0,22.9,62.25,83.04,83.42
4513,Los Angeles,91776,-118.1069461,34.099157,74.1,63.35,56.04,0.0,27.6,22.17,14.1,62.84
5414,Santa Clara,95112,-121.8880715,37.3416421,20.85,37.47,76.88,13.66,13.01,84.55,48.22,82.36
3875,Riverside ,92545,-117.0000447,33.7461748,93.63,43.66,68.76,0.0,55.1,62.9,78.04,82.94
5960,Contra Costa,94805,-122.3299744,37.9401338,3.83,38.87,75.58,24.38,85.35,86.7,58.29,45.06
4556,Santa Barbara,93101,-119.7129078,34.4161337,20.85,13.14,67.03,0.0,57.55,59.88,42.49,87.09
3627,Los Angeles,90065,-118.2170631,34.0950598,64.73,86.81,50.91,0.0,32.7,74.75,38.48,50.52
3473,Los Angeles,90027,-118.2723964,34.1124175,63.29,78.39,64.9,0.0,81.71,24.1,41.3,29.74
4608,Tulare ,93277,-119.3047728,36.3198504,88.7,98.76,59.93,0.0,35.63,50.52,58.54,70.34
4897,Los Angeles,91722,-117.8769958,34.097573,78.01,79.91,32.25,0.0,34.35,48.12,37.3,44.87
5628,Los Angeles,91724,-117.8721406,34.0881832,78.01,85.81,31.28,0.0,40.51,61.15,48.92,71.55
4447,Los Angeles,90005,-118.3138698,34.0598448,48.45,83.81,56.75,0.0,67.68,40.05,46.65,81.76
6639,Mendocino ,95482,-123.2032659,39.1561868,13.62,13.28,67.7,86.55,13.33,85.53,39.62,75.72
7507,Fresno ,93654,-119.4358266,36.663503,91.05,94.45,13.42,94.28,3.85,74.02,72.92,38.91
5368,Santa Clara,95116,-121.8444424,37.3498953,20.85,38.34,95.17,0.0,95.21,88.43,71.62,58.34
7635,San Diego,92021,-116.9431653,32.8145361,64.73,46.35,32.43,0.0,24.99,68.49,67.81,82.94
3681,Butte ,95948,-121.6578142,39.3453317,68.09,40.37,40.25,94.31,8.13,67.06,95.89,58.23
4521,Alameda ,94545,-122.1002746,37.6298655,11.56,27.72,51.28,0.0,75.63,91.19,80.96,47.11
1675,Riverside ,92225,-114.5601089,33.6218613,20.85,42.6,3.58,88.38,4.26,82.51,98.18,79.13
5851,Orange ,92647,-117.9978509,33.719217,37.57,58.99,74.11,0.0,72.79,50.05,48.22,62.25
8307,Alameda ,94544,-122.038949,37.6181516,14.92,25.96,55.64,0.0,61.79,91.51,85.18,31.55
4000,Los Angeles,91776,-118.0944617,34.0998401,74.1,66.85,41.84,70.34,32.9,27.69,22.1,68.48
3523,Alameda ,94578,-122.139054,37.7093273,10.57,29.37,79.17,0.0,34.25,91.53,68.56,57.01
7243,Riverside ,92530,-117.3812313,33.6741549,78.01,52.69,43.02,0.0,51.15,66.65,98.83,89.06
2924,San Joaquin,95240,-121.2806809,38.1348549,48.45,52.53,65.54,68.52,9.81,75.01,84.18,57.01
3467,Riverside ,92553,-117.2481693,33.9336217,98.67,61.21,64.67,0.0,27.71,80.87,96.11,86.12
4254,Orange ,90621,-117.9954094,33.8797283,50.54,79.83,84.6,0.0,77.99,57.74,47.76,46.18
5220,San Joaquin,95204,-121.3288819,37.9761614,44.98,55.08,77.85,0.0,31.66,88.19,74.95,60.21
4112,Los Angeles,91304,-118.6209257,34.2136956,82.48,54.66,15.08,0.0,42.0,68.3,57.49,35.75
3584,Los Angeles,91746,-117.9641181,34.0564404,75.12,79.08,20.45,7.21,23.83,31.09,28.98,58.79
3427,Los Angeles,93535,-118.1080444,34.6822484,88.7,7.43,27.09,0.0,29.65,99.1,96.36,87.3
3294,Los Angeles,91711,-117.7241769,34.0879928,82.48,93.84,90.06,0.0,90.59,26.84,25.5,56.22
4437,Sacramento ,95828,-121.40334,38.4604865,39.99,30.89,64.14,0.0,80.08,89.83,87.82,83.49
4889,Los Angeles,91602,-118.3740062,34.1566827,76.94,61.63,97.78,0.0,93.25,45.01,35.48,47.32
4287,Alameda ,94609,-122.2638645,37.8304835,3.12,46.07,94.09,0.0,83.89,93.05,52.73,52.26
5946,Los Angeles,91316,-118.5245194,34.167785,82.48,92.21,92.62,0.0,98.9,47.67,19.2,53.87
3268,Los Angeles,91745,-117.9376426,33.9952944,67.9,84.48,94.21,0.0,98.81,50.76,49.83,50.24
3383,San Bernardino,92324,-117.3337749,34.0900259,98.67,67.06,41.74,0.0,12.29,60.61,60.82,75.52
4266,Orange ,92806,-117.8794788,33.829141,53.73,86.55,59.53,0.0,87.43,64.62,44.85,26.67
2816,Solano ,94533,-122.0412776,38.2547036,24.88,23.0,38.62,0.0,41.04,98.06,81.09,68.27
7704,Orange ,90621,-117.9829914,33.8870126,50.99,77.65,45.53,0.0,76.91,44.04,34.56,22.22
7669,Los Angeles,91016,-118.0051354,34.1484127,88.7,75.97,73.52,0.0,17.39,45.29,29.05,51.57
4261,San Bernardino,91710,-117.7129533,34.0393978,76.94,93.17,17.55,58.07,6.28,41.75,68.98,58.91
6527,Monterey ,93925,-121.4025672,36.5669002,22.22,1.17,8.19,87.79,77.65,55.66,62.69,69.56
7636,Los Angeles,90701,-118.0792349,33.8612643,37.57,72.36,49.16,43.86,39.46,23.21,46.78,42.76
7518,Alameda ,94560,-122.0273559,37.5342611,13.62,28.13,82.03,0.0,76.7,75.75,66.54,18.18
4271,Riverside ,92507,-117.3168512,33.9764665,98.67,79.03,35.1,0.0,84.03,67.04,75.4,70.44
5027,Los Angeles,90732,-118.3012745,33.7545886,16.78,63.9,38.51,0.0,59.09,38.66,10.22,39.82
5371,Los Angeles,90046,-118.3490051,34.0961801,62.53,74.13,69.2,0.0,71.1,18.13,45.46,55.39
3571,Sacramento ,95690,-121.5387474,38.2710059,40.05,25.1,20.9,88.59,25.79,45.23,53.05,73.53
9060,Merced ,95324,-120.8953613,37.3998708,74.1,67.57,40.87,95.52,30.21,48.29,72.5,61.28
2221,Kern ,93516,-117.6746581,35.0215717,88.7,7.9,52.28,0.0,13.36,75.37,67.3,75.84
4873,Los Angeles,90715,-118.0652797,33.8445898,35.16,70.84,21.98,0.0,44.0,54.06,66.86,41.66
3597,Los Angeles,90039,-118.2567268,34.1016085,62.53,83.95,90.88,0.0,93.48,50.19,29.89,14.48
7493,Sacramento ,95823,-121.4621788,38.4886484,37.57,33.54,29.41,0.0,47.15,95.74,94.13,90.74
5680,San Bernardino,91710,-117.659215,34.0247811,79.99,95.05,96.73,19.24,91.11,43.93,72.18,41.03
3105,Los Angeles,91723,-117.8911488,34.0902906,78.01,80.5,54.45,0.0,30.79,72.12,49.34,37.64
5977,Alameda ,94621,-122.1785112,37.7604176,6.38,22.79,55.32,0.0,23.5,99.18,73.11,73.76
5976,Kings ,93245,-119.769357,36.2769538,82.48,94.06,24.31,84.83,24.64,82.37,98.04,28.86
4557,Fresno ,93722,-119.8992769,36.8306861,78.01,93.67,84.44,0.0,27.41,92.31,65.89,52.11
9444,Alameda ,94541,-122.0917198,37.666274,11.56,27.27,95.72,0.0,41.1,86.93,69.95,36.98
5060,Los Angeles,91316,-118.5101001,34.1640599,79.99,90.79,78.47,0.0,94.94,58.57,35.32,28.63
4250,Los Angeles,91702,-117.9091006,34.1381275,88.7,58.23,70.17,0.0,22.09,79.85,76.35,42.61
5454,San Diego,92054,-117.3606844,33.1995448,29.89,46.1,65.97,0.0,60.3,22.2,30.53,77.41
8524,San Mateo,94014,-122.4654837,37.6878686,10.57,24.36,81.1,30.72,78.95,69.59,53.61,33.0
5162,San Mateo,94401,-122.3311046,37.5797295,10.57,29.63,77.3,0.0,93.29,62.72,32.6,55.11
3878,Los Angeles,91107,-118.0800613,34.1368435,79.99,61.82,69.97,0.0,81.4,16.2,17.58,29.46
4819,Los Angeles,90250,-118.3742902,33.9051125,29.89,79.7,95.87,36.17,98.35,61.03,60.59,5.35
6301,Los Angeles,93543,-117.9994644,34.5534723,88.7,17.86,22.14,18.59,39.26,73.69,64.84,74.97
4966,Los Angeles,91601,-118.3743046,34.1626066,76.94,61.63,90.4,0.0,56.33,72.38,66.54,49.55
5930,Los Angeles,90504,-118.3318531,33.8628067,24.88,83.56,89.2,67.55,97.36,32.89,59.82,23.91
7857,San Bernardino,92337,-117.4765849,34.0422028,95.27,94.0,57.92,0.0,12.09,54.89,71.54,47.75
5130,Tehama ,96080,-122.2577045,40.1970846,63.29,3.98,43.65,39.93,16.46,87.16,98.02,80.28
4827,Riverside ,92555,-117.1876318,33.9260739,99.07,56.07,64.07,62.28,43.81,72.02,93.46,60.62
6759,Merced ,93635,-120.8635711,37.0495952,67.02,54.16,63.37,70.97,45.85,97.59,84.77,17.49
4258,Los Angeles,90249,-118.3223468,33.8893924,24.88,80.32,66.06,0.0,50.33,71.44,62.26,42.61
6823,Fresno ,93727,-119.6662713,36.721296,88.7,95.71,36.66,84.59,11.58,77.93,55.1,35.57
7888,San Diego,92101,-117.1666546,32.7119409,29.89,51.8,99.98,0.0,13.99,80.05,33.92,28.17
5314,Los Angeles,91506,-118.3221829,34.1741488,78.22,67.9,77.25,0.0,76.46,26.17,25.74,54.95
5735,Riverside ,92220,-116.928801,33.9368755,97.6,43.7,58.48,0.0,82.31,86.71,96.77,69.82
3499,Los Angeles,91607,-118.4008675,34.1666099,78.01,62.04,31.45,0.0,58.28,44.3,82.38,54.15
4631,Santa Clara,95111,-121.8160936,37.2807411,24.88,18.99,46.22,0.0,84.81,75.34,58.54,33.0
8208,Riverside ,92545,-117.0203384,33.7539134,95.27,42.53,42.83,53.55,58.34,62.84,81.64,65.54
4191,Los Angeles,91311,-118.5790731,34.2440789,91.05,60.41,51.15,0.0,48.39,59.07,74.03,28.17
5963,Solano ,94589,-122.2282174,38.1478379,16.78,35.53,86.8,0.0,91.14,99.9,89.19,65.28
5688,Los Angeles,90043,-118.3401633,33.9985885,37.57,73.5,18.64,25.07,45.91,96.01,62.51,30.93
2500,Napa ,94558,-122.2872835,38.2049238,16.78,35.71,23.4,66.17,83.33,71.9,67.0,33.77
6243,Orange ,92844,-117.9579741,33.7703805,42.56,72.21,79.04,0.0,90.51,37.96,50.02,47.32
5437,Stanislaus ,95350,-120.9842758,37.673238,69.32,56.7,47.18,0.0,66.36,78.88,57.13,61.55
7261,Los Angeles,93535,-118.1025822,34.663965,88.7,8.01,13.12,0.0,41.96,98.58,93.44,61.65
6117,Alameda ,94544,-122.038971,37.6385981,14.92,19.93,49.32,0.0,67.29,92.58,87.46,52.88
7016,Sacramento ,95608,-121.3373129,38.6172437,59.69,41.13,40.21,6.03,16.63,88.7,62.6,87.39
5598,Orange ,92840,-117.9171462,33.7788137,50.54,75.35,61.16,0.0,71.86,39.97,57.61,69.08
7887,Orange ,92804,-117.9717657,33.8249717,44.98,77.87,28.81,19.72,36.26,50.11,49.5,65.41
5341,San Diego,92154,-117.0884184,32.5494881,29.89,94.04,21.08,35.38,100.0,47.21,37.59,49.55
6397,Orange ,92630,-117.6972461,33.6166086,67.9,38.22,74.18,0.0,95.83,15.08,45.61,64.72
5992,Stanislaus ,95382,-120.8607177,37.516714,72.55,90.43,31.18,84.03,32.63,40.38,78.94,63.24
7217,San Diego,92111,-117.165353,32.7824761,35.16,45.74,92.48,0.0,77.9,43.23,9.18,82.94
7998,San Diego,91906,-116.456874,32.7026541,70.67,6.76,3.27,10.59,4.89,50.11,35.41,72.4
3323,Los Angeles,90042,-118.1823583,34.1222377,71.66,59.8,33.99,0.0,39.34,51.38,46.24,60.45
1658,Shasta ,96001,-122.3905251,40.5827822,42.56,15.28,94.52,0.0,25.74,73.79,73.37,84.21
5302,Sacramento ,95621,-121.3261844,38.6817548,62.53,28.59,75.18,0.0,92.43,76.2,65.84,63.52
3344,Orange ,92867,-117.8298347,33.8180866,55.38,78.11,71.67,71.97,96.8,25.52,19.85,65.28
2296,Los Angeles,90712,-118.1595642,33.8505787,29.89,74.95,30.52,0.0,45.59,98.13,61.9,24.72
6455,Los Angeles,90703,-118.0551676,33.8767523,42.56,73.74,83.41,0.0,72.75,39.62,41.95,30.29
6444,Los Angeles,90604,-118.013351,33.9330431,56.96,74.37,20.36,0.0,42.79,47.4,75.07,65.54
5775,Los Angeles,91803,-118.155045,34.0710196,66.81,77.72,92.02,0.0,84.95,35.04,22.99,30.29
7319,Contra Costa,94520,-122.039845,37.965937,17.65,33.67,66.24,0.0,76.08,91.81,75.12,80.28
4978,Alameda ,94621,-122.1726197,37.7532669,6.38,17.82,54.56,0.0,8.09,99.51,78.28,84.91
7993,Riverside ,92504,-117.4320467,33.929195,93.63,92.87,88.46,0.0,82.64,63.88,67.17,41.91
3814,Sacramento ,95817,-121.4582463,38.5429371,42.56,36.48,32.92,0.0,9.88,84.33,71.77,93.83
4524,Los Angeles,91755,-118.1149064,34.0369447,65.69,83.43,56.8,36.24,97.88,17.44,7.94,43.73
6125,Alameda ,94587,-122.0225206,37.6003676,16.78,25.68,72.15,69.83,37.13,68.79,72.18,39.62
3641,Los Angeles,91505,-118.344165,34.184898,79.99,61.03,30.82,0.0,62.05,30.35,33.21,22.22
5707,Ventura ,93033,-119.1565272,34.1642972,24.88,33.14,56.66,99.0,42.81,52.38,67.49,72.4
2951,Los Angeles,91750,-117.7806216,34.1095896,84.58,90.74,84.32,35.28,48.93,44.57,62.46,30.46
6018,Los Angeles,90504,-118.3164997,33.8681429,24.88,80.62,80.51,61.48,93.46,29.5,51.46,22.71
6458,Tulare ,93292,-119.2516321,36.3197797,91.05,98.2,65.72,87.69,24.6,44.9,76.17,37.4
2081,Sacramento ,95841,-121.361362,38.6476255,59.69,39.3,77.16,0.0,85.45,94.3,79.89,64.54
5008,Orange ,92841,-117.991468,33.777455,37.57,68.6,72.18,24.83,80.23,25.79,22.3,63.24
4079,San Bernardino,92376,-117.4155957,34.1281817,98.67,81.28,73.48,0.0,45.31,31.06,49.68,39.82
3625,Los Angeles,90715,-118.089263,33.8352186,32.15,66.61,94.65,53.24,93.94,23.73,26.89,40.11
7554,San Mateo,94080,-122.4358138,37.644487,10.57,25.16,61.71,0.0,89.9,66.77,44.77,22.47
4933,San Bernardino,92345,-117.3059014,34.4359597,93.63,21.52,60.72,0.0,65.95,76.33,99.38,93.92
3517,Los Angeles,90005,-118.3019777,34.0560876,48.45,84.6,72.5,0.0,54.4,19.99,14.44,86.51
6566,Orange ,92840,-117.9469297,33.7961504,44.98,75.89,28.82,0.0,51.75,36.49,50.32,67.85
3669,San Joaquin,95207,-121.336835,38.0173661,44.98,53.29,28.75,42.48,47.09,88.56,68.53,21.27
3896,Los Angeles,91741,-117.866662,34.1310435,88.7,81.97,78.68,0.0,55.4,42.52,53.55,44.41
5231,Alameda ,94580,-122.1160735,37.6786494,10.57,30.77,93.53,0.0,93.54,74.6,55.48,45.97
2615,Los Angeles,91351,-118.4919398,34.423464,95.27,49.56,76.0,0.0,72.04,67.82,68.27,40.55
2583,Alameda ,94702,-122.2815989,37.8504976,3.12,42.02,73.8,0.0,49.38,86.07,50.59,35.35
7539,Los Angeles,93535,-118.0856717,34.7045061,88.7,5.28,5.82,0.0,,99.1,96.36,90.63
2358,Ventura ,93004,-119.1405608,34.292334,37.57,33.75,48.4,99.41,76.09,37.52,17.07,73.32
2147,Los Angeles,90032,-118.1743334,34.0948042,67.9,63.77,13.48,0.0,51.56,69.12,52.16,55.39
4658,Los Angeles,90802,-118.1740906,33.771918,20.85,63.83,46.15,0.0,40.39,75.64,55.28,79.66
7146,San Diego,92020,-116.9491346,32.7912925,62.53,47.88,69.6,0.0,35.89,40.55,34.88,94.71
4479,San Mateo,94303,-122.1324808,37.4770584,10.57,16.86,48.74,0.0,59.75,47.0,13.27,63.77
6131,San Diego,91932,-117.1057746,32.5727796,26.7,80.15,45.45,0.0,16.75,59.12,52.62,81.62
6473,San Diego,91911,-117.0779491,32.6131276,24.88,54.1,27.16,0.0,36.23,73.48,50.02,66.31
2979,Fresno ,93727,-119.6639753,36.7435858,88.7,95.73,28.66,94.66,11.34,79.9,59.72,59.82
4614,Los Angeles,91702,-117.8861621,34.1141404,82.48,74.08,52.38,18.76,85.34,49.07,42.4,49.72
4674,Los Angeles,91423,-118.4243044,34.151167,76.94,63.27,86.31,9.14,96.61,28.4,76.61,29.03
3231,Sacramento ,95816,-121.4745179,38.5684782,44.98,38.73,74.91,0.0,53.38,78.61,68.98,49.55
7953,Sacramento ,95834,-121.4898006,38.6327983,53.73,33.79,74.6,0.0,92.45,62.2,61.13,76.98
6284,San Joaquin,95210,-121.2878243,38.014821,44.98,54.88,30.03,0.0,54.56,81.18,94.14,80.64
4796,San Bernardino,92404,-117.2349381,34.1249384,100.0,55.94,17.82,0.0,14.35,50.64,42.81,97.3
6105,San Diego,92114,-117.0441008,32.7070141,35.16,51.13,22.92,0.0,12.85,92.58,69.42,66.56
2426,Los Angeles,90027,-118.2797464,34.1163982,63.29,75.49,40.15,0.0,84.38,46.82,90.84,5.8
4306,Los Angeles,90305,-118.3335012,33.9497147,29.89,79.74,37.16,0.0,60.58,86.09,65.89,31.55
6938,Alameda ,94544,-122.0788937,37.6567907,13.62,26.88,90.55,0.0,53.19,91.8,85.52,48.03
7981,Yuba ,95901,-121.5739716,39.158116,46.99,37.64,42.5,90.48,11.49,77.5,92.56,59.52
4803,Los Angeles,91401,-118.4162038,34.1774941,82.63,62.64,73.17,0.0,51.76,46.16,52.62,65.28
4913,Los Angeles,91402,-118.4257669,34.2207731,91.05,60.78,47.04,0.0,72.31,58.25,34.41,47.11
5829,Los Angeles,91791,-117.8769856,34.0599163,74.1,86.05,63.19,0.0,84.94,41.53,49.17,44.07
7864,Los Angeles,90502,-118.2928473,33.8177539,20.85,74.76,90.9,60.62,88.93,55.97,38.96,34.48
2861,Los Angeles,91343,-118.4598237,34.2481946,97.0,65.03,45.64,0.0,47.68,56.95,25.95,60.62
6029,Los Angeles,91367,-118.6156256,34.1732437,76.94,55.96,81.54,37.31,87.95,30.94,54.91,23.3
4277,Los Angeles,91792,-117.8838337,34.0084495,66.81,88.48,42.29,0.0,50.96,52.8,53.03,49.31
4305,Los Angeles,91304,-118.6017021,34.2119148,82.48,58.17,67.54,0.0,61.53,42.52,20.34,52.26
8179,Alameda ,94578,-122.123482,37.6988143,10.57,29.36,96.05,0.0,64.39,82.78,58.92,41.24
3503,Alameda ,94580,-122.1146758,37.6876344,10.57,30.64,94.9,0.0,86.46,83.18,66.94,30.93
3721,Los Angeles,91352,-118.3454041,34.2161866,91.05,60.24,70.58,0.0,96.44,29.65,14.01,51.21
2778,San Diego,91942,-117.0352057,32.7713036,44.98,48.9,75.72,0.0,74.94,31.94,13.73,72.4
6583,Orange ,92627,-117.9184807,33.6468911,50.54,54.87,87.8,0.0,88.18,47.81,24.21,79.99
3700,Stanislaus ,95356,-121.0406376,37.6858679,67.9,55.99,62.38,50.97,43.56,84.61,70.38,59.37
7733,San Bernardino,92311,-117.1213732,34.8338041,78.01,8.85,26.78,50.34,48.46,99.64,99.94,68.94
5391,Riverside ,92882,-117.6564424,33.8836237,72.86,89.65,96.49,0.0,99.11,31.98,83.82,22.01
5992,San Diego,91911,-117.0642137,32.6067804,26.7,56.6,21.29,0.0,28.63,73.48,50.02,80.87
8479,San Bernardino,92407,-117.3430154,34.1940209,100.0,56.45,51.18,0.0,57.19,82.24,92.21,37.89
2829,Sacramento ,95632,-121.3716467,38.2769169,50.54,38.58,13.93,82.52,48.35,46.95,83.44,62.25
4173,Los Angeles,90650,-118.0892922,33.8836452,39.99,74.41,60.34,0.0,74.81,28.27,46.17,42.41
4743,Orange ,90680,-117.9915613,33.7847458,37.57,69.66,64.62,0.0,81.3,19.45,12.38,61.76
4396,San Mateo,94401,-122.3033477,37.5711297,10.57,29.51,68.95,0.0,78.98,60.38,30.86,60.62
4254,Los Angeles,93550,-118.1046034,34.5690669,88.7,12.12,19.44,0.0,27.54,96.6,95.65,88.43
6982,Fresno ,93722,-119.8806487,36.8276688,78.01,94.52,52.42,0.0,23.21,92.27,65.84,56.22
3574,Santa Barbara,93101,-119.6975089,34.4222578,20.85,14.65,57.91,0.0,25.09,50.6,29.94,65.41
4527,Orange ,92841,-117.9799113,33.7957662,42.56,69.83,27.19,0.0,39.48,31.07,31.24,55.69
8102,San Bernardino,92404,-117.2350214,34.1467357,100.0,54.5,17.2,0.0,44.03,87.13,81.92,82.54
6277,Los Angeles,91702,-117.8946926,34.1142596,82.48,70.94,39.48,0.0,89.4,68.83,62.84,68.0
3980,Los Angeles,93534,-118.155171,34.6584238,88.7,9.67,66.35,0.0,68.79,98.85,89.36,66.56
3509,Modoc ,96101,-120.553921,41.5074223,55.38,1.43,6.96,65.45,3.1,95.97,43.02,79.82
4471,Monterey ,93908,-121.771688,36.7093536,10.57,2.12,20.06,96.83,47.38,65.68,33.21,64.9
6221,Imperial ,92243,-115.5677778,32.8129785,58.23,31.2,39.95,81.52,53.05,85.61,74.84,39.4
4085,Los Angeles,91602,-118.3720618,34.1494399,74.1,60.61,92.63,16.45,95.16,30.25,27.33,36.28
4522,Riverside ,92879,-117.5407373,33.8889347,82.48,91.35,92.33,0.0,96.78,46.62,85.52,34.48
6521,Monterey ,95012,-121.7533738,36.764838,11.56,2.27,60.98,94.52,40.64,68.71,13.5,89.4
5412,Orange ,92865,-117.8434316,33.8225982,55.38,82.49,67.37,0.83,42.76,37.6,19.85,41.24
5346,Alameda ,94501,-122.2662775,37.7810489,3.12,44.51,73.65,0.0,35.08,74.0,51.82,34.92
3749,Monterey ,93960,-121.2467936,36.3445599,35.21,1.23,12.61,90.62,11.3,52.74,80.18,76.62
4378,Riverside ,92553,-117.2393879,33.9227363,98.67,61.07,14.79,0.0,32.74,80.87,96.11,90.05
4495,Butte ,95948,-121.7897864,39.3257871,66.96,34.55,26.22,91.21,2.03,73.35,98.04,61.91
5802,Monterey ,93905,-121.6146898,36.6748899,10.57,2.0,35.79,97.48,20.39,81.67,54.36,85.77
4640,San Diego,92105,-117.0844892,32.7439483,35.16,49.79,31.25,0.0,37.19,81.56,60.94,81.14
5639,Los Angeles,91316,-118.511718,34.1754113,82.48,93.42,38.16,58.17,98.83,65.4,41.61,28.17
12385,Sonoma ,95407,-122.7670106,38.3954215,6.38,6.51,17.15,59.72,33.51,75.87,83.95,52.71
3509,Los Angeles,91324,-118.5583429,34.2440427,91.05,75.63,37.41,0.0,71.13,57.54,62.41,38.57
3342,Riverside ,92509,-117.433385,33.982183,95.27,93.81,17.37,0.0,13.76,65.94,76.96,82.73
6424,Yolo ,95618,-121.7210564,38.5422965,39.99,31.65,71.03,46.86,74.4,20.69,31.84,90.15
5107,Sacramento ,95822,-121.4785228,38.5066191,37.57,35.15,69.25,0.0,37.93,89.27,66.94,77.81
3227,Monterey ,93905,-121.6223478,36.6951795,11.56,1.59,19.84,73.0,28.65,78.46,52.62,85.88
7378,San Diego,92111,-117.1779398,32.7908268,35.16,44.22,19.8,0.0,46.15,41.35,8.57,77.2
5823,Stanislaus ,95386,-120.6270468,37.6688768,72.83,53.74,8.05,89.45,1.99,63.97,87.06,60.45
5949,Los Angeles,90703,-118.1001151,33.872133,37.57,69.17,92.76,31.62,95.05,22.77,22.67,32.27
6245,Kern ,93560,-118.5950157,34.9750857,82.69,5.13,7.47,84.07,31.06,68.78,83.56,63.32
7549,Stanislaus ,95355,-120.9667084,37.6726269,69.32,56.54,43.96,0.0,47.35,67.92,62.1,75.72
6374,San Joaquin,95210,-121.287041,38.0327016,44.98,54.62,31.99,0.0,43.16,86.03,97.36,88.09
11457,Riverside ,92571,-117.2145613,33.8073433,97.0,54.04,66.05,26.17,29.04,65.78,91.1,67.25
3898,Solano ,94533,-122.0297407,38.2544056,24.88,21.87,44.34,0.0,26.4,90.6,54.79,73.89
5704,Fresno ,93722,-119.8893898,36.7936161,78.01,93.73,49.5,28.59,5.88,89.63,58.86,66.31
2004,San Diego,92102,-117.1449018,32.7151851,29.89,50.38,98.25,0.0,67.66,81.29,37.3,49.12
2322,Riverside ,92503,-117.4412174,33.8968694,91.05,90.3,59.45,70.69,45.68,66.41,81.89,42.41
3504,Alameda ,94702,-122.2842021,37.8573287,3.12,39.91,78.93,0.0,52.25,87.38,59.93,42.76
2741,Riverside ,92543,-116.9686965,33.7372831,93.63,41.11,29.61,0.0,6.78,87.3,85.62,97.79
1499,Sutter ,95957,-121.7595873,38.975616,57.1,20.17,24.79,91.48,0.78,81.13,52.19,67.61
5197,Napa ,94558,-122.2313016,38.2374372,17.65,33.25,15.63,69.79,80.03,57.34,47.88,23.66
16512,Riverside ,92503,-117.4758226,33.8649931,84.58,85.8,13.71,37.21,44.94,57.66,77.14,13.27
5273,San Bernardino,92377,-117.3931048,34.1440395,98.67,70.99,44.38,0.0,35.3,62.92,86.38,43.33
3927,Riverside ,92503,-117.4724177,33.8922119,88.7,91.31,79.68,0.0,91.38,64.48,81.09,47.11
9594,Orange ,92868,-117.8772222,33.795275,53.73,80.06,87.22,0.0,93.2,40.6,23.69,38.91
4210,Los Angeles,90715,-118.0653314,33.8357784,35.16,66.02,31.94,0.0,53.0,23.18,26.76,61.91
7569,Tulare ,93257,-119.0618557,36.0730814,82.48,98.21,14.32,1.17,13.53,71.09,91.55,83.17
7162,Los Angeles,90015,-118.2601678,34.0405276,48.45,89.62,99.61,0.0,26.23,64.22,25.95,60.79
3179,Los Angeles,91344,-118.4950694,34.2683099,97.0,59.61,37.9,0.0,87.68,59.63,57.89,35.57
4660,Butte ,95916,-121.3519555,39.6655389,74.19,4.59,1.82,18.31,0.29,47.36,80.57,82.36
5247,Monterey ,93906,-121.6543476,36.7243373,11.56,2.44,73.79,99.83,48.28,71.4,47.32,80.11
5579,San Bernardino,91737,-117.5671666,34.1435784,97.0,93.85,25.12,63.14,73.98,21.04,75.96,46.61
5683,San Diego,92154,-117.0804032,32.5689086,29.89,92.58,78.79,0.0,45.64,52.93,45.31,88.43
3493,Alameda ,94545,-122.1015827,37.6471694,11.56,27.74,86.0,0.0,95.13,91.19,80.96,35.35
8275,Riverside ,92201,-116.2476921,33.7289861,91.05,9.43,73.12,39.14,66.85,67.47,74.58,87.5
1659,Alameda ,94608,-122.3061755,37.8381928,3.12,44.01,94.85,0.0,95.23,95.81,39.32,25.98
8257,Ventura ,93015,-118.8702018,34.4088728,63.7,17.67,13.35,84.52,7.81,48.9,50.02,55.5
5230,Los Angeles,91206,-118.2309561,34.1564802,74.1,63.41,86.45,0.0,89.73,21.26,49.64,50.24
4539,Los Angeles,91016,-118.0144844,34.1348189,84.58,73.07,85.31,0.0,96.21,33.94,15.33,41.24
4046,Riverside ,92544,-116.9506407,33.7338858,91.05,35.44,48.39,0.0,10.5,78.04,93.91,93.76
4405,Stanislaus ,95358,-121.054918,37.6628873,67.9,54.0,64.02,97.03,57.06,81.01,72.18,31.55
6647,Los Angeles,91324,-118.5382749,34.2441108,93.63,75.12,52.92,0.0,57.64,52.6,54.71,63.02
5047,Alameda ,94605,-122.1645166,37.7710979,6.38,28.76,66.83,0.0,90.11,99.63,79.46,45.74
4518,Kern ,93306,-118.9406565,35.3796667,95.27,99.25,17.76,0.0,24.96,81.46,77.94,83.34
3724,Alameda ,94578,-122.1469937,37.7142641,7.52,26.09,83.72,0.0,14.66,69.38,36.55,54.55
8309,Stanislaus ,95356,-121.0456931,37.7204067,65.69,53.34,54.32,96.31,59.39,40.65,46.75,37.64
6772,Sacramento ,95832,-121.4860583,38.4632776,37.57,27.83,17.96,65.62,76.33,95.2,94.99,74.7
4858,Los Angeles,90057,-118.2825413,34.0657276,51.9,88.46,81.77,0.0,54.3,55.2,54.09,45.74
5548,Los Angeles,90026,-118.2646124,34.0881864,59.69,87.79,37.61,0.0,95.46,49.51,39.62,13.04
5265,Los Angeles,91106,-118.1270027,34.1549547,78.01,56.37,72.68,0.0,94.88,10.0,6.04,76.87
3878,Orange ,92801,-117.9804644,33.8485717,46.99,77.46,88.85,24.62,96.5,35.11,41.3,53.87
4870,San Joaquin,95376,-121.4304794,37.7468443,60.66,42.34,69.86,0.0,46.61,89.98,74.58,70.67
6631,Orange ,92704,-117.8902708,33.7212817,53.73,73.42,54.95,0.0,60.26,43.39,33.08,50.68
3214,San Diego,92115,-117.0837903,32.7755353,37.57,46.0,78.27,0.0,83.16,38.45,12.66,91.85
3146,Los Angeles,90302,-118.3522115,33.9786571,35.16,72.97,24.28,0.0,33.05,87.3,68.92,45.74
8324,Ventura ,91320,-118.9295149,34.1984453,47.38,41.46,54.59,23.86,87.98,6.47,23.59,41.66
2943,Los Angeles,91754,-118.1328703,34.050659,66.81,82.74,17.42,0.0,59.76,29.91,16.84,44.41
5673,San Diego,91950,-117.0816035,32.6883686,29.89,51.87,79.28,0.0,72.24,77.78,62.89,34.7
3660,San Bernardino,91730,-117.6094279,34.1135458,93.63,98.26,30.59,56.28,45.53,26.66,62.26,60.21
2775,Los Angeles,91101,-118.1369288,34.1489289,76.94,56.08,97.76,0.0,88.85,23.88,47.76,72.16
6071,Los Angeles,91506,-118.3309896,34.1813842,79.99,66.53,49.4,0.0,71.74,29.44,29.89,21.27
2398,Santa Barbara,93454,-120.4267767,34.9421111,10.57,9.93,60.31,93.83,42.75,86.65,52.01,52.88
1320,Humboldt ,95521,-124.1597819,40.8522054,0.27,4.18,5.19,64.62,19.93,80.1,95.06,70.67
4806,Stanislaus ,95363,-121.1191974,37.4731094,70.28,52.1,34.26,93.52,3.2,55.4,74.03,75.98
12021,Stanislaus ,95360,-121.0296226,37.3133564,72.55,54.8,29.81,82.24,2.33,51.48,80.78,71.09
2089,Los Angeles,90046,-118.3477123,34.1025152,63.29,68.51,67.16,0.0,74.51,20.46,56.46,42.11
5976,Sonoma ,95407,-122.7216605,38.4201079,7.52,9.33,83.01,31.41,86.35,80.48,89.34,69.08
2667,Alameda ,94605,-122.1535285,37.7478642,6.38,22.99,61.0,0.0,84.3,99.4,72.47,54.38
4963,Orange ,92612,-117.8336485,33.6644875,59.69,56.34,37.01,60.76,91.01,10.13,6.82,82.46
3758,San Diego,92154,-117.0970321,32.5673601,29.89,80.15,38.36,52.34,26.38,50.05,41.75,67.85
6345,Los Angeles,93591,-117.9263003,34.5941878,91.05,8.03,0.87,0.0,6.84,90.28,77.41,79.82
5420,Los Angeles,93550,-118.1037345,34.5504349,88.7,15.92,13.09,0.0,65.38,96.6,95.65,70.44
5974,Riverside ,92505,-117.4870786,33.9035269,88.7,92.16,83.22,0.0,73.56,54.97,73.9,35.57
4472,Contra Costa,94531,-121.766535,37.9886736,35.16,29.16,76.48,50.93,80.6,79.95,46.47,19.12
6389,Los Angeles,90230,-118.3961597,33.9958996,39.99,65.64,79.71,0.0,93.91,54.76,60.28,6.28
3352,San Joaquin,95376,-121.4445217,37.7508835,60.66,43.1,73.02,42.79,48.15,89.98,74.58,46.82
4766,Los Angeles,90706,-118.1125129,33.8726125,35.16,69.99,91.06,31.21,93.55,26.84,22.48,57.79
4383,Alameda ,94601,-122.2250125,37.7892881,3.12,42.31,48.11,0.0,14.29,97.16,61.9,74.28
5027,Colusa ,95932,-122.0259021,39.1863211,40.0,23.57,14.86,92.1,2.81,44.73,91.19,65.41
6194,San Diego,92025,-117.0844242,33.1270112,50.54,16.66,66.66,0.0,49.09,23.44,20.6,96.76
6327,Alameda ,94601,-122.2031992,37.7775293,3.12,36.33,74.24,0.0,8.93,95.48,53.39,45.53
6283,San Francisco,94107,-122.3974733,37.7550917,3.83,23.66,95.51,20.76,91.88,48.67,17.8,60.45
5073,Los Angeles,91702,-117.9033404,34.1104925,82.48,68.33,65.23,0.0,44.33,64.21,57.38,75.98
6081,Santa Barbara,93101,-119.7051133,34.4181213,20.85,14.29,78.63,0.0,54.13,59.88,42.49,59.82
3372,Orange ,92706,-117.8739874,33.7661611,55.38,78.41,92.81,0.0,98.99,40.0,27.24,41.66
4470,San Diego,92105,-117.0896386,32.7439931,35.16,48.97,34.75,0.0,23.18,81.56,60.94,96.33
2697,Riverside ,92879,-117.5159682,33.8784662,82.48,91.67,60.95,0.0,31.1,33.36,63.75,67.45
4010,Fresno ,93612,-119.7214645,36.8302984,88.7,96.39,47.87,74.86,58.58,89.74,50.93,51.95
3162,Los Angeles,91803,-118.1526495,34.0820627,68.09,70.49,79.19,0.0,55.95,25.24,10.48,65.28
9218,Stanislaus ,95316,-120.7482736,37.5227998,74.1,70.07,28.48,95.14,2.41,42.42,78.08,45.2
5150,Contra Costa,94561,-121.6299682,38.0381229,37.57,24.33,5.0,64.45,,88.57,83.24,46.39
5342,Contra Costa,94806,-122.3305065,37.970609,6.38,38.28,84.85,13.69,75.26,94.03,80.0,59.66
5330,Stanislaus ,95230,-120.831488,37.8903605,69.43,52.38,4.79,85.59,2.35,69.7,88.66,38.57
6513,San Diego,91945,-117.0431132,32.7274195,37.57,50.62,48.46,0.0,16.38,75.85,42.11,45.74
8175,Marin ,94901,-122.505765,37.9659228,6.38,22.63,73.95,0.0,10.79,29.85,36.0,95.84
3527,Sacramento ,95814,-121.4870807,38.5716422,44.98,40.44,80.9,0.0,12.16,94.94,75.9,60.01
7315,Los Angeles,90503,-118.359604,33.8423054,24.88,72.51,53.17,68.83,75.44,21.09,36.94,32.49
4795,San Bernardino,92399,-117.0937231,34.0278349,100.0,52.81,81.72,17.66,60.05,39.33,73.62,60.79
8283,San Bernardino,92345,-117.2673851,34.428542,95.27,17.71,6.22,0.0,54.5,75.59,99.03,86.07
4202,Los Angeles,91006,-118.0106391,34.1116113,79.99,77.14,13.18,0.0,41.86,12.28,2.97,53.27
5815,San Bernardino,92311,-117.0176358,34.8693342,78.01,11.46,29.4,20.41,34.7,99.88,100.0,73.2
4297,San Diego,92139,-117.0643688,32.6719721,29.89,51.43,50.19,0.0,39.04,51.81,40.75,58.02
2916,Los Angeles,90025,-118.4524492,34.0340912,50.99,69.36,92.43,0.0,86.73,18.25,39.46,59.08
4892,Los Angeles,91801,-118.1472414,34.0957202,69.32,66.88,63.51,0.0,39.08,27.57,21.8,58.02
5946,Riverside ,92201,-116.2381506,33.7260991,88.7,9.58,73.24,31.03,45.24,67.47,74.58,73.63
3411,Kern ,93306,-118.9631285,35.4050159,93.63,99.24,35.77,0.0,14.43,81.46,77.94,84.12
4452,San Diego,92105,-117.0972747,32.7357597,32.15,49.81,35.62,0.0,41.78,81.56,60.94,96.23
10622,Kings ,93245,-119.7943867,36.3035318,82.48,95.43,31.67,61.41,20.75,83.5,98.62,51.95
3560,San Diego,92020,-116.9579853,32.7840225,59.69,47.33,55.63,0.0,42.29,63.82,64.61,71.91
3497,Riverside ,92553,-117.2218309,33.9118904,98.67,59.85,32.56,0.0,45.33,80.87,96.11,66.11
5449,Los Angeles,90230,-118.4148705,33.9918105,39.99,65.16,67.73,0.0,45.1,48.34,53.23,85.88
6698,Riverside ,92223,-116.9742932,33.9397208,98.67,45.85,70.67,7.41,12.54,69.03,94.68,64.72
4621,Riverside ,92562,-117.1978854,33.5462108,74.1,38.36,58.38,47.03,94.49,40.2,94.43,55.24
6895,Los Angeles,91351,-118.4640472,34.4193105,97.0,50.88,45.16,0.0,80.4,65.25,65.07,58.02
3291,Stanislaus ,95307,-120.9524211,37.601847,71.66,59.73,68.96,18.62,19.45,58.1,73.75,63.32
7655,Los Angeles,93552,-118.0529469,34.5687395,88.7,13.93,37.59,0.0,29.11,78.43,70.33,64.37
3870,Los Angeles,93552,-118.0375369,34.5616733,88.7,32.96,39.63,0.0,32.5,84.96,83.55,82.46
2117,San Francisco,94102,-122.4107461,37.7859203,3.12,28.53,96.93,0.0,32.54,74.33,10.22,86.86
4911,San Bernardino,92345,-117.3172327,34.4044566,95.27,40.35,44.87,0.0,83.29,76.33,99.38,78.28
6874,San Diego,92114,-117.0379718,32.6955807,32.15,51.25,15.92,0.0,33.23,78.71,43.02,68.48
5826,Los Angeles,91321,-118.5258812,34.3629821,95.27,47.47,45.79,0.0,94.51,55.93,56.64,45.53
5272,Orange ,92804,-117.980284,33.8248552,42.56,73.29,43.22,32.83,44.98,42.8,40.19,69.96
5413,Los Angeles,90807,-118.1773895,33.8319177,24.88,63.07,28.84,0.0,45.98,60.24,54.22,19.89
3389,Riverside ,92583,-116.9662949,33.7875282,95.27,40.73,26.86,0.0,17.34,75.42,94.58,89.36
2176,Los Angeles,91702,-117.903464,34.117896,82.48,63.3,53.75,0.0,88.35,79.85,76.35,48.44
6661,Riverside ,92595,-117.2771726,33.6510929,79.99,49.52,47.03,0.0,67.63,37.08,88.45,74.05
6087,Santa Clara,95116,-121.8538119,37.3579135,20.85,37.3,76.12,0.0,61.95,88.43,71.62,40.34
8734,Tulare ,93292,-119.2517367,36.3597158,93.63,97.31,19.4,86.48,8.06,32.22,57.96,74.16
5227,Ventura ,93010,-119.0527386,34.2197814,32.15,43.39,72.48,95.9,72.05,35.78,47.18,58.34
5801,San Mateo,94025,-122.1506224,37.4941291,10.57,16.37,87.64,0.0,94.41,23.9,10.36,56.85
3654,Alameda ,94578,-122.1354706,37.7158642,10.57,28.89,96.33,0.0,86.61,87.18,59.93,56.85
5609,San Diego,92105,-117.0966252,32.7449119,35.16,49.15,37.13,0.0,19.23,81.56,60.94,95.0
5033,Ventura ,93033,-119.1833977,34.1860972,24.88,34.37,70.03,0.0,54.48,43.71,53.19,82.73
6511,Riverside ,92557,-117.2850572,33.9488742,98.67,69.45,63.5,0.0,87.35,61.42,76.76,51.75
6171,Alameda ,94587,-122.0278186,37.5893439,14.92,22.75,70.88,55.83,55.89,68.53,71.45,9.64
5422,Sacramento ,95660,-121.3719125,38.6775875,60.66,34.34,19.75,0.0,28.73,96.98,91.9,76.24
2969,Solano ,94590,-122.235826,38.1146854,13.62,40.04,87.58,0.0,82.33,99.81,91.55,29.46
5465,Solano ,94533,-122.0295802,38.265491,24.88,21.12,18.21,0.0,45.03,98.06,81.09,67.45
4365,Riverside ,92505,-117.4972884,33.9304797,88.7,93.11,57.8,0.0,12.38,74.49,93.63,49.31
3901,Santa Clara,95125,-121.877883,37.2976689,24.88,24.73,80.81,0.0,87.9,38.88,33.92,66.43
14774,Riverside ,92880,-117.617809,33.9180425,74.23,92.28,43.15,47.17,81.06,27.78,86.37,22.22
4945,Los Angeles,91345,-118.4495333,34.2593157,97.0,59.02,59.63,0.0,86.68,59.95,41.24,33.98
6350,Ventura ,93001,-119.2884377,34.2996321,26.7,30.27,49.78,0.0,14.96,61.22,27.24,71.91
6210,Los Angeles,93551,-118.1555823,34.596643,88.7,10.95,20.32,0.0,76.66,58.54,71.3,57.63
4800,Stanislaus ,95356,-121.0584292,37.6937352,66.81,55.3,91.05,91.79,81.43,60.85,56.78,53.62
4175,Los Angeles,90004,-118.3152596,34.0724565,53.73,76.19,67.43,0.0,68.73,47.99,43.22,45.36
3232,San Bernardino,92382,-117.1403551,34.1730842,100.0,47.16,4.68,30.17,7.01,54.34,84.97,62.59
5851,San Bernardino,92392,-117.3407007,34.4902623,84.58,11.26,67.45,0.0,76.51,88.65,99.85,90.48
6349,Los Angeles,91040,-118.3402287,34.2733521,95.27,56.71,51.0,0.0,86.44,51.26,41.4,47.75
3720,Los Angeles,90042,-118.1878598,34.1093059,69.32,65.68,66.57,0.0,83.3,53.19,48.92,62.84
3702,Los Angeles,91042,-118.2816322,34.2516085,93.63,57.51,21.0,0.0,45.78,26.53,75.46,72.84
6760,Los Angeles,91754,-118.1482676,34.0488369,64.73,86.43,51.71,0.0,20.81,38.88,28.54,57.63
4939,Sonoma ,94952,-122.6301681,38.232937,10.57,14.37,75.4,43.0,78.99,49.53,64.12,52.71
7300,San Diego,92105,-117.0963988,32.7525425,35.16,48.48,51.11,0.0,18.35,59.16,30.86,96.23
5185,San Joaquin,95209,-121.3533471,38.0354834,42.56,52.87,66.82,0.0,64.13,64.93,69.22,73.42
3148,Riverside ,92545,-116.9935262,33.7583074,93.63,41.62,35.98,76.45,10.49,52.77,59.15,87.76
5707,Sacramento ,95822,-121.4990252,38.4887495,35.16,31.31,40.68,0.0,26.43,90.44,73.18,70.34
4155,Los Angeles,90042,-118.1892861,34.1199723,70.28,62.18,34.14,0.0,33.75,53.19,48.92,61.08
2387,Ventura ,93015,-118.7690795,34.4146679,71.8,20.52,4.92,82.69,8.66,64.68,15.53,66.56
4874,San Bernardino,92324,-117.3615997,34.0814164,98.67,76.05,16.54,0.0,31.05,60.53,64.61,67.61
6049,San Mateo,94063,-122.1914884,37.4825375,10.57,13.44,57.19,0.0,88.23,76.67,37.75,68.27
1783,Los Angeles,90305,-118.3365577,33.9584128,32.15,79.53,56.53,0.0,71.7,90.58,77.26,29.46
1600,Lassen ,96130,-120.6448771,40.4067271,55.38,2.46,56.83,61.07,37.59,59.81,19.2,82.94
3000,Los Angeles,90025,-118.456577,34.0475447,56.96,64.68,92.93,10.34,74.41,9.18,21.21,51.75
4928,Riverside ,92553,-117.2250806,33.9304056,98.67,59.59,15.74,0.0,14.19,80.87,96.11,78.93
3226,Los Angeles,90034,-118.3797742,34.0328855,46.99,67.82,97.35,6.21,91.44,24.18,27.85,46.39
8359,Stanislaus ,95326,-120.8727904,37.6029399,72.55,58.0,22.99,96.38,11.25,38.72,82.74,46.82
5223,Orange ,92870,-117.8529546,33.8722006,55.38,87.27,52.27,0.0,40.4,34.93,46.24,15.33
5451,Kern ,93305,-118.9759749,35.4041078,93.63,99.39,13.37,0.0,11.74,95.9,88.7,72.58
4884,Sacramento ,95821,-121.3564193,38.6206259,58.23,47.24,24.34,0.0,12.83,90.37,53.03,60.62
6077,Orange ,92833,-117.9535931,33.8735241,50.54,83.55,60.09,0.0,47.55,34.9,18.87,41.91
3701,Los Angeles,90020,-118.3022323,34.067188,51.9,83.42,80.97,0.0,64.1,50.22,57.75,53.04
4588,San Benito,95023,-121.4226918,36.8617345,20.85,1.18,28.38,83.59,31.54,72.58,97.72,44.41
8826,Orange ,92704,-117.9248099,33.7336169,46.99,71.0,38.63,0.0,66.21,32.18,24.66,70.84
8126,Riverside ,92508,-117.3150981,33.8604957,95.27,62.63,2.94,38.59,27.14,35.68,65.27,75.4
6923,Orange ,92840,-117.9105799,33.7888906,50.54,76.69,57.06,0.0,55.14,39.18,37.67,55.5
8741,San Diego,92078,-117.2062594,33.1499789,37.57,28.39,62.48,53.72,41.46,4.19,12.99,92.14
5899,Solano ,94589,-122.23956,38.1237134,14.92,38.71,81.68,0.0,76.21,99.28,70.66,39.21
8642,Tulare ,93277,-119.3248599,36.2802907,88.7,98.03,44.29,90.38,30.96,47.12,54.22,59.66
4500,San Diego,91945,-117.023685,32.7369483,42.56,50.53,29.38,0.0,71.28,81.77,54.91,59.37
4573,Riverside ,92567,-117.081948,33.8262813,97.6,46.12,10.4,84.79,38.83,36.65,82.85,65.08
4299,Orange ,92683,-118.0205108,33.7662506,32.15,64.65,80.31,0.0,92.51,42.76,61.13,47.75
5415,San Bernardino,91730,-117.5959301,34.1139423,93.63,97.91,57.25,0.0,42.28,42.29,83.82,52.41
6936,Santa Clara,95050,-121.960583,37.3702343,17.65,22.5,79.33,1.97,82.46,28.61,47.52,35.15
4711,Los Angeles,91202,-118.2609478,34.1662572,74.1,68.72,32.61,0.0,25.03,26.73,75.36,41.66
3516,Alameda ,94605,-122.1557636,37.7603609,6.38,23.5,49.09,0.0,83.61,99.59,79.37,52.41
3667,Los Angeles,91342,-118.4400777,34.3132613,97.0,53.96,75.92,0.0,82.61,73.29,57.13,74.87
1956,Glenn ,95939,-122.501299,39.6052917,29.92,1.82,7.65,81.38,2.01,61.38,69.32,55.11
2521,Los Angeles,90027,-118.288505,34.1047367,60.66,77.9,39.28,0.0,52.73,46.82,90.84,27.05
5562,Kern ,93305,-118.9953155,35.3976684,93.63,99.51,41.48,0.0,13.23,97.26,93.33,64.5
4170,Los Angeles,91744,-117.9379348,34.0439866,72.55,84.36,20.1,0.0,16.23,73.14,70.74,60.01
2340,Contra Costa,94520,-122.0377689,37.975617,17.65,33.83,91.94,0.0,71.55,91.84,75.12,55.87
6789,San Diego,92025,-117.0724073,33.131406,53.73,15.82,79.81,0.0,40.25,10.63,6.54,93.83
5373,Kern ,93309,-119.070111,35.3273754,93.63,99.55,10.13,0.0,38.05,86.45,79.15,90.05
5541,San Joaquin,95320,-121.036072,37.8408351,61.03,52.51,22.28,93.62,4.96,36.96,55.1,45.97
6176,Orange ,92708,-117.943544,33.7037205,46.99,63.36,54.8,60.24,82.91,27.68,50.72,48.44
7565,Santa Clara,95111,-121.8167937,37.2730779,26.7,18.64,66.09,34.48,80.3,75.34,58.54,31.26
3046,Orange ,92708,-117.958692,33.7088681,42.56,61.87,77.78,0.0,94.38,27.68,50.72,39.21
2962,Los Angeles,91344,-118.4804333,34.2711982,97.0,59.28,63.05,0.0,94.58,59.63,57.89,35.15
1128,Imperial ,92250,-115.317678,32.7712275,57.11,41.72,9.58,93.55,3.46,81.12,79.71,29.46
3071,Santa Clara,95122,-121.8515984,37.3274092,22.19,37.62,44.54,0.0,58.18,79.47,66.44,79.55
4325,San Joaquin,95209,-121.3338763,38.024444,42.56,52.94,14.28,0.0,46.01,56.94,58.86,60.45
4183,Los Angeles,91505,-118.3546268,34.1856903,79.99,60.5,64.06,0.0,52.7,33.62,38.11,25.98
5778,Los Angeles,90019,-118.3482415,34.0571243,50.54,77.37,58.63,0.0,70.74,55.63,39.89,50.85
4374,San Diego,91910,-117.0562074,32.6353409,29.89,45.25,85.24,0.0,85.69,62.18,40.64,38.91
5613,Kern ,93309,-119.0674079,35.3637621,93.63,99.5,11.95,0.0,76.25,86.45,79.15,64.9
4657,Orange ,92683,-117.9679766,33.7521177,39.99,65.75,37.37,10.52,64.7,42.86,61.25,86.38
4162,Santa Barbara,93436,-120.4677464,34.6504892,3.12,9.57,54.06,83.24,16.99,56.12,71.05,79.13
4530,San Bernardino,91710,-117.6947801,33.9996795,74.19,93.33,61.03,16.72,29.6,49.89,83.15,23.91
3457,San Francisco,94103,-122.4022764,37.7753304,3.12,24.28,99.78,4.48,81.69,75.59,21.3,46.61
5820,Riverside ,92507,-117.3297749,33.9590764,97.6,72.87,78.87,0.0,81.94,70.79,79.97,60.62
2545,Alameda ,94602,-122.2217201,37.796806,3.12,40.78,58.33,0.0,83.01,83.66,19.07,70.13
3821,Alameda ,94601,-122.2143966,37.7831287,3.12,39.74,49.72,0.0,10.95,97.16,61.9,82.73
2721,Kern ,93306,-118.9585218,35.3794847,93.63,99.43,41.54,0.0,36.06,81.46,77.94,65.28
9563,Orange ,92840,-117.9017388,33.7833775,51.9,75.99,64.65,0.0,86.06,28.69,34.48,71.91
2720,Yuba ,95901,-121.3582036,39.184664,62.55,10.33,8.72,88.1,7.73,56.99,72.67,66.31
2373,Alameda ,94606,-122.2542495,37.7985014,3.12,47.13,80.83,0.0,15.54,88.71,19.48,67.85
11255,San Bernardino,92395,-117.2949039,34.485449,88.7,9.88,29.65,0.0,54.64,93.78,98.93,66.43
4512,Los Angeles,90807,-118.1697128,33.8387095,26.7,67.38,33.01,0.0,62.56,58.46,36.6,49.12
5111,San Diego,91911,-117.0502312,32.6077631,29.89,56.17,67.32,0.0,71.56,73.48,50.02,58.02
6676,Riverside ,92543,-116.9725527,33.7681153,93.63,39.6,17.71,39.21,19.28,49.12,47.76,94.33
3550,Santa Clara,95116,-121.8410727,37.3647065,20.85,34.18,96.99,0.0,95.51,68.16,42.4,80.95
6138,Stanislaus ,95367,-120.9427859,37.7243903,67.9,55.31,42.0,61.97,18.54,64.31,71.05,56.67
4315,Tehama ,96035,-122.1795281,40.0733075,60.96,8.25,28.46,93.31,26.96,83.13,81.21,67.17
5673,Mendocino ,95482,-123.2858932,39.1031607,13.62,6.21,5.09,61.66,7.89,83.23,36.71,75.72
7059,San Mateo,94015,-122.4788188,37.6810704,10.57,21.01,76.78,0.0,86.81,64.18,61.08,41.03
3531,Alameda ,94606,-122.2296737,37.7982307,3.12,43.36,75.53,0.0,70.31,63.55,5.0,71.22
4202,Los Angeles,90034,-118.3959685,34.0273439,44.98,67.68,94.96,0.0,87.65,32.51,44.53,32.05
1225,Los Angeles,93551,-118.1335534,34.5350285,88.7,13.11,21.41,0.0,90.81,71.71,61.4,72.63
4662,San Francisco,94102,-122.4177669,37.780125,3.12,26.16,99.75,7.76,61.81,62.5,6.69,59.08
5815,San Diego,92154,-117.0723177,32.5717846,29.89,90.78,76.29,0.0,48.23,35.24,22.59,87.19
3681,Butte ,95926,-121.8495875,39.7368942,50.54,39.66,66.26,26.76,31.68,44.98,16.61,94.77
2224,San Francisco,94134,-122.4020019,37.7216202,6.38,31.47,99.28,24.48,91.06,77.18,33.5,49.12
6440,Santa Barbara,93436,-120.4487233,34.6507195,3.83,9.6,34.37,85.1,11.84,56.12,71.05,80.87
14299,Ventura ,93030,-119.1684374,34.2173083,26.7,36.63,64.16,73.76,84.0,59.65,55.45,13.52
3892,Sacramento ,95758,-121.4080911,38.4299065,39.99,27.17,81.79,0.0,81.5,59.77,76.76,53.87
3485,Alameda ,94544,-122.0876478,37.6428275,13.62,27.34,99.18,0.0,99.51,93.99,90.15,20.38
5541,San Joaquin,95240,-121.2580651,38.1086488,46.99,52.47,71.91,78.14,47.3,75.01,84.18,63.77
3687,Los Angeles,90731,-118.2903209,33.7159024,16.78,62.36,60.55,0.0,13.58,93.62,64.02,53.04
4136,Stanislaus ,95361,-120.7315696,37.7731119,70.58,53.08,11.59,89.03,10.89,68.69,87.14,31.55
5382,Los Angeles,91367,-118.6013402,34.1744847,78.01,62.48,89.76,58.66,92.58,39.49,68.71,22.01
5058,Riverside ,92570,-117.409206,33.7812173,84.63,57.86,4.38,65.52,82.95,44.24,70.48,38.57
3973,San Francisco,94109,-122.4185205,37.7879651,3.12,28.53,99.86,0.0,58.06,42.76,11.84,64.5
5822,Los Angeles,93591,-117.8491551,34.5925627,91.05,9.11,1.75,97.41,2.49,94.95,75.6,84.12
2544,San Mateo,94063,-122.2386868,37.4932225,6.38,14.67,85.82,0.0,49.11,78.8,42.6,36.55
5432,San Mateo,94063,-122.2090707,37.4713247,10.57,12.74,71.11,0.0,49.13,52.39,13.73,74.16
3046,Santa Clara,95116,-121.8664264,37.3453849,20.85,38.97,83.62,0.0,69.01,80.58,57.61,53.48
3868,Sacramento ,95827,-121.3260509,38.5669269,56.96,36.07,83.39,0.0,90.91,80.25,92.31,55.87
6249,Los Angeles,91001,-118.1608413,34.1870169,79.99,58.97,30.13,0.0,44.16,39.01,20.5,59.66
4615,Stanislaus ,95316,-120.6513244,37.6014201,74.1,56.86,14.82,95.0,2.44,25.3,57.96,51.09
3536,Alameda ,94544,-122.0804835,37.6353608,13.62,30.07,68.57,0.0,97.7,93.99,90.15,43.14
3935,Stanislaus ,95351,-120.951749,37.6156323,71.66,60.29,12.55,0.0,34.11,83.9,65.84,71.09
3045,Los Angeles,90066,-118.4222404,34.0050155,42.56,68.26,77.82,0.0,38.84,33.82,48.63,28.42
5808,San Diego,92078,-117.189465,33.1392223,42.56,28.14,76.8,35.72,61.54,3.22,14.1,78.2
5378,San Mateo,94401,-122.3144888,37.5807361,10.57,29.48,58.12,0.0,94.7,53.4,22.73,74.97
5762,Riverside ,92530,-117.358069,33.6478677,76.94,49.62,3.87,0.0,26.85,66.65,98.83,86.07
4134,Orange ,92832,-117.937447,33.8605165,51.9,82.39,69.1,0.0,96.08,49.55,16.75,58.79
4698,San Francisco,94132,-122.4804118,37.7196259,10.57,25.34,85.09,0.0,85.5,38.12,28.98,78.63
4153,Los Angeles,90605,-118.0274643,33.9558907,60.66,72.28,62.28,0.0,57.79,67.5,94.93,46.18
4076,Yolo ,95698,-121.8369566,38.8196108,50.58,15.61,13.39,87.34,4.18,56.88,38.66,64.5
4952,Riverside ,92223,-117.0005885,33.9554572,99.07,46.92,49.01,34.55,97.14,67.96,94.06,36.98
4202,Butte ,95917,-121.7723641,39.4540994,65.72,22.29,23.04,92.86,1.06,74.43,99.25,62.07
2231,Napa ,94559,-122.2891839,38.2870988,16.78,46.43,67.26,0.0,31.49,47.18,38.24,46.18
2396,Los Angeles,90027,-118.2957566,34.1113224,62.53,74.45,24.0,0.0,64.55,46.82,90.84,17.19
3422,Los Angeles,90036,-118.3541156,34.0668419,53.73,71.55,55.22,0.0,60.1,27.98,49.17,30.93
5681,Merced ,95301,-120.6072647,37.3229826,74.1,68.95,33.73,96.69,36.4,76.47,91.03,12.45
5664,Orange ,92706,-117.9004522,33.7705331,50.99,74.15,66.94,0.0,93.0,32.6,27.63,47.11
2087,Riverside ,92586,-117.1983059,33.7161589,91.05,50.79,63.48,0.0,72.16,77.22,97.11,75.11
6068,Los Angeles,90043,-118.3546187,33.9930805,37.57,72.27,36.24,0.0,55.58,97.3,68.62,25.72
7760,Santa Cruz,95076,-121.7415569,36.9224854,16.78,3.72,60.27,99.24,19.8,65.35,45.03,77.58
4390,Riverside ,92555,-117.1127892,33.890645,99.07,52.18,18.83,67.31,9.99,71.39,93.12,51.57
4794,Monterey ,93906,-121.6595817,36.7030908,10.57,2.34,56.35,68.17,67.56,82.84,66.15,65.7
5778,Orange ,92707,-117.8817476,33.6980366,55.38,61.41,62.15,24.86,60.78,53.36,33.21,64.9
6486,Riverside ,92505,-117.5082303,33.9264805,88.7,92.84,40.2,56.45,72.55,42.25,62.84,46.61
3445,Los Angeles,93535,-118.1081707,34.6968196,88.7,7.01,20.66,0.0,16.5,99.1,96.36,82.73
2680,Sacramento ,95824,-121.4182262,38.513306,42.56,34.7,22.91,0.0,31.94,85.63,77.01,93.12
4667,San Francisco,94102,-122.415789,37.7830511,3.12,28.05,99.55,0.0,44.55,56.21,4.14,79.31
2723,Riverside ,92236,-116.1823835,33.6712436,88.7,9.3,38.78,79.59,30.46,63.48,84.9,97.07
4413,Alameda ,94702,-122.2863197,37.865807,3.12,39.61,64.12,0.0,53.93,87.77,61.08,42.9
7155,San Diego,91932,-117.1145672,32.5653537,26.7,65.56,12.83,19.97,12.7,76.91,73.97,67.85
4720,San Joaquin,95337,-121.2438237,37.8046754,57.77,55.12,33.71,38.38,27.95,79.15,83.51,38.33
4433,Los Angeles,93550,-118.0788777,34.5774296,88.7,11.7,43.8,0.0,29.19,96.6,95.65,94.33
3875,Los Angeles,91342,-118.373946,34.2902413,97.0,54.23,31.03,29.34,91.78,73.29,57.13,40.34
2796,Los Angeles,90020,-118.3115783,34.0635115,50.54,79.96,62.05,0.0,70.68,24.75,20.34,67.25
7154,Los Angeles,90601,-118.0536684,33.9909544,64.73,76.66,55.49,0.0,51.21,59.28,86.07,46.18
5289,Solano ,94591,-122.225778,38.0820079,13.62,38.17,87.17,0.0,89.99,85.09,45.31,53.62
4915,Los Angeles,91364,-118.5767994,34.1649322,79.99,79.18,71.35,13.03,98.05,33.92,53.81,23.17
6416,Fresno ,93727,-119.6805734,36.7685213,88.7,95.83,69.66,78.34,17.58,64.05,36.78,27.05
5393,Orange ,92840,-117.9281104,33.78879,48.45,75.86,32.38,0.0,22.2,46.0,65.12,32.79
3060,Los Angeles,90038,-118.3383611,34.0906829,59.69,72.86,95.89,0.0,77.19,41.9,30.75,56.57
5813,Ventura ,93065,-118.8083423,34.278331,64.85,41.61,50.35,58.48,64.01,46.49,60.06,25.98
5892,Los Angeles,91607,-118.3921251,34.1648811,76.94,61.72,66.62,0.0,74.44,29.97,52.55,38.33
2428,Stanislaus ,95380,-120.8543056,37.5064389,72.55,92.0,27.79,0.0,25.96,47.28,68.44,94.8
5869,Alameda ,94619,-122.2024899,37.787943,3.12,38.49,67.89,0.0,79.79,74.5,15.45,65.54
4024,Ventura ,93035,-119.201331,34.1938291,24.88,34.4,44.31,85.34,33.98,28.7,18.46,69.08
5375,Alameda ,94542,-122.0691461,37.6586897,13.62,23.43,87.69,0.0,70.39,66.67,50.12,57.01
5548,San Francisco,94133,-122.4100466,37.798514,3.12,30.38,90.89,0.0,24.41,31.23,10.36,89.06
6940,San Mateo,94015,-122.4784484,37.6932383,10.57,22.54,69.38,21.83,82.5,64.18,61.08,23.91
3237,Orange ,90631,-117.9722583,33.9340336,59.69,76.07,20.98,0.0,68.9,52.59,66.33,42.24
9684,San Francisco,94112,-122.4372627,37.7280611,6.38,28.24,98.59,0.0,75.55,60.77,35.09,31.26
4057,Fresno ,93704,-119.7964425,36.7867587,82.48,96.89,60.26,0.0,43.58,84.53,29.37,76.24
2122,Sacramento ,95825,-121.4130197,38.5852419,50.54,39.09,31.1,0.0,31.86,98.83,79.15,92.6
3161,Los Angeles,91344,-118.4939447,34.2797379,97.0,56.85,47.82,0.0,97.51,59.63,57.89,26.38
4599,San Joaquin,95219,-121.3621535,38.0093048,44.98,52.67,57.26,51.1,83.45,46.92,55.1,57.63
3959,Sonoma ,95425,-123.0170717,38.8133955,16.78,4.63,25.13,70.0,7.75,34.15,42.11,81.14
5842,Los Angeles,91770,-118.1001251,34.0502444,69.32,78.26,34.4,46.55,18.89,33.92,27.94,60.62
5033,Santa Barbara,93454,-120.4265923,34.9567334,10.57,10.53,68.13,0.0,29.2,86.65,52.01,90.36
5042,Los Angeles,91748,-117.8795412,33.9944207,64.73,89.05,92.23,0.0,86.64,16.13,18.62,34.21
5922,San Bernardino,92346,-117.2108868,34.13216,100.0,54.61,46.55,0.0,53.25,61.52,77.58,81.07
3002,Solano ,94591,-122.2239275,38.0949074,13.62,40.34,80.42,0.0,77.76,87.06,54.71,58.23
5200,Los Angeles,90046,-118.3524483,34.0925747,62.53,69.53,88.71,0.0,74.15,18.71,48.92,58.23
5317,Los Angeles,91342,-118.4504793,34.2975505,97.0,55.13,59.98,0.0,23.91,68.26,48.31,52.26
5176,Fresno ,93704,-119.8083215,36.8299344,82.48,95.69,48.49,0.0,49.26,75.35,22.99,65.08
8633,Orange ,92648,-118.0005081,33.6929418,32.15,57.98,63.25,34.72,46.35,28.48,38.57,36.11
6224,Los Angeles,91724,-117.8678976,34.1029152,79.99,86.58,45.09,0.0,30.43,51.65,53.14,57.14
5165,San Bernardino,92376,-117.4050566,34.1082848,98.67,80.87,57.52,0.0,15.56,16.72,22.23,80.78
4436,Siskiyou ,96097,-122.6201917,41.7321698,35.16,0.61,25.64,55.55,15.41,75.79,69.63,88.73
5264,San Diego,92114,-117.0607339,32.7130823,32.15,51.36,14.84,0.0,11.75,90.12,62.05,90.53
10909,San Bernardino,92336,-117.4711132,34.1139657,97.0,91.2,44.56,0.0,22.7,35.51,74.89,46.61
2709,Sacramento ,95842,-121.3409233,38.6917961,62.53,30.44,71.1,0.0,40.29,94.67,91.1,82.79
7838,San Joaquin,95320,-120.9929192,37.7960045,63.61,53.81,36.09,86.28,18.15,53.58,76.58,45.06
6213,Sacramento ,95660,-121.3791846,38.6869533,60.66,33.3,15.79,0.0,29.74,96.9,92.32,70.53
3472,Los Angeles,91401,-118.4356063,34.1712144,79.99,65.41,21.79,0.0,48.48,69.55,82.61,32.27
26742,San Joaquin,95304,-121.4950941,37.7740044,58.23,40.24,45.33,79.55,54.96,39.23,72.06,13.27
1225,Kern ,93518,-118.3406115,35.2513177,93.85,5.63,3.41,75.38,10.08,64.67,71.3,68.0
5405,San Diego,92105,-117.0895143,32.7529867,35.16,48.55,40.01,0.0,22.18,63.12,36.28,95.74
6022,San Diego,92025,-117.0681038,33.1189678,51.9,13.54,47.5,62.41,16.11,38.7,37.67,74.05
5184,Santa Clara,94085,-122.0063825,37.3910523,16.78,19.34,83.04,0.0,95.48,16.7,28.29,34.48
2897,San Francisco,94134,-122.4152838,37.7096499,6.38,27.99,61.95,0.0,9.8,59.98,17.11,54.79
2657,Santa Clara,95126,-121.9220533,37.3401731,20.85,29.12,89.42,4.28,83.39,41.25,27.63,26.38
3302,Del Norte,95531,-124.1632913,41.7597759,0.19,2.6,9.12,0.0,8.8,83.15,97.87,74.46
4340,Alameda ,94612,-122.2616693,37.8047578,3.12,46.57,89.73,0.0,22.24,96.0,37.67,42.9
3878,Los Angeles,90807,-118.1705772,33.8481676,26.7,71.09,24.07,0.0,61.61,63.71,33.92,23.66
4794,San Diego,92027,-117.0539783,33.1334707,55.38,16.9,25.2,0.0,23.96,37.9,53.5,94.13
6126,Riverside ,92570,-117.3133054,33.8027798,93.85,55.06,1.66,44.07,5.59,60.79,85.43,72.74
8674,Kern ,93215,-119.2321782,35.7830778,82.48,95.67,13.47,44.76,9.9,55.4,95.26,67.45
2321,Alameda ,94544,-122.0613101,37.6428259,13.62,27.84,84.77,0.0,69.93,93.99,90.15,56.38
1710,Los Angeles,91387,-118.4469672,34.4236629,97.0,51.15,20.47,0.0,80.73,44.79,37.5,45.2
7595,Monterey ,93930,-121.0176253,36.246079,29.98,1.29,4.87,82.38,5.55,36.94,76.96,82.94
4277,Ventura ,91360,-118.867895,34.1816985,56.96,42.27,60.76,0.0,89.19,12.99,42.22,61.55
6353,Sacramento ,95822,-121.4862812,38.4884205,35.16,31.49,18.73,0.0,21.34,90.08,72.41,78.63
5684,Riverside ,92585,-117.1666928,33.7592819,95.27,50.68,43.17,57.83,81.8,39.08,72.92,87.76
5071,Ventura ,93021,-118.906726,34.2752843,50.99,40.14,47.63,91.24,36.5,26.11,61.69,43.33
6642,Los Angeles,90717,-118.3159751,33.7847676,20.85,66.17,83.47,0.0,65.19,28.41,20.78,56.57
5198,Los Angeles,91790,-117.9318958,34.0542813,74.1,83.0,14.91,0.0,33.2,49.49,32.03,50.01
4663,Tulare ,93274,-119.3755912,36.2182393,88.7,98.13,15.13,70.14,10.09,79.62,93.07,67.17
6769,Los Angeles,90501,-118.3192551,33.8251807,22.19,74.79,49.94,0.0,65.05,71.37,53.5,18.91
3951,Los Angeles,91722,-117.8902516,34.1030754,79.99,74.54,33.17,0.0,38.09,59.15,61.4,79.91
18854,San Diego,92154,-116.9784514,32.5754388,35.27,91.18,40.22,0.0,35.56,44.24,32.24,28.42
3706,Butte ,95928,-121.8142432,39.6982253,57.06,21.58,51.52,89.1,16.61,50.55,35.72,89.87
6345,Santa Clara,95050,-121.9639652,37.3583043,17.65,19.54,82.27,0.0,78.04,25.71,43.41,54.95
9458,San Bernardino,92373,-117.2307072,34.0226242,99.07,58.71,24.04,72.72,27.03,40.04,45.61,29.74
5401,Los Angeles,91773,-117.8289334,34.0988537,79.99,89.83,76.09,0.0,73.6,40.09,45.46,26.67
6596,Los Angeles,91790,-117.9284554,34.0788823,76.94,79.65,60.56,0.0,81.48,62.62,47.88,65.08
5224,Los Angeles,91740,-117.853784,34.1111653,82.48,87.63,84.69,0.0,85.86,63.02,66.54,43.89
3869,Los Angeles,91325,-118.5352005,34.2540547,93.63,66.45,31.47,0.0,50.73,51.21,54.36,34.7
6037,Los Angeles,91403,-118.46283,34.1536798,76.94,69.78,87.47,4.14,99.78,47.64,82.0,16.82
6081,San Diego,92154,-117.0440935,32.5788424,29.89,93.09,87.23,0.0,83.18,53.03,45.46,42.11
6653,Los Angeles,93550,-118.0700947,34.5546511,88.7,19.53,15.23,0.0,47.06,95.26,91.55,75.98
2078,San Bernardino,92285,-116.6221331,34.3821714,91.09,1.49,0.29,23.1,3.86,41.51,73.7,87.19
5320,San Diego,92123,-117.155885,32.7883567,37.57,43.91,96.61,0.0,90.76,34.04,7.22,58.23
5144,Alameda ,94544,-122.0764254,37.6261949,13.62,30.47,92.64,0.0,97.24,90.3,82.32,33.0
3821,San Diego,92154,-116.9530603,32.560142,40.01,92.98,38.73,0.0,99.74,37.76,27.33,38.33
1954,San Bernardino,93555,-117.3023776,35.5376297,80.09,4.52,3.05,0.0,0.53,52.46,71.45,79.13
2537,Los Angeles,90230,-118.4066251,33.9864759,37.57,69.01,81.75,0.0,88.24,38.76,39.89,21.72
5933,Stanislaus ,95355,-120.9324338,37.6596108,70.28,56.53,30.67,74.52,35.16,72.22,69.59,50.01
1631,Riverside ,92239,-115.3687419,33.7785595,51.0,9.06,1.39,50.17,12.76,72.88,94.16,80.11
5883,San Diego,92106,-117.218481,32.7501717,35.16,49.0,82.63,0.0,51.9,14.38,2.04,61.91
4224,Los Angeles,91792,-117.8755476,34.0089143,66.81,88.9,52.66,0.0,26.0,44.9,42.86,37.4
4739,Los Angeles,90807,-118.1835447,33.8421855,24.88,70.85,24.46,0.0,55.11,54.22,43.16,58.02
5338,Riverside ,92553,-117.2272172,33.9220397,98.67,60.11,15.16,0.0,26.8,80.87,96.11,88.73
6038,Sonoma ,94928,-122.7067009,38.3433893,6.38,11.04,75.21,0.0,75.35,55.55,66.94,60.01
3276,Los Angeles,90025,-118.4441611,34.0387144,53.73,68.8,88.06,0.0,99.4,12.16,28.61,39.62
4059,Los Angeles,90041,-118.2236529,34.1360845,69.32,67.11,64.68,0.0,94.68,33.1,15.33,36.42
5583,Sacramento ,95822,-121.4743864,38.4881988,37.57,33.47,42.43,0.0,28.61,87.33,68.32,88.81
6157,Orange ,92683,-117.9850502,33.7338098,37.57,61.67,78.56,53.86,92.03,37.57,43.02,34.48
2775,Los Angeles,90042,-118.1836835,34.1048444,69.32,65.68,59.2,0.0,73.39,34.36,23.59,61.55
5573,Napa ,94558,-122.3074339,38.2946539,16.78,47.92,73.18,33.62,50.1,53.79,55.98,60.9
4698,San Bernardino,91710,-117.7067276,34.0153204,74.1,93.34,41.1,0.0,17.14,49.89,83.15,38.57
1514,Sacramento ,95641,-121.6964377,38.0962278,37.78,20.27,16.3,77.59,25.66,49.07,68.27,66.31
4522,Kern ,93285,-118.5033077,35.6862875,84.65,22.49,0.42,57.38,0.36,65.73,86.88,86.97
2668,Los Angeles,91607,-118.3922288,34.1758783,79.99,61.47,67.6,0.0,95.14,32.37,56.01,63.02
4630,Sacramento ,95673,-121.4246506,38.6830858,59.69,29.92,10.83,0.0,20.3,81.74,88.11,66.56
2739,Los Angeles,91754,-118.1283526,34.0643236,67.9,78.34,56.65,0.0,49.18,35.93,24.78,82.73
18069,San Bernardino,92394,-117.3677478,34.5367769,84.58,9.66,6.31,0.0,18.14,84.87,87.41,67.01
6423,Santa Cruz,95076,-121.769617,36.9300262,16.78,4.14,28.06,79.31,42.45,39.97,20.03,74.05
6601,Santa Barbara,93458,-120.4445191,34.9641603,10.57,11.14,55.11,88.93,17.51,61.24,15.1,83.34
3356,Los Angeles,90027,-118.2884331,34.1126008,62.53,74.45,30.72,0.0,74.89,46.82,90.84,28.86
9003,Santa Barbara,93458,-120.4662189,34.9769533,11.56,11.72,34.69,99.72,25.39,62.36,15.78,44.62
4254,Santa Clara,95111,-121.8229385,37.2904578,24.88,20.51,56.18,0.0,61.75,73.72,56.7,14.27
5095,Orange ,92683,-117.9590751,33.7376141,42.56,62.9,54.98,0.0,61.56,34.78,51.38,67.85
2879,Tulare ,93257,-119.0847036,36.0906458,82.48,95.44,11.72,85.28,7.48,71.09,91.55,64.72
5515,Nevada ,95945,-121.0671814,39.2334936,82.48,0.95,33.74,50.72,24.86,66.39,40.19,56.67
5876,Stanislaus ,95355,-120.9486971,37.6601322,70.28,56.44,26.71,40.72,50.43,74.41,72.41,45.2
3562,San Bernardino,92356,-116.9358977,34.4032519,97.6,3.88,7.16,0.0,2.88,85.9,98.84,89.28
8488,San Bernardino,92347,-117.2941317,35.0494454,82.69,6.66,4.93,29.59,8.85,78.76,75.64,45.53
4741,Orange ,92804,-117.9633147,33.8323796,46.99,78.16,34.5,15.21,46.69,35.11,30.8,73.76
4752,Contra Costa,94804,-122.3414882,37.9394176,3.12,38.67,98.21,0.0,19.63,97.54,59.17,69.82
3516,Tuolumne ,95370,-120.3618958,38.0034086,75.12,17.01,9.25,0.0,28.8,75.47,73.47,74.87
4487,Los Angeles,91775,-118.0849636,34.1081896,76.94,65.69,40.41,59.79,41.26,11.12,31.68,45.74
4834,Santa Clara,95111,-121.8303183,37.2867501,24.88,21.9,57.51,0.0,72.38,75.34,58.54,66.87
3897,San Bernardino,91786,-117.6834894,34.1139306,91.05,95.81,52.36,3.21,38.49,55.6,67.93,45.36
1526,Los Angeles,91103,-118.1655566,34.1583127,76.94,57.46,83.96,0.0,60.9,57.64,37.18,15.03
3313,Los Angeles,91303,-118.6102388,34.1924609,79.99,58.03,59.59,54.45,61.05,67.51,55.28,13.27
7878,Orange ,92831,-117.8692764,33.8856931,55.38,85.95,78.94,0.0,40.2,25.04,18.39,54.95
3635,Sutter ,95991,-121.6216316,39.0836731,42.56,32.08,15.91,95.34,25.36,56.58,87.61,35.57
4299,San Diego,91977,-116.996053,32.7017506,42.76,52.22,28.41,0.0,76.13,68.69,46.06,57.44
4180,Santa Clara,95110,-121.8953781,37.330401,20.85,35.64,97.15,8.69,76.16,96.21,40.0,39.62
2253,Los Angeles,90004,-118.2854106,34.0730101,53.73,88.21,90.34,0.0,84.33,15.48,5.36,71.97
5662,Los Angeles,91316,-118.5246447,34.1756962,82.48,93.95,50.23,31.48,96.51,41.7,14.31,44.87
3910,Los Angeles,91343,-118.4896512,34.2421587,95.27,72.35,35.03,0.0,51.81,88.17,69.11,45.36
4846,Sutter ,95953,-121.653915,39.2827425,65.69,38.68,51.47,93.93,33.44,54.13,75.9,76.71
5206,Los Angeles,91722,-117.9014269,34.0922319,79.99,75.44,36.9,0.0,38.79,46.49,37.41,41.03
4114,Riverside ,92561,-116.4728576,33.4680494,82.63,3.39,1.46,70.41,3.64,18.62,85.32,83.66
3910,Orange ,92704,-117.900654,33.7097314,51.9,59.71,48.71,0.0,30.66,54.89,51.1,56.85
6526,Riverside ,92201,-116.2596224,33.7142853,91.05,9.42,22.1,75.55,49.36,58.29,64.78,78.1
3696,San Diego,91910,-117.0701179,32.6439929,26.7,49.77,83.8,0.0,43.15,67.63,48.22,44.41
3425,Los Angeles,90605,-118.0198835,33.9618209,62.53,75.01,60.29,0.0,67.31,51.78,73.03,26.38
7018,Orange ,92844,-117.9622131,33.7606739,42.56,70.14,46.61,0.0,92.98,16.5,18.39,66.68
4370,Alameda ,94606,-122.2330985,37.7939452,3.12,43.36,49.55,0.0,1.29,89.53,24.1,82.94
5987,Alameda ,94578,-122.1091519,37.704911,10.57,29.23,90.21,0.0,76.99,76.53,43.28,55.11
4695,Monterey ,93906,-121.6495279,36.7132772,10.57,2.43,29.33,88.66,38.54,82.84,66.15,70.84
4734,Orange ,92870,-117.8702302,33.8766552,55.38,87.02,59.14,0.0,40.34,35.94,52.03,49.12
8029,Riverside ,92505,-117.4898954,33.913354,88.7,92.41,44.18,0.0,35.18,74.49,93.63,44.62
5523,Orange ,92704,-117.8928808,33.7090417,53.73,63.57,36.59,0.0,46.05,39.89,28.29,55.87
3883,Mariposa ,95338,-120.110972,37.5477768,75.12,36.64,0.81,2.14,0.34,57.8,95.06,74.28
3123,Sacramento ,95818,-121.4773744,38.5618891,44.98,39.69,97.56,0.0,76.01,66.08,40.42,58.02
5964,Kern ,93560,-118.3200023,34.885114,88.7,3.14,9.31,52.9,2.43,77.19,73.85,41.91
13952,Sacramento ,95624,-121.389656,38.4461568,42.56,30.19,69.84,19.55,80.41,42.39,71.1,36.8
5280,San Bernardino,92356,-116.958778,34.636683,88.86,3.58,2.25,0.0,3.76,90.27,96.39,63.52
2211,Los Angeles,90504,-118.3325936,33.8697417,24.88,82.58,92.41,69.07,97.48,34.33,63.14,19.12
6930,San Benito,95023,-121.3840211,36.8531984,22.19,0.97,51.87,94.62,10.75,72.58,97.72,33.98
5815,Riverside ,92881,-117.5449816,33.8557402,79.99,89.92,63.81,0.0,73.69,12.3,68.1,36.42
8404,San Diego,92021,-116.9101919,32.8091378,68.09,44.31,43.09,0.0,43.88,43.96,38.48,76.43
3453,San Diego,92071,-116.9721473,32.835197,63.61,45.89,83.75,1.0,74.71,35.63,30.17,47.32
3951,Santa Clara,95112,-121.8745424,37.3387146,20.85,37.76,70.34,7.0,16.29,70.64,46.26,69.96
7450,Sacramento ,95820,-121.4295972,38.5358637,42.56,36.18,26.05,0.0,17.5,93.86,90.58,71.42
3174,Los Angeles,91740,-117.873247,34.1215084,84.58,79.3,88.08,12.62,96.64,58.28,59.28,51.09
4826,Tulare ,93221,-119.1202602,36.3259261,93.85,90.04,23.45,89.0,9.84,40.68,55.77,46.82
3797,San Diego,91977,-117.0155941,32.7074478,39.99,52.06,67.93,0.0,67.25,65.8,40.42,44.41
8351,Santa Clara,95020,-121.5788616,37.0047364,29.89,4.16,33.59,69.86,15.05,68.13,76.17,67.01
2864,Stanislaus ,95355,-120.9154999,37.6679063,70.28,56.03,55.73,84.41,26.41,60.69,56.52,61.91
7263,Monterey ,93927,-121.2387759,36.3298137,32.15,1.94,42.55,90.59,18.84,58.35,85.77,72.58
4438,San Bernardino,91709,-117.7524244,34.0155703,71.66,91.72,94.3,0.0,92.11,18.99,44.64,29.21
3523,San Diego,91977,-117.0104099,32.734589,42.56,50.73,44.07,0.0,76.41,64.77,39.94,72.84
4540,San Diego,92126,-117.1204728,32.9103179,48.45,42.33,87.24,0.0,90.63,33.57,31.24,63.64
4748,Alameda ,94587,-122.0486869,37.5911419,13.62,28.06,89.25,0.0,97.1,69.27,72.78,36.42
2757,Alameda ,94545,-122.082604,37.6184511,13.62,30.18,88.77,0.0,81.83,90.95,80.75,33.54
1987,San Diego,92121,-117.231235,32.9028483,42.56,44.07,91.47,0.0,79.74,0.02,0.01,78.77
3519,Los Angeles,90755,-118.1589588,33.7986075,24.88,64.11,80.6,13.79,41.28,51.13,64.12,34.92
3857,Alameda ,94603,-122.1661407,37.7466798,6.38,19.5,39.13,0.0,31.15,99.94,84.58,77.58
5096,Los Angeles,91789,-117.8308645,34.0116871,68.09,90.28,93.09,0.0,97.16,15.22,20.18,47.75
5201,Los Angeles,91010,-117.9217301,34.1546148,91.05,57.04,18.05,0.0,12.94,76.88,71.49,37.16
6131,San Francisco,94103,-122.4241789,37.7671163,3.83,24.51,99.02,6.79,36.81,86.55,25.21,54.55
6933,Riverside ,92557,-117.2917944,33.9794836,98.67,66.12,6.36,6.45,44.89,63.04,77.64,33.54
5512,Solano ,95688,-122.0063092,38.3505074,32.15,12.22,70.83,52.31,81.81,88.73,69.79,44.07
5251,San Bernardino,92407,-117.3024789,34.1770857,100.0,54.35,8.66,0.0,15.6,82.24,92.21,64.72
6733,San Diego,91911,-117.0337536,32.6183278,29.89,53.99,72.86,0.0,81.7,64.03,37.08,31.26
2438,San Francisco,94110,-122.4062322,37.7589152,3.83,23.66,98.9,16.97,96.99,66.44,26.58,53.27
6294,Los Angeles,91750,-117.7639908,34.1060815,84.58,91.91,59.22,20.0,30.14,40.03,51.32,44.22
4417,San Bernardino,92399,-117.0490963,34.0257037,100.0,48.44,32.47,27.41,12.81,39.33,73.62,94.71
5946,Butte ,95965,-121.5372499,39.5808681,72.83,10.22,6.06,44.34,7.9,68.57,96.78,92.6
7116,Solano ,95688,-121.9310061,38.4043615,37.57,12.67,31.52,80.79,50.49,86.76,67.49,10.9
5339,Fresno ,93612,-119.7203949,36.7976616,88.7,96.91,17.44,0.0,27.63,86.04,43.28,84.21
3417,Los Angeles,91325,-118.514231,34.2147262,91.05,94.11,20.81,0.0,28.25,57.49,60.71,35.57
2877,Alameda ,94501,-122.2475404,37.7666414,3.12,41.33,73.43,0.0,23.75,74.0,51.82,55.69
6302,Santa Barbara,93455,-120.4616815,34.9053343,11.56,10.58,48.3,98.72,33.26,40.43,25.6,61.08
3539,Alameda ,94608,-122.2833798,37.8326526,3.12,45.77,95.69,0.0,43.8,95.81,39.32,60.21
3538,Contra Costa,94530,-122.3155835,37.9226169,3.12,36.84,93.22,0.0,79.84,45.34,14.68,60.9
5624,Orange ,92804,-117.9977753,33.8247012,42.56,71.5,48.61,0.0,78.73,59.04,60.17,40.55
4156,Sacramento ,95655,-121.2785982,38.5492278,59.85,21.44,14.5,0.0,32.76,48.02,65.79,27.35
3888,Alameda ,94544,-122.0573943,37.6155886,14.92,29.71,55.72,0.0,70.34,93.99,90.15,20.1
7455,San Francisco,94112,-122.4431582,37.7196219,6.38,28.16,97.06,0.0,75.88,60.77,35.09,38.33
5986,Los Angeles,91214,-118.2563984,34.2284593,88.82,58.64,70.02,0.0,82.66,22.94,39.32,28.63
3469,Los Angeles,91722,-117.937833,34.085166,78.01,74.09,65.07,0.0,22.14,37.76,18.83,58.51
2741,Los Angeles,91789,-117.8593531,34.0024101,65.69,89.63,90.43,0.0,80.25,19.09,35.72,48.92
4582,Orange ,92683,-117.9503802,33.7377201,44.98,62.4,27.75,0.0,57.88,34.98,51.1,61.28
5681,Merced ,95340,-120.4601195,37.3252966,72.55,88.05,8.97,40.21,23.58,96.02,99.28,58.02
7202,Orange ,92705,-117.8477516,33.7679798,56.96,70.19,74.16,14.03,55.36,32.55,24.44,35.57
8866,Contra Costa,94565,-121.875401,37.9809405,37.57,19.88,6.82,0.0,30.15,97.69,87.57,44.87
4597,San Francisco,94110,-122.4184125,37.7518186,6.38,25.64,97.6,0.0,44.48,74.21,36.42,45.74
5825,Los Angeles,91722,-117.9126798,34.1033944,82.48,71.66,72.17,0.0,46.84,50.96,48.48,38.91
2035,Ventura ,93042,-119.1160918,34.1061405,29.98,31.84,18.26,89.28,12.65,25.85,19.68,88.92
3630,San Joaquin,95376,-121.421163,37.7324326,62.53,41.78,59.64,65.93,22.58,87.75,70.45,53.48
4972,Tulare ,93277,-119.3405353,36.3055269,88.7,98.72,20.17,8.93,20.59,50.91,59.12,64.37
5149,San Bernardino,92336,-117.4162682,34.1176605,98.67,85.97,52.98,0.0,4.78,37.7,78.5,41.48
3350,San Bernardino,91730,-117.5989117,34.0855935,93.63,97.93,76.7,0.0,21.51,40.2,79.77,45.74
2925,Los Angeles,91401,-118.4267703,34.1722741,79.99,64.37,41.21,0.0,47.39,72.87,85.07,53.04
2849,Ventura ,93033,-119.1816278,34.1781865,24.88,33.6,21.8,0.0,61.49,52.38,67.49,69.72
8862,Sacramento ,95660,-121.3838886,38.6977784,62.53,30.59,11.91,0.0,28.44,93.84,81.82,88.53
4682,Riverside ,92507,-117.3011639,33.9384446,97.6,68.05,72.66,0.0,94.21,70.79,79.97,45.36
5185,Riverside ,92882,-117.576529,33.8674156,78.01,90.34,41.68,0.0,7.64,34.68,77.31,50.68
3003,Monterey ,93901,-121.6493229,36.6646451,10.57,2.22,70.74,89.14,28.2,91.97,52.55,53.48
3314,Riverside ,92234,-116.4698341,33.7750205,88.7,7.13,22.9,42.97,50.79,34.81,51.35,88.92
2702,Los Angeles,90036,-118.3578948,34.0712362,53.73,67.09,70.85,0.0,69.43,27.98,49.17,28.63
3795,Tulare ,93277,-119.3440073,36.3172622,88.7,98.82,16.34,55.34,36.7,50.91,59.12,65.84
1915,San Francisco,94103,-122.4124868,37.7680392,3.12,24.28,99.51,9.34,75.8,81.06,19.68,36.8
5582,Los Angeles,91740,-117.8541745,34.1234558,84.58,81.84,44.14,0.0,94.04,56.53,65.98,38.91
3880,Alameda ,94606,-122.243279,37.7982821,3.12,45.03,67.06,0.0,4.71,92.36,32.24,52.88
5404,Riverside ,92583,-116.9556879,33.7970346,95.27,39.14,28.62,78.9,17.31,83.14,98.34,69.82
8465,Ventura ,93060,-119.1192691,34.3846679,51.96,22.76,8.99,85.21,21.63,48.99,56.7,42.41
4388,Butte ,95928,-121.8514478,39.711661,50.99,26.22,29.26,90.45,9.85,52.84,36.55,93.25
2889,Riverside ,92505,-117.5003175,33.91938,88.7,92.88,63.67,0.0,8.91,74.49,93.63,68.27
5282,Alameda ,94546,-122.0650347,37.6992244,13.62,30.21,61.11,0.0,76.5,69.08,56.61,17.89
6718,Placer ,95747,-121.3164942,38.7393452,64.73,19.63,45.99,44.86,24.44,37.66,77.12,51.95
7501,San Diego,92040,-116.9141796,32.8654251,71.66,42.87,32.02,0.0,29.3,38.31,37.87,58.62
5936,Riverside ,92201,-116.2261101,33.7070064,88.7,10.72,61.21,0.0,49.28,67.47,74.58,76.87
4073,Santa Clara,95116,-121.8394637,37.3456739,22.19,38.34,91.36,0.0,91.28,69.79,41.95,64.17
5927,Riverside ,92506,-117.3889779,33.9675571,97.0,92.53,76.93,0.0,22.76,48.73,44.13,38.57
9519,Sacramento ,95758,-121.4161865,38.4477217,39.99,28.34,62.35,0.0,81.15,66.95,60.33,64.9
2174,Fresno ,93727,-119.7091895,36.7290408,88.7,97.24,30.88,74.97,48.31,88.52,72.06,39.82
2421,Sutter ,95991,-121.6292546,39.1196085,44.98,44.83,34.3,78.69,47.33,57.96,88.62,72.16
5128,Fresno ,93611,-119.7386631,36.8448439,88.7,95.61,33.11,0.0,44.85,39.37,10.12,58.34
4087,Los Angeles,90005,-118.3130597,34.0563607,48.45,83.81,48.76,0.0,66.56,23.47,6.02,76.62
4978,Los Angeles,93535,-118.0999054,34.7059962,88.7,5.96,11.18,0.0,6.96,99.1,96.36,92.51
3488,Los Angeles,91602,-118.3655446,34.1566286,75.12,62.07,93.27,0.0,87.84,24.45,13.35,45.06
6014,Stanislaus ,95355,-120.9656989,37.6591088,70.28,56.89,61.18,35.31,48.99,64.47,58.0,53.48
583,Alameda ,94607,-122.277268,37.7959455,3.12,46.82,98.86,0.0,83.79,98.98,54.09,12.45
4873,Solano ,94591,-122.2216027,38.1164685,13.62,39.42,60.97,0.0,89.25,86.88,53.55,45.97
3575,Riverside ,92530,-117.4050045,33.5708213,70.62,38.81,0.68,17.14,24.28,55.82,95.68,51.95
5542,Los Angeles,91748,-117.9033277,33.9841386,64.73,83.88,74.25,0.0,50.48,22.56,28.45,91.76
3213,Los Angeles,91106,-118.1268012,34.1490435,78.01,56.37,97.8,0.0,92.91,15.93,15.99,63.24
3385,Riverside ,92860,-117.5681132,33.9219056,79.99,91.82,25.26,0.0,24.14,23.18,75.22,26.67
8987,San Bernardino,92337,-117.4512207,34.0404498,97.0,93.68,50.49,0.0,9.2,46.49,60.71,40.34
6423,Los Angeles,91103,-118.1462036,34.1752067,79.99,59.43,57.95,0.0,22.4,41.46,23.59,77.41
4965,San Bernardino,92345,-117.2683614,34.4540611,91.05,11.1,29.56,0.0,87.0,75.77,99.24,73.89
5805,Los Angeles,90504,-118.319173,33.8792212,24.88,80.16,54.49,0.0,52.78,32.84,56.18,37.64
5809,Orange ,90630,-118.0297412,33.8305662,37.57,70.98,63.0,0.0,62.28,31.92,40.91,40.8
4695,Santa Clara,95112,-121.8919669,37.3480957,20.85,40.07,64.29,7.59,11.24,70.61,46.32,56.38
4906,Orange ,90620,-117.9934179,33.8529079,46.99,76.24,94.79,2.34,96.74,51.63,68.27,33.98
6338,Humboldt ,95521,-124.080234,40.8665615,0.19,5.39,59.68,0.0,41.15,71.55,88.45,92.68
4492,Orange ,92626,-117.8989115,33.6714514,53.73,56.76,63.3,0.0,91.55,29.3,26.15,63.77
4477,Alameda ,94603,-122.1621741,37.7408161,6.38,19.15,52.87,0.0,15.63,99.56,70.0,51.57
2370,Los Angeles,90046,-118.3472967,34.0852271,58.23,72.86,79.4,0.0,75.59,18.64,44.54,39.97
5312,Napa ,94558,-122.3154029,38.3153638,16.78,49.7,46.42,51.66,62.75,53.79,55.98,65.41
4468,San Bernardino,92316,-117.392117,34.0813583,97.6,88.82,15.38,0.0,17.83,69.53,75.12,51.09
3443,Los Angeles,91803,-118.1501366,34.0661164,66.81,79.81,94.57,0.0,86.23,31.32,18.39,59.37
8947,Los Angeles,90012,-118.2311153,34.0571168,56.96,93.2,95.86,0.0,86.25,26.33,35.9,32.05
5966,San Diego,92021,-116.9420918,32.7977009,64.73,46.97,86.07,0.0,37.89,30.56,18.87,87.19
4328,Los Angeles,90240,-118.1223634,33.9551248,50.54,87.01,80.21,0.0,58.16,35.17,59.25,40.8
3359,San Diego,92110,-117.2008368,32.7521188,32.15,49.71,92.46,0.0,73.51,36.45,14.01,66.68
8593,San Mateo,94080,-122.4203403,37.6678381,10.57,24.11,30.38,24.93,8.61,60.44,36.95,34.48
6980,Orange ,90620,-118.0275847,33.8534538,42.56,72.89,82.81,0.0,96.2,39.82,55.72,13.73
4761,Sacramento ,95670,-121.2967505,38.5983186,62.53,34.2,38.2,0.0,12.43,78.17,81.52,54.79
5104,Los Angeles,91501,-118.2959084,34.1865849,79.99,68.01,27.14,0.0,6.25,31.57,45.87,50.24
5051,San Mateo,94005,-122.4084093,37.6877413,7.52,24.7,54.0,34.62,81.13,47.21,22.82,15.03
5431,San Diego,92154,-117.0636964,32.5783698,29.89,92.4,48.43,0.0,19.55,53.03,45.46,81.62
2580,Shasta ,96007,-122.352295,40.4748672,42.56,52.57,25.4,44.93,27.8,54.6,82.48,80.64
5088,Los Angeles,91351,-118.4898281,34.4151371,95.27,49.14,64.82,0.0,71.39,48.79,47.76,33.0
6458,Los Angeles,90041,-118.2043862,34.1452669,72.83,61.98,76.39,5.48,97.8,39.38,37.75,34.7
2293,Los Angeles,90066,-118.4165623,34.0053553,42.56,68.26,84.16,0.0,97.94,24.9,28.12,38.13
5371,Riverside ,92548,-117.1147818,33.7737277,95.27,47.14,9.52,37.97,36.49,42.29,53.9,64.72
1981,San Joaquin,95377,-121.4377118,37.6257014,61.03,26.8,15.68,83.83,25.45,25.22,50.56,21.27
9269,Yolo ,95776,-121.6576581,38.6961871,51.96,23.92,17.16,85.93,11.2,60.06,69.95,28.17
3628,Los Angeles,91344,-118.5101489,34.2748338,97.0,57.54,64.31,12.72,96.31,56.63,54.49,19.6
8712,Glenn ,95963,-122.1823274,39.744188,42.76,9.83,30.58,81.34,22.73,51.72,60.71,80.41
8161,Riverside ,92585,-117.2214271,33.7377126,91.05,51.38,21.54,70.17,74.09,48.75,78.17,46.82
3330,Orange ,92704,-117.9331,33.7416273,46.99,72.17,32.96,0.0,61.41,31.82,19.68,69.35
4129,San Joaquin,95304,-121.3122819,37.7017335,64.85,46.02,34.61,86.76,10.6,24.38,27.94,54.03
7570,Santa Clara,94085,-122.0216787,37.3922706,16.78,18.36,82.14,0.0,90.1,16.7,28.29,38.91
3421,Los Angeles,90034,-118.4064763,34.0209031,44.98,66.11,91.43,0.0,70.88,36.3,47.62,43.14
4120,San Diego,91977,-117.0050292,32.7112382,42.56,52.08,70.48,0.0,75.91,70.5,48.63,65.08
3320,Riverside ,92225,-114.5838963,33.6142234,20.85,52.52,29.14,72.59,2.09,82.51,98.18,64.17
4985,Los Angeles,90065,-118.2299818,34.1284623,69.32,69.96,71.23,0.0,90.83,51.32,19.58,25.98
2582,Ventura ,93010,-119.0342535,34.2219343,35.16,42.23,75.99,97.1,54.78,35.78,47.18,49.31
2850,Contra Costa,94805,-122.322249,37.93966,3.83,38.64,91.45,24.17,86.03,78.53,44.18,18.18
3891,San Francisco,94107,-122.4011589,37.7820284,3.12,27.92,99.59,0.0,84.31,73.55,22.92,79.66
4843,Los Angeles,90804,-118.1434676,33.7857845,24.88,63.01,56.44,0.0,66.6,85.29,69.44,38.91
6658,San Diego,92139,-117.0452492,32.6786956,32.15,52.02,49.35,0.0,49.76,58.92,53.61,61.91
2648,Solano ,95620,-121.7998024,38.4198882,37.78,17.19,18.03,86.38,44.13,57.34,44.13,26.38
4597,Amador ,95640,-120.9220547,38.2814338,64.85,35.51,3.45,53.66,4.59,73.31,86.44,52.71
1547,San Diego,91932,-117.1255468,32.5854741,24.88,60.31,58.18,0.0,30.7,62.29,55.65,43.14
6344,Mendocino ,95490,-123.3671818,39.4223312,13.62,8.31,19.34,0.0,20.24,92.81,40.19,80.52
2928,Contra Costa,94530,-122.3059348,37.917033,3.12,36.15,83.16,0.0,20.84,41.97,19.48,56.22
4758,Los Angeles,90503,-118.3368653,33.8428957,24.88,77.11,41.99,66.72,72.18,19.75,31.97,18.18
4258,Orange ,92706,-117.860883,33.7674578,56.96,71.92,85.34,0.0,99.64,30.07,14.99,37.64
5901,Orange ,92804,-117.9588851,33.8214013,46.99,76.68,25.44,16.21,27.84,62.43,64.23,40.55
2843,San Francisco,94108,-122.4093492,37.7946971,3.12,30.88,92.84,0.0,25.29,9.12,0.75,73.89
3214,San Joaquin,95207,-121.3395677,37.9919111,44.98,54.03,76.23,37.0,80.98,93.62,80.27,53.48
6481,San Diego,92027,-117.0640169,33.1335333,53.73,17.06,60.73,0.0,28.68,23.34,26.62,85.18
5781,San Bernardino,92336,-117.4447262,34.1102338,97.6,90.94,47.26,0.0,53.59,29.7,61.69,79.2
5806,Orange ,92708,-117.9248182,33.7239938,48.45,67.67,36.84,0.0,65.96,22.12,33.55,46.82
6928,Los Angeles,93550,-118.0850295,34.565463,88.7,12.07,10.9,0.0,28.78,96.6,95.65,75.11
3242,San Diego,91910,-117.0732999,32.6512908,26.7,50.64,87.19,0.0,72.09,42.97,20.34,47.75
4512,Marin ,94901,-122.5205522,37.9610288,6.38,20.22,57.11,0.0,76.2,27.6,33.0,47.5
7227,Santa Clara,95020,-121.5817971,37.0230024,32.15,4.74,68.9,77.69,22.19,68.13,76.17,47.75
3738,San Francisco,94134,-122.4112834,37.7135251,6.38,31.7,60.32,7.55,13.79,77.18,33.5,38.91
3833,Los Angeles,90046,-118.3590366,34.0982925,62.53,67.75,52.71,0.0,72.13,20.46,56.46,52.88
3311,Los Angeles,90602,-118.0292523,33.9679116,62.53,75.58,59.38,0.0,65.8,63.43,70.15,42.11
5539,Ventura ,93036,-119.1903853,34.224257,26.7,35.91,21.05,0.0,36.94,49.25,48.22,78.45
5670,San Bernardino,92377,-117.4255984,34.1650715,98.67,76.09,15.48,0.0,15.94,54.64,79.32,39.62
3773,Alameda ,94544,-122.0697491,37.6348665,13.62,30.17,47.7,0.0,56.41,93.99,90.15,65.93
4507,San Bernardino,92314,-116.8481795,34.2528568,98.67,2.83,10.06,0.0,5.04,61.79,90.5,73.0
6234,San Diego,92025,-117.0779507,33.1142976,50.54,16.19,66.45,0.0,25.7,46.31,47.62,76.11
6388,San Diego,92117,-117.1850238,32.8402976,39.99,42.07,76.59,48.83,77.23,43.05,33.5,34.48
10070,Contra Costa,94513,-121.7320102,37.9471133,37.57,29.86,50.3,75.9,65.46,66.74,70.15,19.6
5528,San Diego,91977,-116.9969521,32.7405936,46.99,50.18,39.27,0.0,21.0,70.5,48.63,61.08
5274,Orange ,90720,-118.0632084,33.8013108,29.89,66.55,28.97,0.0,73.14,27.33,41.85,52.41
3006,Los Angeles,90041,-118.2164099,34.1257206,69.32,67.65,56.73,0.0,64.38,33.03,27.74,65.41
5636,Orange ,92704,-117.9244479,33.741693,48.45,70.78,39.91,0.0,71.79,37.45,27.82,93.67
3265,Alameda ,94541,-122.1005196,37.6619708,11.56,31.76,97.46,0.0,96.81,84.9,66.86,48.92
4559,Riverside ,92543,-116.960699,33.7312673,91.05,37.82,17.17,0.0,34.53,78.19,76.76,93.25
3772,Orange ,92708,-117.9329082,33.7235974,46.99,62.81,30.48,0.0,60.0,27.23,49.64,21.51
3479,Shasta ,96019,-122.3702773,40.6711236,53.73,20.45,57.55,27.86,10.55,75.77,94.13,87.09
5309,Alameda ,94546,-122.0828322,37.6982784,11.56,31.01,66.61,0.0,42.24,70.6,58.21,54.79
3632,Los Angeles,90025,-118.4621616,34.0375502,53.73,65.5,80.54,0.0,66.7,13.41,27.02,46.82
3761,Tulare ,93277,-119.3028348,36.3092952,88.7,98.56,15.51,46.17,26.68,50.91,59.12,60.21
8956,Ventura ,93030,-119.1858676,34.2135354,24.88,35.72,53.84,0.0,53.45,65.47,59.68,63.91
6121,San Bernardino,91764,-117.5652839,34.0754307,91.05,95.89,93.02,0.0,92.54,29.19,44.35,61.55
3201,Alameda ,94605,-122.1709595,37.7646056,6.38,29.0,36.99,0.0,13.51,99.63,79.46,75.4
5522,Sacramento ,95825,-121.4060948,38.5851649,50.54,40.32,52.35,0.0,23.0,85.07,34.96,89.51
4655,Humboldt ,95540,-124.1377835,40.5984451,7.52,4.77,16.09,58.55,2.8,91.36,99.58,77.2
5388,Los Angeles,93536,-118.1746568,34.6821498,88.7,9.99,41.59,0.0,43.75,69.29,59.63,53.87
12332,San Bernardino,91709,-117.7039952,33.9705846,70.52,91.45,44.88,0.0,44.91,20.99,52.82,46.82
5702,Yuba ,95961,-121.5468773,39.0841363,39.99,22.7,63.12,85.31,36.01,48.12,97.57,77.31
5140,Los Angeles,91740,-117.8724805,34.1120835,82.48,79.27,63.76,14.72,77.95,56.97,58.54,32.79
5280,Los Angeles,90601,-118.0364753,33.9861018,64.73,75.68,29.53,0.0,24.23,64.37,91.16,62.59
2123,Los Angeles,91791,-117.8984872,34.0628294,75.12,86.57,61.63,0.0,26.1,50.32,61.37,34.48
4456,San Diego,92114,-117.0628402,32.7058788,32.15,51.36,33.34,0.0,11.33,92.58,69.42,60.45
4856,San Francisco,94110,-122.4139453,37.7511975,6.38,25.64,98.37,0.0,30.69,74.21,36.42,57.01
1696,Contra Costa,94565,-121.9168577,38.0162998,32.15,33.12,65.34,0.0,79.58,97.88,88.42,23.17
5365,Los Angeles,91364,-118.6249487,34.1554628,76.94,54.11,57.67,29.07,93.03,26.37,41.03,30.04
1161,Los Angeles,90230,-118.4045296,33.9992665,39.99,69.57,57.64,0.0,99.71,54.76,60.28,23.66
5420,Los Angeles,91342,-118.429739,34.3230145,97.6,53.38,36.33,0.0,60.4,63.82,45.13,54.38
3938,San Bernardino,92376,-117.39214,34.0886323,98.67,88.62,38.81,0.0,22.1,75.22,84.72,41.48
3630,Orange ,92869,-117.8185009,33.7920455,56.96,74.05,38.21,0.0,47.81,24.49,32.9,56.07
5884,Santa Clara,95126,-121.9145491,37.3334189,20.85,34.01,80.14,0.0,30.38,53.65,47.32,40.8
2973,San Luis Obispo,93401,-120.6603827,35.2563505,14.92,11.3,43.5,72.31,79.39,40.55,16.84,51.57
4744,Alameda ,94577,-122.1656193,37.7308826,6.38,19.4,94.56,0.0,45.65,83.01,55.53,25.25
3477,Los Angeles,91403,-118.4552476,34.1549353,78.01,69.78,92.97,0.0,99.85,47.64,82.0,29.21
3775,Contra Costa,94561,-121.7134904,38.0217527,35.16,27.32,39.54,57.52,19.81,83.9,85.97,30.04
6443,Los Angeles,90405,-118.4861752,34.005774,48.45,65.99,77.04,0.0,56.56,30.4,41.95,42.11
5963,Colusa ,95987,-122.2818535,39.1078478,32.17,6.14,7.07,87.0,3.3,37.52,77.99,69.72
8502,Tuolumne ,95327,-120.4335241,37.9315151,75.12,24.98,8.04,25.41,10.26,66.65,78.96,67.45
5710,Sacramento ,95842,-121.362801,38.6718268,60.66,34.36,45.49,0.0,37.61,86.94,70.23,97.05
7927,Los Angeles,91711,-117.7163166,34.1151327,91.05,93.6,78.2,45.03,75.86,29.44,45.54,33.54
4450,Humboldt ,95501,-124.1513984,40.8025436,0.19,5.46,64.63,0.0,26.04,93.83,94.13,84.7
5274,Sacramento ,95758,-121.466027,38.4423863,37.57,26.91,43.07,55.52,75.76,59.83,76.76,51.57
1604,San Joaquin,95242,-121.3575793,38.1241929,45.14,47.58,33.38,89.34,20.68,34.66,64.42,47.75
5458,Sacramento ,95670,-121.2817018,38.6120369,63.29,31.71,51.62,0.0,38.29,78.17,81.52,68.27
9833,Ventura ,93036,-119.1656216,34.2505709,29.89,36.09,69.82,98.21,89.31,48.72,47.18,32.49
4991,San Diego,92154,-117.0554913,32.586813,29.89,84.99,59.8,0.0,69.99,36.48,19.2,27.85
4083,Butte ,95966,-121.5065211,39.3923244,68.18,10.84,6.92,83.97,2.23,47.13,73.28,59.82
6764,Placer ,95678,-121.275694,38.7645742,65.36,16.43,62.44,0.0,80.24,46.25,83.64,42.61
4087,Los Angeles,91402,-118.4516702,34.2450202,97.0,64.98,34.65,0.0,44.45,48.23,20.38,81.49
4485,Alameda ,94578,-122.1335017,37.7021541,10.57,28.0,72.06,0.0,51.36,93.01,72.27,17.49
7466,San Mateo,94014,-122.4640012,37.7052459,10.57,23.9,85.29,26.48,83.0,58.67,38.11,31.73
6061,San Joaquin,95220,-121.2708622,38.1980539,50.99,46.61,27.34,89.17,25.53,25.3,31.29,62.47
6040,Sacramento ,95834,-121.5403508,38.6360432,51.9,30.57,40.66,74.1,73.06,74.41,77.94,63.24
5219,Los Angeles,91607,-118.4045529,34.1619336,78.01,62.04,54.5,0.0,82.74,41.6,78.03,30.04
5645,Tehama ,96080,-122.2068646,40.1913614,64.73,6.04,32.26,92.79,36.86,87.16,98.02,83.87
2689,Riverside ,92543,-116.9826738,33.7376041,93.63,45.92,17.21,0.0,9.5,94.13,96.22,88.37
18877,Kern ,93311,-119.0986803,35.3050623,93.63,99.28,49.83,18.9,25.16,56.17,75.96,52.41
3073,Alameda ,94710,-122.2965391,37.8733005,3.12,39.17,77.52,0.0,31.24,81.09,46.83,35.57
3046,Los Angeles,90034,-118.3968111,34.032045,46.99,70.23,83.91,0.0,92.6,30.46,40.83,41.48
5748,Los Angeles,91104,-118.1369963,34.1634006,78.01,59.14,33.76,0.0,40.95,38.33,33.0,70.67
4818,San Joaquin,95376,-121.4440468,37.7436587,60.66,41.42,55.28,38.03,59.54,89.98,74.58,60.01
3700,Los Angeles,90004,-118.3181008,34.0798577,53.73,74.3,74.85,0.0,64.58,59.21,57.13,52.88
3217,Los Angeles,93550,-118.1039305,34.5617295,88.7,16.03,29.79,0.0,33.5,96.6,95.65,68.27
6720,San Luis Obispo,93444,-120.4790939,35.0336698,11.56,15.51,39.0,97.59,56.91,48.14,50.9,38.33
4644,San Bernardino,91761,-117.6187363,34.025502,82.48,98.57,43.7,0.0,97.28,61.64,82.13,34.7
4221,Los Angeles,91001,-118.1576938,34.1943756,82.48,59.81,14.64,31.38,6.2,39.67,22.99,41.91
6061,San Diego,91910,-117.0798163,32.6248441,24.88,52.33,44.68,0.0,46.34,47.56,21.44,70.84
4950,Los Angeles,91722,-117.9315739,34.0915037,79.99,75.2,39.42,0.0,33.53,47.26,41.75,30.04
6189,Orange ,90630,-118.052434,33.834964,37.57,69.51,58.9,0.0,35.26,24.1,27.5,36.42
6300,Sacramento ,95828,-121.3784794,38.4645729,44.98,30.03,51.16,0.97,61.89,79.24,73.75,42.9
2648,Sacramento ,95670,-121.3171784,38.5877273,57.77,37.08,41.89,0.0,13.59,46.34,44.35,89.51
8118,San Bernardino,92399,-117.0713358,34.0195359,100.0,49.67,82.08,29.66,67.48,39.16,73.18,52.41
4989,San Diego,92123,-117.1415783,32.8259958,42.56,33.48,89.99,32.41,78.7,48.27,20.64,18.91
6052,Santa Clara,95126,-121.9208804,37.3194479,20.85,29.93,86.67,0.0,87.08,37.3,32.9,55.69
4188,Los Angeles,93535,-118.1012713,34.681794,88.7,7.68,22.6,0.0,19.38,99.1,96.36,68.27
4273,Los Angeles,91006,-118.0204,34.1024524,79.99,73.37,36.91,0.0,26.81,6.74,1.45,62.66
2552,Orange ,92833,-117.9637238,33.8637759,50.54,79.33,47.36,0.0,31.65,43.39,32.32,39.82
7552,Los Angeles,91344,-118.5157706,34.261129,95.27,63.73,25.82,0.0,28.66,21.52,14.89,62.84
1981,Los Angeles,91206,-118.2004184,34.1541923,74.1,59.94,34.88,16.07,99.8,28.94,56.61,5.8
6105,Riverside ,92591,-117.1477073,33.5170351,74.1,39.49,36.73,0.0,83.23,37.9,94.27,45.36
7535,Orange ,92805,-117.8911492,33.8123155,51.9,84.08,86.58,3.69,84.88,38.76,18.26,54.23
1738,Riverside ,92234,-116.4872959,33.8222736,88.7,6.16,25.25,0.0,49.25,27.36,33.29,93.28
4702,Los Angeles,90501,-118.3240449,33.813981,22.19,75.56,38.58,0.0,50.28,63.37,44.53,18.91
507,San Francisco,94134,-122.4191554,37.7162957,6.38,23.95,62.91,2.24,5.28,47.88,8.45,90.74
1404,San Bernardino,92315,-116.8823112,34.2507714,98.67,2.84,12.48,0.0,26.2,87.31,99.63,65.08
18685,San Bernardino,91710,-117.6701483,33.9825562,74.1,93.12,88.14,83.62,23.08,14.1,19.48,36.98
5088,San Francisco,94134,-122.4121411,37.7315763,6.38,25.58,99.39,14.31,89.74,69.12,24.0,32.05
1811,San Diego,92110,-117.2061684,32.745617,32.15,49.94,53.64,0.0,70.84,19.17,5.96,81.76
4082,Orange ,92841,-117.9631284,33.7958279,44.98,73.93,26.36,0.0,49.45,20.21,17.24,91.61
5860,Los Angeles,90638,-118.016038,33.9092096,53.73,79.64,35.44,0.0,45.43,37.18,73.28,50.68
7966,Riverside ,92562,-117.1918902,33.565141,76.94,39.43,61.84,8.45,92.7,40.2,94.43,45.2
3458,Los Angeles,91042,-118.2941635,34.2428534,91.05,56.14,45.54,0.0,93.35,15.28,38.66,48.73
10810,Riverside ,91752,-117.5548004,33.9688013,84.58,94.28,79.43,64.66,83.08,22.23,59.35,10.44
6076,Lake ,95453,-122.8861893,38.9890591,14.92,0.51,16.88,81.17,5.08,78.56,54.36,76.87
4103,Los Angeles,91780,-118.0429074,34.0958571,76.94,71.71,27.83,0.0,19.68,19.09,14.52,36.28
3825,Orange ,92807,-117.8078596,33.8523243,55.38,84.09,90.99,0.0,99.3,27.82,52.55,6.73
8018,Orange ,92804,-118.0152258,33.8245773,39.99,69.38,35.43,0.0,43.54,23.59,21.3,65.84
6262,Los Angeles,91755,-118.1143942,34.0509646,66.81,79.43,46.67,0.0,20.93,12.04,4.08,50.24
4955,Alameda ,94602,-122.2079568,37.7936085,3.12,39.54,68.39,0.0,87.01,72.42,11.39,77.58
2392,Los Angeles,91602,-118.3727317,34.1442858,72.55,61.66,84.18,25.55,91.45,18.01,14.28,31.73
5200,Orange ,92780,-117.8147887,33.7284876,60.66,70.32,81.95,0.0,93.05,38.56,48.39,33.2
4681,Stanislaus ,95357,-120.9254717,37.6449218,70.28,59.68,74.34,0.0,33.45,66.06,64.13,56.07
3751,San Mateo,94063,-122.2076803,37.5128606,7.52,15.48,46.37,0.0,97.26,56.84,17.58,52.88
5567,Los Angeles,90503,-118.349124,33.8403641,24.88,74.0,85.45,0.0,75.75,21.09,36.94,53.48
3108,Los Angeles,90710,-118.3038284,33.8111773,20.85,73.19,81.62,0.0,66.4,55.97,31.97,11.95
6123,Kern ,93313,-119.0655635,35.3070654,93.63,99.75,23.95,0.0,44.19,64.69,83.89,57.3
6988,Santa Cruz,95076,-121.7451776,36.9514486,17.65,3.36,22.75,98.38,18.11,54.52,32.49,70.44
6841,Humboldt ,95521,-124.0989799,40.8875919,0.19,4.82,18.63,80.66,31.25,75.36,92.85,91.04
1706,Napa ,94559,-122.287051,38.3052531,20.85,51.33,36.18,18.28,28.45,47.18,38.24,66.31
4925,Santa Clara,95111,-121.8373674,37.3016723,24.88,23.37,42.92,0.0,78.14,51.03,29.5,57.3
5810,Los Angeles,91423,-118.439318,34.160869,79.99,64.94,76.13,0.0,97.53,15.53,46.59,32.79
3630,Alameda ,94603,-122.1571742,37.7453063,6.38,19.5,40.24,0.0,14.51,99.34,60.06,62.35
6788,Riverside ,92553,-117.2132757,33.9283078,98.67,59.91,41.24,29.93,47.8,66.38,83.3,69.35
4416,Santa Barbara,93436,-120.4449545,34.6429274,3.83,9.36,44.93,82.59,13.66,56.12,71.05,65.84
3632,Los Angeles,90005,-118.3261907,34.0585147,50.54,80.52,28.7,0.0,69.35,24.04,9.41,48.92
3121,Los Angeles,93550,-118.0672703,34.5618494,88.7,25.84,6.35,0.0,21.61,92.12,83.18,86.38
2531,Los Angeles,90042,-118.2092262,34.1216662,69.32,69.21,26.04,0.0,4.69,40.03,31.29,75.98
4160,Solano ,94533,-122.0232104,38.2665083,24.88,20.86,21.24,0.0,40.5,98.06,81.09,70.34
3835,Los Angeles,90035,-118.371949,34.0482451,50.54,66.36,65.04,0.0,65.28,31.78,27.07,48.92
5553,Los Angeles,91791,-117.9155583,34.0796741,76.94,78.47,75.27,0.0,86.4,40.12,34.48,20.1
7949,San Bernardino,92336,-117.5015528,34.1223865,97.0,91.9,59.33,0.0,78.55,24.55,59.55,32.05
3344,San Diego,92101,-117.1642671,32.7293426,29.89,50.47,94.7,0.0,50.16,68.23,20.03,37.64
3159,Santa Cruz,95076,-121.7939493,36.9384816,16.78,3.78,28.04,85.45,38.98,32.22,11.93,71.09
4364,Tulare ,93277,-119.3866306,36.3125416,88.7,98.31,51.2,75.0,62.08,50.52,58.54,19.89
4379,Santa Clara,95121,-121.8288535,37.3046588,24.88,27.01,73.71,0.0,95.78,51.32,47.88,51.57
7096,San Francisco,94112,-122.4571446,37.7147206,7.52,26.6,97.27,0.0,80.05,58.24,31.68,53.27
3757,Los Angeles,90232,-118.3858998,34.0125885,42.56,66.4,54.29,10.24,80.78,42.01,39.81,18.44
3429,San Joaquin,95215,-121.1809166,38.0018256,50.54,51.28,19.42,93.17,5.14,43.27,72.43,75.11
3493,Los Angeles,90245,-118.4041547,33.9200287,29.89,72.47,83.27,13.93,76.69,12.76,22.05,22.47
5993,Los Angeles,90025,-118.4560691,34.0413355,53.73,65.5,90.77,0.0,62.8,13.67,34.18,62.07
5228,San Bernardino,91786,-117.6607366,34.1142472,91.05,97.86,26.92,0.0,27.29,70.71,82.84,33.98
5769,San Francisco,94110,-122.4125093,37.7607261,3.83,23.29,98.29,0.0,27.93,74.21,36.42,47.32
2961,Los Angeles,91344,-118.5070136,34.2863224,97.0,55.66,31.05,4.38,88.81,59.63,57.89,13.73
5516,Santa Clara,94089,-121.9911728,37.4003921,16.78,21.1,85.38,0.0,95.99,35.9,26.89,18.18
10849,Orange ,92618,-117.7750436,33.6725059,62.53,57.05,80.46,89.24,90.69,24.96,31.46,14.48
5684,Orange ,92683,-117.9548828,33.7485828,42.56,68.87,47.09,0.0,58.19,22.63,26.76,56.67
5285,Los Angeles,90036,-118.3504042,34.0680052,53.73,71.55,71.81,0.0,59.71,27.98,49.17,50.24
3020,San Mateo,94066,-122.4257557,37.6331747,10.57,26.29,75.01,0.0,88.44,70.26,52.73,28.86
3820,San Bernardino,92407,-117.3520808,34.2700821,98.72,50.24,9.22,0.0,55.91,44.42,55.31,44.41
3406,Los Angeles,90717,-118.3166168,33.803864,20.85,72.66,50.03,0.0,47.51,44.5,35.32,39.97
3872,Riverside ,92545,-116.9908966,33.716662,91.05,39.83,18.2,80.03,15.73,57.32,68.1,66.31
2596,Los Angeles,90020,-118.3184531,34.0653405,50.54,79.96,50.79,0.0,69.76,39.58,44.01,22.22
4477,San Francisco,94111,-122.4040647,37.7955998,3.12,30.88,96.37,0.0,16.88,7.51,0.1,96.62
4210,Butte ,95966,-121.5309393,39.429744,70.52,12.25,2.84,70.24,1.68,53.07,84.32,90.36
4773,San Diego,91911,-117.048661,32.6155251,29.89,52.86,73.83,0.0,74.48,73.48,50.02,54.03
2488,Sutter ,95659,-121.5333668,38.854825,59.9,17.98,15.1,92.52,12.28,20.7,46.65,50.68
6096,Sacramento ,95834,-121.5172959,38.6442309,53.73,31.24,68.45,0.0,84.69,75.02,81.27,49.31
4724,Santa Clara,95132,-121.8789262,37.4093875,20.85,22.17,91.69,0.0,84.85,15.22,18.62,40.8
2827,Kern ,93524,-117.8740532,34.9163282,84.58,5.9,1.58,0.0,22.33,34.23,84.42,55.87
5157,San Diego,92139,-117.0608884,32.6836181,29.89,51.51,25.08,0.0,11.14,53.68,41.75,54.23
4469,Los Angeles,90802,-118.1697407,33.7718291,20.85,63.83,42.39,0.0,36.3,63.97,39.46,59.66
3906,Alameda ,94608,-122.2946582,37.8400768,3.12,44.01,99.35,0.0,88.73,95.81,39.32,17.19
2760,Los Angeles,91792,-117.8980812,34.0224507,69.32,85.82,48.64,0.0,64.03,56.59,57.2,40.34
5346,Orange ,92683,-117.9678131,33.7375673,39.99,63.24,38.13,32.48,56.43,32.78,46.75,70.13
5838,Alameda ,94544,-122.0596258,37.6270608,13.62,30.98,50.06,0.0,39.78,93.99,90.15,36.28
3448,Orange ,92705,-117.841268,33.7634533,57.77,74.65,60.24,18.1,56.39,39.74,36.49,67.17
6459,Santa Clara,95035,-121.9129194,37.4356863,20.85,19.6,78.51,0.0,92.26,23.83,42.81,23.66
2971,Solano ,95688,-121.9717589,38.3742945,35.16,11.51,56.23,28.48,63.24,89.18,70.6,49.31
4277,Los Angeles,90036,-118.348502,34.0748535,55.38,70.88,46.19,0.0,75.6,27.98,49.17,16.56
5468,Stanislaus ,95355,-120.9635795,37.6841105,69.32,56.29,26.76,0.0,45.88,74.41,72.41,59.82
5067,Los Angeles,91367,-118.6298536,34.1674127,76.94,54.44,49.7,0.0,89.09,24.54,43.41,16.32
5132,Santa Clara,95122,-121.8397083,37.3225762,24.88,35.57,83.5,0.0,99.41,79.47,66.44,51.75
4265,Orange ,92683,-118.0301153,33.7704951,32.15,65.76,88.64,0.0,99.34,22.83,30.75,53.87
8517,San Diego,92040,-116.9338156,32.8444269,69.32,44.33,34.47,0.0,47.18,37.43,36.69,62.66
4577,Los Angeles,91792,-117.9154705,34.0455304,72.55,86.92,30.12,48.34,8.96,36.83,28.61,29.74
3485,Los Angeles,91367,-118.6059583,34.1810129,79.99,58.39,62.79,64.34,43.1,39.49,68.71,22.47
5947,San Joaquin,95366,-121.1158332,37.7850141,59.85,52.83,36.98,97.31,21.18,36.74,46.16,35.15
3338,Sacramento ,95825,-121.4084122,38.577969,50.54,36.91,76.68,0.0,47.48,90.07,44.13,88.73
10078,San Diego,92115,-117.0626516,32.7715642,42.56,47.83,79.09,0.0,69.31,43.15,15.53,98.79
3128,Los Angeles,90027,-118.2785167,34.1087422,62.53,78.46,30.96,0.0,48.8,29.06,60.06,42.9
3152,Amador ,95642,-120.7391956,38.3175704,66.81,24.62,2.83,36.41,9.95,94.25,83.24,40.8
3370,San Diego,91945,-117.0325983,32.7243261,37.57,50.57,14.75,0.0,13.49,76.68,43.46,43.14
4191,Orange ,92833,-117.9459428,33.8604798,50.54,81.66,76.5,0.0,96.25,27.49,9.14,50.01
7763,Riverside ,92592,-116.9857528,33.5633922,78.26,11.33,9.14,55.38,4.39,29.13,72.08,39.97
7333,Los Angeles,93535,-118.0902169,34.678706,88.7,5.56,6.51,0.0,20.25,99.1,96.36,82.14
7229,Ventura ,93030,-119.1527473,34.2125244,26.7,37.77,36.95,98.07,72.44,71.88,67.7,24.92
4400,Los Angeles,91780,-118.060063,34.1103131,78.01,67.47,14.11,22.93,25.44,16.05,19.58,59.37
5530,Orange ,92840,-117.9586224,33.7849481,44.98,74.75,43.66,0.0,39.75,32.85,44.3,71.09
6385,San Diego,91911,-117.0657271,32.6166605,26.7,51.1,22.95,0.0,30.95,73.48,50.02,64.72
3501,Los Angeles,91702,-117.8943529,34.1521342,91.05,62.87,37.44,12.03,8.01,79.72,76.17,50.85
2653,Los Angeles,91745,-117.9799936,34.0021077,69.32,76.15,68.33,0.0,88.55,50.76,49.83,33.54
5122,San Diego,92025,-117.0693151,33.1059882,51.9,17.4,36.81,70.38,36.98,46.31,47.62,83.58
5138,Butte ,95969,-121.6824752,39.674685,67.02,11.66,5.86,62.31,31.39,51.93,74.84,66.11
3284,Stanislaus ,95350,-120.9783229,37.6547424,70.28,57.03,39.85,30.52,30.54,73.35,50.37,60.9
3210,Sacramento ,95827,-121.3407983,38.5548044,53.73,35.79,65.18,0.0,76.59,78.55,89.1,42.61
4460,Los Angeles,91104,-118.1438322,34.1633689,78.01,58.9,37.56,0.0,25.75,20.94,9.95,90.36
6263,San Benito,95045,-121.5185873,36.8257446,17.65,1.38,36.45,82.31,59.45,35.01,34.48,35.35
5803,Los Angeles,90241,-118.1251864,33.9477159,48.45,87.19,30.7,0.0,69.13,30.43,56.88,56.85
7414,Riverside ,92509,-117.4427988,33.9933691,95.27,94.19,20.86,11.07,24.39,65.94,76.96,47.32
4675,Amador ,95685,-120.7589689,38.3970536,66.81,15.83,4.69,32.03,24.68,70.19,43.71,51.09
7213,Santa Clara,95121,-121.8211413,37.3126595,24.88,28.97,85.4,0.0,96.06,34.98,20.03,54.03
1894,Los Angeles,91202,-118.2714599,34.1750805,76.94,67.39,14.57,0.0,7.66,21.3,64.78,10.9
1396,Los Angeles,90706,-118.1201748,33.899698,39.99,73.7,39.96,0.0,48.58,71.09,78.84,36.8
5164,Contra Costa,94806,-122.3264034,37.9821375,6.38,37.0,62.54,0.0,74.45,92.22,75.55,35.75
4025,San Bernardino,92392,-117.3823277,34.4486872,91.05,32.22,57.88,0.0,83.11,84.57,99.49,67.17
4512,San Bernardino,92346,-117.1817526,34.1157924,100.0,54.56,35.72,47.83,14.64,61.52,77.58,5.92
3705,San Diego,92025,-117.0804409,33.097045,50.54,18.79,77.45,60.86,89.18,43.44,44.3,40.55
7279,Contra Costa,94531,-121.7478856,37.9715128,35.16,31.56,37.19,44.97,66.34,90.86,71.54,45.06
2577,Los Angeles,90042,-118.2030827,34.1154022,69.32,69.0,32.27,0.0,5.19,53.19,48.92,43.33
4675,Riverside ,92557,-117.2527895,33.9502452,98.67,65.9,15.43,0.0,50.91,64.44,80.42,69.82
4898,Los Angeles,90242,-118.1527452,33.9270686,42.56,77.08,45.76,0.0,57.0,41.85,73.11,30.29
3831,Sacramento ,95826,-121.394154,38.5593317,50.54,38.13,88.23,5.31,95.93,85.04,66.86,48.2
1708,San Diego,91910,-117.080293,32.6409446,24.88,49.97,73.5,0.0,23.86,67.63,48.22,94.43
2666,Los Angeles,90064,-118.4306811,34.03958,50.54,69.43,68.04,0.0,92.33,27.06,50.9,29.74
4356,San Diego,92145,-117.1173287,32.8653406,47.14,33.03,20.15,59.66,90.78,1.2,7.69,86.86
4406,San Diego,91910,-117.0709931,32.6358462,26.7,49.35,39.6,0.0,31.78,67.63,48.22,64.9
5606,Santa Barbara,93454,-120.4280342,34.9638747,10.57,11.34,61.38,0.0,42.05,86.65,52.01,87.63
4076,Los Angeles,91755,-118.1219962,34.0590071,67.9,79.89,25.0,0.0,26.54,15.15,5.55,90.16
3960,Riverside ,92879,-117.5114997,33.8930776,84.58,91.6,93.04,0.0,96.23,30.62,59.82,11.67
4553,Orange ,92637,-117.7074697,33.6045946,67.9,45.54,85.41,0.0,95.29,13.46,15.1,61.55
4959,Nevada ,95945,-121.0816502,39.2116634,79.99,2.2,19.86,30.24,20.0,72.26,47.42,65.93
2713,San Francisco,94102,-122.412097,37.7870223,3.12,28.53,96.93,0.0,31.31,55.48,3.46,53.87
4433,Tehama ,96080,-122.6497624,40.0579918,50.58,0.86,0.4,60.45,0.06,68.37,81.97,72.74
8187,San Bernardino,91708,-117.6752707,33.9605922,72.83,91.23,74.45,79.62,71.26,16.28,40.91,28.42
5469,San Diego,92139,-117.0387603,32.6835898,32.15,51.55,57.85,0.0,59.69,61.33,56.78,48.2
4707,Los Angeles,90731,-118.3025064,33.7107078,16.78,62.36,16.63,0.0,12.91,89.87,53.9,4.72
3619,Orange ,92833,-117.9505071,33.9054515,56.96,71.3,42.74,0.0,55.93,32.42,31.24,27.05
2400,Lassen ,96130,-120.5970657,40.4793841,55.38,0.67,2.2,43.69,8.03,59.81,19.2,75.3
3552,Ventura ,93033,-119.163289,34.1679536,24.88,34.26,50.39,81.48,44.59,52.38,67.49,69.08
2493,Los Angeles,91792,-117.9154818,34.0378087,71.66,86.52,13.99,50.07,27.19,44.7,39.08,32.05
3718,San Bernardino,92407,-117.3872118,34.2199541,99.07,56.81,62.09,0.0,74.55,82.24,92.21,30.04
2679,Monterey ,93901,-121.6639509,36.6706218,10.57,2.36,53.78,85.41,27.65,91.97,52.55,50.4
8788,Riverside ,92571,-117.2187833,33.8217106,97.0,53.32,13.74,35.24,42.23,65.78,91.1,90.15
3237,Yolo ,95695,-121.7701616,38.6701812,56.96,36.83,29.31,83.14,12.88,58.4,53.71,62.84
4111,Santa Clara,95112,-121.8787471,37.3465601,20.85,37.85,62.3,9.66,12.04,69.47,44.64,46.39
5770,Los Angeles,93550,-118.0731854,34.5463872,88.7,30.29,15.37,0.0,70.9,95.6,93.12,63.91
4970,San Joaquin,95336,-121.2386508,37.818579,57.77,54.29,49.33,0.0,18.83,91.01,94.27,66.68
5534,Los Angeles,91343,-118.4815974,34.2537115,97.0,63.72,47.55,0.0,79.48,69.14,41.3,50.85
5787,Los Angeles,93552,-118.0382946,34.5728969,88.7,16.0,11.0,0.0,22.23,84.96,83.55,65.7
5361,Contra Costa,94513,-121.857135,37.9316982,37.57,17.17,3.02,54.9,24.91,97.92,85.18,33.98
8328,San Bernardino,92345,-117.2971249,34.4037817,95.27,36.75,55.96,0.0,29.61,76.33,99.38,96.87
5053,Sonoma ,94952,-122.644126,38.2477398,10.57,13.42,68.0,26.34,84.93,43.17,55.26,58.51
5371,Alameda ,94580,-122.147305,37.6724681,10.57,30.6,36.05,0.0,27.81,85.44,76.57,21.72
4672,Los Angeles,91801,-118.1218022,34.1012449,72.55,63.78,67.23,0.0,21.75,32.07,29.77,56.07
3525,Sacramento ,95758,-121.3988953,38.4154629,42.56,29.15,78.76,0.0,88.05,58.9,75.62,45.97
3667,Los Angeles,91342,-118.4412741,34.3060186,97.0,54.84,31.75,0.0,27.23,67.01,45.61,69.96
6200,Los Angeles,91506,-118.3203385,34.1630509,75.3,69.84,61.31,0.0,80.84,31.43,34.01,17.49
8240,Monterey ,93908,-121.7884328,36.595286,10.57,1.61,19.93,81.76,66.95,72.28,46.9,46.18
4336,Santa Barbara,93101,-119.695588,34.4084121,20.85,13.69,81.49,0.0,60.56,13.21,2.78,73.0
8949,Santa Barbara,93458,-120.4448288,34.9423293,10.57,9.76,59.19,63.45,22.38,62.35,15.78,96.93
7147,Sonoma ,95401,-122.7367431,38.4509389,10.57,9.35,64.04,0.0,79.05,48.49,50.32,63.24
2493,Sacramento ,95621,-121.3044735,38.7183737,64.73,20.2,89.51,0.0,91.7,62.86,73.62,59.66
1940,Los Angeles,90005,-118.3053637,34.05607,48.45,83.81,63.24,0.0,48.85,15.98,7.47,85.93
9844,Kings ,93230,-119.6700353,36.3547616,82.48,98.42,41.29,80.17,15.29,94.63,98.55,29.74
5205,San Diego,91911,-117.0510608,32.623861,29.89,49.23,62.19,0.0,64.48,65.35,38.48,50.4
9625,Contra Costa,94513,-121.7074839,37.9577924,37.57,29.28,56.3,42.86,16.98,62.28,64.23,35.35
5543,Alameda ,94580,-122.1296018,37.6793691,10.57,30.67,89.78,0.0,95.04,79.64,67.21,18.44
4101,Del Norte,95531,-124.204051,41.7443155,0.19,5.14,35.32,0.0,26.51,83.74,97.97,95.0
3199,Los Angeles,90305,-118.3221115,33.9654794,35.16,79.56,38.67,0.0,61.94,88.05,65.12,25.72
5007,Kings ,93245,-119.778526,36.3207094,82.48,95.12,8.94,77.0,4.09,83.5,98.62,44.62
4402,Butte ,95926,-121.8617233,39.7297355,50.54,37.05,49.65,83.48,41.69,55.88,27.63,97.83
671,Los Angeles,90731,-118.2888293,33.773215,17.65,66.73,58.76,0.0,80.09,25.57,9.45,31.55
3045,Contra Costa,94806,-122.323644,37.9586683,6.38,36.35,91.31,16.76,81.9,73.04,40.42,56.85
6347,Los Angeles,91042,-118.2907309,34.2529724,93.63,58.22,27.88,0.0,35.06,26.53,75.46,86.38
6846,Ventura ,91362,-118.8455482,34.1750754,59.69,41.14,81.73,0.0,86.65,14.79,19.48,46.61
4943,Los Angeles,90041,-118.2088736,34.1367194,71.66,64.9,54.47,0.0,65.63,41.75,40.99,57.01
4214,Los Angeles,91745,-117.9634087,33.9886212,69.32,77.16,18.69,0.0,45.56,50.76,49.83,37.4
4336,Sacramento ,95833,-121.5308587,38.6092575,46.99,30.93,79.9,73.03,80.36,88.91,86.24,27.35
2698,Alameda ,94602,-122.2143073,37.7964782,3.12,40.78,67.74,0.0,78.05,81.03,20.86,76.87
3229,Los Angeles,90291,-118.4669749,33.9975862,46.99,65.72,55.21,0.0,59.13,29.99,22.3,39.4
3788,Santa Clara,95110,-121.9079708,37.3395861,20.85,34.64,90.02,11.93,75.98,49.93,36.49,43.73
3399,San Diego,92054,-117.3796249,33.1990594,29.89,49.84,90.68,0.0,72.53,31.14,49.34,68.63
4151,Los Angeles,90638,-118.0111713,33.9225099,56.96,74.47,32.94,0.0,56.04,26.2,54.36,32.05
6864,Sonoma ,95401,-122.7327641,38.4410975,10.57,9.27,66.2,0.0,77.4,64.23,71.05,50.85
3203,Los Angeles,90035,-118.3706043,34.0557841,50.54,66.27,44.36,0.0,73.99,25.85,20.34,36.98
4549,Los Angeles,91364,-118.5976916,34.1634518,78.01,62.5,79.66,0.0,94.39,33.46,53.5,42.41
1398,San Bernardino,92314,-116.9502352,34.3019952,98.72,4.46,4.18,0.0,3.34,59.05,82.44,56.22
4099,Ventura ,93066,-119.0146271,34.2976284,42.59,34.79,17.06,97.0,8.23,27.46,22.06,41.48
4966,Orange ,90620,-118.0282835,33.842788,39.99,72.26,26.99,0.0,68.33,39.89,55.65,17.19
2958,Los Angeles,91745,-117.9490627,33.9934354,69.32,81.61,64.84,0.0,85.49,50.76,49.83,32.79
6350,San Diego,92115,-117.0728017,32.7542098,37.57,48.76,38.83,0.0,49.01,45.56,15.93,74.05
2548,Riverside ,92544,-116.9237749,33.7476958,93.63,22.02,72.71,54.72,6.89,78.04,93.91,78.77
5083,Los Angeles,91325,-118.5112305,34.2394391,93.63,85.09,29.92,0.0,69.69,71.54,78.5,4.17
1790,Los Angeles,91201,-118.2869319,34.1752478,76.94,68.43,53.96,0.0,10.8,32.8,58.0,28.86
4745,Orange ,92821,-117.8944394,33.9264693,56.96,87.13,68.71,0.0,87.39,33.0,52.62,37.4
1163,San Bernardino,92315,-116.9082131,34.2412057,98.67,3.1,22.03,0.0,37.95,88.36,99.7,86.62
5031,Orange ,90631,-117.963138,33.9427646,62.53,76.55,42.56,0.0,62.33,46.65,60.17,20.8
9353,Riverside ,92236,-116.1910765,33.6669317,88.7,8.41,36.03,68.1,10.59,63.48,84.9,95.18
5951,Orange ,92780,-117.8109989,33.7195162,60.66,71.26,70.77,0.0,85.46,36.67,45.13,18.18
3647,Orange ,92647,-117.9808564,33.7191973,37.57,60.14,70.11,54.07,94.06,33.44,27.89,25.43
4147,Orange ,92866,-117.8365359,33.7932453,56.96,75.66,76.6,0.0,95.49,21.64,21.87,62.84
6458,San Bernardino,92345,-117.3367128,34.4570286,91.05,15.87,35.48,0.0,91.93,71.57,97.78,84.77
2810,Los Angeles,90005,-118.3069674,34.0586417,48.45,83.81,68.92,0.0,68.96,22.26,14.1,77.06
2219,Orange ,92831,-117.9180817,33.8797568,53.73,86.26,15.01,0.0,36.03,43.08,24.66,56.38
6492,Los Angeles,90603,-117.9846451,33.9356035,59.69,75.71,29.36,0.0,56.94,38.8,72.87,19.89
4307,Lake ,95453,-122.9648682,39.0413206,14.92,0.73,10.89,77.62,7.51,81.26,58.92,77.31
5751,Orange ,92706,-117.8825621,33.7749556,53.73,75.18,89.33,0.0,99.76,33.82,18.83,60.01
5927,San Joaquin,95366,-121.123891,37.7341456,63.29,54.42,82.84,90.97,52.41,38.4,48.39,40.55
4917,Sacramento ,95838,-121.4462256,38.6623406,56.96,33.39,33.65,3.66,16.0,97.47,97.93,59.08
4411,Monterey ,93933,-121.7902463,36.6807321,10.57,2.56,25.59,80.48,35.58,75.46,43.96,73.32
10318,Los Angeles,91387,-118.4506856,34.4133059,97.0,51.19,50.77,0.0,89.34,45.66,38.96,73.76
1835,Los Angeles,91724,-117.8519093,34.0625659,74.1,87.57,58.0,26.59,98.19,10.56,4.72,35.93
5106,Ventura ,93003,-119.2022525,34.268934,32.15,35.73,68.09,95.24,53.24,42.25,20.5,64.17
3254,Fresno ,93704,-119.8083939,36.815613,82.48,96.07,49.52,0.0,40.19,79.01,29.05,27.05
5736,Ventura ,93063,-118.6739309,34.2747162,78.01,41.43,60.82,0.0,82.08,54.52,61.58,35.75
5233,Solano ,94533,-122.0011752,38.2600765,26.7,18.54,21.95,0.0,33.69,95.21,78.25,50.52
6687,Ventura ,93033,-119.1912826,34.1819816,24.88,32.48,26.02,9.38,37.91,52.38,67.49,80.52
4734,Los Angeles,91040,-118.3073883,34.2633843,93.63,57.29,18.61,0.0,35.11,37.56,50.07,40.55
6346,Mendocino ,95490,-123.3637722,39.4627841,13.62,5.08,2.96,36.28,7.06,91.03,36.69,65.84
6652,Contra Costa,94561,-121.7056533,37.9837121,35.16,29.09,58.31,59.21,15.78,83.9,85.97,57.63
5368,Los Angeles,91750,-117.7643631,34.1170701,88.7,91.99,74.0,23.0,83.86,38.2,53.71,43.73
5104,Kern ,93306,-118.9414209,35.4021102,93.63,99.04,17.46,0.0,27.5,81.46,77.94,54.95
713,Imperial ,92283,-115.1126532,33.2019033,35.17,13.71,0.98,61.31,2.58,56.88,67.93,71.42
5969,Santa Clara,95110,-121.9021927,37.3498787,20.85,38.72,82.79,2.9,72.68,48.02,15.45,19.89
3773,Santa Clara,95127,-121.8355596,37.3684724,20.85,27.65,78.67,0.0,61.8,67.14,66.77,39.97
7496,Calaveras ,95246,-120.5813938,38.2401676,71.76,25.0,2.63,38.24,3.65,85.76,81.82,77.81
6315,San Bernardino,92345,-117.3254425,34.4374608,93.63,22.0,3.76,0.0,86.98,76.33,99.38,71.71
2899,Los Angeles,91356,-118.5517782,34.1677649,79.99,91.59,54.57,21.66,96.33,52.72,39.71,18.71
7188,San Diego,92154,-117.0793152,32.5820941,26.7,78.21,71.4,0.0,60.14,51.79,43.78,51.21
4092,Los Angeles,90211,-118.3820778,34.0684232,56.96,66.38,70.99,0.0,65.81,29.36,18.73,39.21
2097,San Bernardino,92407,-117.1920009,34.3002218,99.07,36.6,2.78,0.0,0.59,53.29,66.44,62.47
5924,Monterey ,93924,-121.4738188,36.3642891,24.92,0.83,2.64,82.03,4.83,38.04,54.91,97.25
2995,Los Angeles,91403,-118.4526303,34.1509932,76.94,69.78,75.67,10.1,96.79,25.34,54.81,36.28
6273,Orange ,92866,-117.8376698,33.7805453,56.96,71.77,71.87,6.34,95.9,30.21,24.44,44.87
6986,Monterey ,93927,-121.244738,36.3177202,32.15,2.48,37.49,87.86,6.24,58.35,85.77,74.87
7986,Orange ,92835,-117.9223018,33.9022199,53.73,78.48,62.2,0.0,63.05,25.04,19.74,32.49
5030,Santa Clara,95046,-121.565875,37.0953132,35.16,5.29,19.76,84.76,65.93,55.58,36.55,28.17
6052,Orange ,92627,-117.9255731,33.6552399,48.45,54.34,72.01,0.0,57.95,27.19,7.54,83.49
3926,Los Angeles,93544,-117.804588,34.4849205,95.31,25.82,2.9,83.9,6.73,58.65,53.71,67.17
2816,Alameda ,94577,-122.1428437,37.7270703,7.52,25.95,94.35,0.0,82.3,83.09,64.61,45.74
3953,San Diego,92101,-117.1705898,32.7249027,29.89,51.8,98.39,0.0,52.16,80.05,33.92,26.67
621,Orange ,90740,-118.0636903,33.7508498,26.7,62.54,36.76,85.48,86.69,15.88,42.53,25.43
6065,Los Angeles,90405,-118.4807228,34.0009853,48.45,65.21,54.41,0.0,56.24,27.8,39.12,50.01
5148,Orange ,90720,-118.0863456,33.7860198,26.7,62.84,81.69,50.21,95.91,22.4,36.78,29.74
3435,Los Angeles,90230,-118.400984,34.0058662,42.56,68.34,72.94,0.0,92.06,47.36,51.38,10.14
6501,Sacramento ,95608,-121.3352428,38.648392,62.53,36.43,40.71,0.0,50.76,81.04,47.88,54.55
5812,Shasta ,96001,-122.4026832,40.575283,39.99,12.31,40.19,0.0,26.76,73.79,73.37,66.56
2435,Los Angeles,90046,-118.3467929,34.0997191,63.29,68.51,71.16,0.0,78.88,19.49,43.22,60.21
4374,Orange ,92832,-117.9360783,33.8732653,51.9,83.22,65.41,0.0,30.05,62.48,29.24,58.02
6159,Orange ,92865,-117.8387712,33.8397922,55.38,85.55,82.41,0.0,94.74,31.74,21.52,39.82
7360,Contra Costa,94519,-122.01218,37.9762383,22.19,33.53,68.11,0.0,35.38,62.57,46.75,58.02
4180,Los Angeles,90068,-118.3212809,34.1084106,64.73,76.94,89.06,0.0,95.24,12.76,10.01,54.03
7510,Siskiyou ,96094,-122.427147,41.4800873,35.16,0.31,4.28,81.07,6.88,38.91,75.4,63.02
4279,Ventura ,93015,-118.9627618,34.411561,62.66,18.11,8.54,74.28,6.0,43.92,41.61,52.26
4245,Butte ,95926,-121.8573274,39.7358332,50.54,37.05,59.32,23.38,18.5,58.6,30.93,98.81
3309,Sacramento ,95833,-121.54606,38.6116619,47.38,29.89,62.27,77.1,78.63,74.35,67.7,26.21
3411,Riverside ,92557,-117.2395682,33.9539269,98.67,60.93,13.58,0.0,19.7,64.44,80.42,76.43
5169,Los Angeles,91344,-118.5148271,34.2684432,95.27,60.1,22.02,14.24,27.28,49.09,47.18,22.71
4168,Santa Clara,95051,-121.9724091,37.3606844,16.78,19.27,79.02,0.0,74.86,19.29,28.83,33.2
5570,Alameda ,94610,-122.253492,37.8135127,3.12,45.4,86.27,0.0,89.65,49.99,24.55,55.5
7083,San Diego,92111,-117.1629093,32.8083089,37.57,41.74,80.72,0.0,89.15,54.1,17.5,53.27
5797,Ventura ,93041,-119.1908963,34.1622199,24.88,32.98,53.4,0.0,15.7,59.17,47.52,49.72
6112,San Bernardino,92374,-117.1317956,34.0605904,100.0,53.58,51.97,78.17,6.61,57.49,85.83,34.21
6524,San Diego,92026,-117.0867921,33.137136,51.9,18.15,53.32,0.0,61.93,27.19,57.96,78.77
4843,Ventura ,93063,-118.7043688,34.2762804,74.1,42.28,65.69,0.0,82.65,54.52,61.58,26.21
2799,Orange ,90630,-118.0196525,33.7993147,35.16,69.86,51.57,0.0,71.91,25.4,28.54,13.73
2961,Los Angeles,90815,-118.1274859,33.7834929,24.88,60.87,60.66,0.0,75.04,18.96,31.84,36.98
1016,Santa Clara,94043,-122.0860401,37.4427987,11.56,18.58,86.17,0.0,98.65,9.14,19.35,39.21
2744,Los Angeles,93536,-118.1748108,34.6966423,88.7,9.74,55.61,0.0,66.0,66.8,45.31,55.69
3145,Riverside ,92544,-116.9005782,33.7539539,93.63,24.07,22.05,0.0,15.03,78.04,93.91,74.97
7367,San Diego,91942,-117.0092136,32.784615,50.99,47.27,71.41,0.0,58.69,44.73,33.21,53.27
4462,Monterey ,93426,-120.9172021,35.9668581,37.64,1.02,0.65,74.38,2.18,24.8,32.24,67.85
2692,Los Angeles,90034,-118.4067099,34.0280469,46.99,69.92,92.53,0.0,86.84,32.5,44.53,30.04
4509,San Bernardino,92392,-117.356568,34.478278,88.7,18.13,13.54,0.0,21.69,88.65,99.85,72.09
8532,Sacramento ,95742,-121.2017883,38.5777827,65.74,16.2,20.87,18.52,77.05,26.02,77.01,8.38
13561,San Joaquin,95209,-121.3364443,38.0473226,42.56,52.5,11.33,76.55,23.14,53.69,57.13,26.67
1929,San Bernardino,92407,-117.2139066,34.2379157,100.0,45.63,11.38,0.0,4.06,33.65,23.73,71.42
21798,San Bernardino,92336,-117.4712111,34.1357381,97.6,90.99,33.2,0.0,69.15,39.13,81.34,27.85
5767,Orange ,92708,-117.9499292,33.7087027,44.98,61.68,92.13,0.0,94.01,27.68,50.72,43.33
2362,Sacramento ,95816,-121.4721306,38.573984,44.98,39.28,64.37,0.0,53.08,78.9,71.3,56.07
6021,Ventura ,93060,-119.0487659,34.4021613,59.9,17.04,10.22,68.21,14.56,49.43,57.38,70.34
5686,San Diego,92111,-117.1727594,32.7726384,35.16,47.26,56.69,0.0,41.75,23.37,1.53,52.71
3272,Los Angeles,90242,-118.1453112,33.9280828,42.56,82.04,29.7,0.0,55.39,45.34,77.41,45.06
3071,Los Angeles,90034,-118.4182534,34.0167232,44.98,64.75,87.54,0.0,99.36,32.5,44.53,52.26
6930,Alameda ,94538,-121.9605916,37.5168344,16.78,25.94,42.07,0.0,63.41,56.79,65.72,22.47
5872,Riverside ,92504,-117.4098503,33.9516686,95.27,92.97,58.26,0.0,28.29,37.5,27.33,47.11
2233,Fresno ,93704,-119.807449,36.7894606,82.48,96.37,34.6,0.0,24.78,79.69,18.01,69.16
2521,Kern ,93306,-118.9229278,35.379737,97.0,98.97,9.84,0.0,12.73,81.46,77.94,89.17
4664,San Bernardino,91710,-117.6630434,34.0083628,76.94,94.55,46.72,64.07,11.6,49.89,83.15,13.04
7242,Sutter ,95993,-121.6619167,39.0906987,45.14,33.76,44.39,96.76,15.65,17.17,73.8,54.03
3842,Riverside ,92562,-117.2137751,33.5753129,76.94,41.9,86.99,0.0,90.8,40.2,94.43,37.89
3240,San Francisco,94110,-122.4062364,37.7517621,3.83,23.66,98.69,24.03,89.56,72.62,34.56,40.55
6690,Los Angeles,91724,-117.8613457,34.0753742,76.94,87.45,51.29,0.0,90.71,28.66,15.27,45.06
14218,San Bernardino,91730,-117.5607306,34.1118416,95.27,94.69,22.4,0.0,38.74,44.88,86.37,41.66
5826,Santa Clara,95127,-121.8196391,37.3494389,24.88,27.93,67.85,0.0,79.4,63.83,62.89,57.01
4900,Los Angeles,90638,-118.0035625,33.8982866,51.9,76.63,30.93,0.0,34.61,37.18,73.28,26.21
7435,Orange ,92869,-117.8074249,33.7979555,56.96,74.28,14.61,0.0,26.94,29.91,41.61,55.87
4944,Los Angeles,90703,-118.0931498,33.8523009,35.16,67.77,84.27,65.76,84.66,28.2,26.15,7.37
6334,Orange ,92626,-117.9028423,33.6609028,50.54,56.79,67.83,0.0,91.08,18.78,5.58,55.69
6592,Riverside ,92582,-116.994327,33.7696784,95.27,39.22,39.89,75.28,18.45,53.8,63.16,60.79
5516,Los Angeles,90604,-117.9846208,33.9221904,56.96,73.64,60.67,0.0,48.96,44.53,70.86,39.82
6374,Madera ,93636,-119.8457067,36.9648983,79.99,91.94,5.45,73.07,20.09,57.54,65.94,41.48
6106,Imperial ,92243,-115.5662375,32.762851,63.61,37.39,22.15,86.79,21.55,92.8,88.27,32.27
6477,Orange ,92867,-117.8287478,33.8079668,55.38,77.57,62.96,76.28,95.81,18.16,22.23,58.02
4492,Alameda ,94611,-122.2600769,37.8177294,3.12,46.78,95.92,0.0,73.41,53.9,11.08,66.43
9719,Riverside ,92583,-116.9542225,33.8238592,97.1,35.77,7.39,86.17,28.04,50.93,70.38,74.05
4416,Sacramento ,95621,-121.3078066,38.6826224,63.29,22.19,51.24,0.0,65.3,74.54,84.32,57.3
4678,Shasta ,96007,-122.2988508,40.4294831,48.7,90.45,54.79,48.66,38.06,55.83,83.95,83.58
5977,Orange ,92841,-117.9756059,33.7775512,42.56,70.09,44.51,0.0,43.59,35.87,40.54,74.46
3939,Los Angeles,90717,-118.3132363,33.7944957,20.85,71.25,73.69,0.0,58.96,62.79,63.72,31.26
7038,Sacramento ,95610,-121.2813011,38.6841182,65.36,21.67,42.13,0.0,63.66,74.76,75.31,86.38
6308,San Diego,92123,-117.1197526,32.7997476,37.57,42.3,78.9,0.0,81.86,48.48,19.58,33.54
8606,Yolo ,95616,-121.7849011,38.5369569,42.56,30.73,36.86,81.14,56.8,17.15,29.24,98.74
6120,Los Angeles,91773,-117.8144748,34.1111836,82.63,90.14,87.32,25.59,80.61,42.5,49.36,45.74
5218,San Diego,92154,-117.0523008,32.5709007,29.89,95.46,79.14,0.0,32.18,37.08,25.12,71.22
7114,Los Angeles,91207,-118.2471275,34.1622943,74.1,66.89,60.06,0.0,68.0,9.95,57.69,45.97
3719,Los Angeles,91311,-118.5852975,34.2654115,91.05,53.52,21.26,33.52,85.91,61.57,77.19,43.14
3487,Los Angeles,90042,-118.2008163,34.1210001,69.32,66.33,29.5,0.0,7.43,53.19,48.92,61.08
6814,Riverside ,92583,-116.9425027,33.7611983,93.63,30.68,32.52,45.9,12.11,60.94,79.57,67.17
4484,Los Angeles,90712,-118.1500635,33.8356188,26.7,64.79,53.03,0.0,61.84,93.44,41.85,30.93
7137,San Mateo,94061,-122.2320282,37.47659,10.57,13.88,65.65,0.0,38.6,33.29,7.69,74.16
3259,Los Angeles,90803,-118.1126708,33.7700579,24.88,60.62,54.64,0.0,83.95,5.94,17.5,18.91
7591,Santa Barbara,93436,-120.4553583,34.6647495,3.83,10.12,37.09,95.76,24.43,56.12,71.05,42.41
6891,San Diego,92028,-117.2431854,33.3720233,55.38,24.95,25.35,57.24,29.7,21.62,54.44,63.24
11403,Kern ,93306,-118.9067286,35.4138845,95.27,98.73,31.26,41.45,5.6,76.23,70.74,53.87
5494,Los Angeles,91765,-117.8237196,33.9980594,65.69,89.12,46.05,0.0,95.63,21.51,32.71,22.47
4480,Los Angeles,91780,-118.0327899,34.0981939,78.01,71.41,29.37,0.0,16.93,16.86,11.93,68.94
6215,Orange ,92704,-117.9417386,33.737867,44.98,67.6,42.86,0.0,57.8,28.91,26.15,55.87
9191,San Diego,92108,-117.1371758,32.773662,32.26,46.41,87.78,0.0,83.55,25.93,4.32,43.73
7077,Santa Barbara,93458,-120.4444646,34.9714322,10.57,11.52,49.47,80.14,29.21,63.19,16.94,75.52
2650,Los Angeles,91754,-118.1585861,34.0529634,63.61,79.42,86.33,0.0,78.0,28.24,14.57,14.66
3550,Santa Barbara,93103,-119.6856673,34.4273462,22.19,13.65,62.04,0.0,26.56,54.36,22.48,47.5
4027,Alameda ,94703,-122.2746683,37.8503526,3.12,42.02,61.9,0.0,58.21,63.55,19.07,64.5
2982,Alameda ,94587,-122.0738117,37.6053389,13.62,29.45,85.92,0.0,88.69,69.19,72.67,10.14
4531,Alameda ,94544,-122.0793899,37.644034,13.62,27.34,33.6,0.0,37.66,93.99,90.15,61.08
4898,Los Angeles,91789,-117.8406591,34.0332993,69.32,88.81,37.15,35.41,58.93,19.09,35.72,20.1
7812,San Diego,92117,-117.1737801,32.8262504,39.99,42.12,78.72,0.0,64.5,28.91,11.84,41.03
11455,Kern ,93311,-119.1191249,35.2305045,91.05,94.32,30.62,97.21,17.94,45.31,65.07,32.49
7179,Ventura ,93033,-119.1721776,34.1674563,24.88,34.49,20.29,0.0,49.9,52.38,67.49,81.91
2827,Los Angeles,91107,-118.1012712,34.1522193,79.99,58.46,80.15,55.76,85.53,18.92,18.39,29.03
3474,San Joaquin,95336,-121.2311339,37.8054262,57.77,55.56,29.88,2.45,23.44,87.09,89.31,46.61
3359,Los Angeles,90066,-118.4391488,33.9975533,44.98,65.31,67.88,0.0,49.94,33.82,48.63,59.52
2325,Shasta ,96001,-122.3762226,40.5821764,42.56,14.01,70.06,0.0,50.8,70.7,69.83,78.45
5363,Riverside ,91752,-117.531606,33.9861154,91.05,95.17,55.76,3.24,12.1,45.54,80.47,51.41
2814,Riverside ,92505,-117.4904563,33.9486696,91.05,93.76,11.03,0.0,30.91,62.4,82.48,47.75
3242,Alameda ,94605,-122.1332163,37.7447566,7.52,23.01,23.78,0.0,83.69,99.15,66.33,8.24
5414,Monterey ,93933,-121.7937321,36.6765137,10.57,2.61,30.29,67.28,50.35,75.46,43.96,66.11
4386,Contra Costa,94509,-121.8308707,37.9946847,37.57,28.66,43.95,0.0,26.35,99.49,95.83,45.74
3324,San Mateo,94401,-122.302725,37.5649733,10.57,29.51,68.77,0.0,98.04,55.82,23.47,45.2
5993,San Joaquin,95366,-121.1609082,37.728534,62.53,52.84,45.75,98.1,61.98,37.26,44.77,42.11
3100,Los Angeles,90815,-118.1276554,33.8039339,24.88,64.18,77.06,38.45,82.4,14.47,51.61,25.98
14869,Riverside ,92532,-117.3025976,33.6868295,84.58,51.99,20.07,0.0,83.03,33.44,83.97,48.03
5943,Sacramento ,95624,-121.3624683,38.4380815,44.98,26.85,22.61,0.0,43.33,35.84,65.45,65.93
3936,San Diego,92019,-116.9381289,32.7909112,64.73,47.5,60.91,0.0,43.73,21.95,17.75,72.58
5087,Los Angeles,91755,-118.1124273,34.0589573,69.32,78.07,30.73,0.0,12.25,11.98,4.1,72.4
5059,Los Angeles,90292,-118.4336385,33.9838746,39.99,64.73,79.05,0.0,77.68,13.09,14.79,38.13
8735,Los Angeles,91344,-118.496182,34.2578116,95.27,63.86,31.44,0.0,43.79,46.61,31.54,62.07
3021,Los Angeles,91311,-118.5686167,34.2660306,91.05,55.59,26.09,27.9,93.73,35.69,50.72,12.84
2638,Sacramento ,95822,-121.4885738,38.5245176,39.99,36.0,42.99,0.0,40.18,93.74,77.99,42.24
3276,Mendocino ,95437,-123.8051687,39.4499078,13.62,6.62,21.14,0.0,27.45,79.26,60.38,72.16
3237,Alameda ,94702,-122.2878154,37.8728822,3.12,39.05,59.66,0.0,41.51,87.91,61.42,37.4
3865,San Diego,92025,-117.0781738,33.1313346,51.9,16.66,66.11,0.0,52.96,13.06,12.15,92.94
4437,Solano ,94585,-122.0272609,38.2485857,24.88,22.58,74.46,0.0,37.31,94.52,83.37,63.02
3668,Placer ,95678,-121.2762266,38.7453902,65.36,17.61,90.09,0.0,86.8,40.47,75.66,58.23
4476,Sacramento ,95826,-121.3854151,38.5497903,48.45,37.54,65.35,29.48,78.64,87.9,71.97,43.53
4387,Los Angeles,90069,-118.3807073,34.0902917,62.53,66.51,86.93,0.0,75.3,12.96,30.75,37.89
3613,Santa Barbara,93454,-120.4307367,34.97297,10.57,11.84,67.59,0.0,68.26,86.65,52.01,76.98
3391,Riverside ,92882,-117.6042543,33.8697102,76.94,90.88,82.89,0.0,13.86,40.32,84.52,63.77
5725,Orange ,92626,-117.8854711,33.6826205,53.73,58.26,89.09,0.0,99.1,29.3,26.15,41.66
4004,Sacramento ,95826,-121.3457916,38.538965,50.54,33.38,34.36,49.17,28.08,77.85,59.72,63.52
4059,Sacramento ,95670,-121.304405,38.6070496,62.53,34.28,36.65,0.0,8.55,78.17,81.52,62.25
4110,Los Angeles,90405,-118.4729854,34.0133521,48.45,65.94,61.06,0.0,44.31,31.17,45.46,28.17
5935,Orange ,92841,-117.9584718,33.7776732,42.56,72.16,62.03,0.0,48.65,19.17,20.78,78.77
1790,San Francisco,94108,-122.4034859,37.7904674,3.12,30.88,98.95,0.0,27.55,56.47,2.9,59.23
38754,San Diego,92055,-117.4205567,33.3510594,48.48,25.36,12.68,51.52,97.11,0.51,4.22,74.16
7589,Orange ,92618,-117.7578575,33.6593645,64.73,53.95,95.06,47.0,87.78,24.96,31.46,43.53
5933,Monterey ,93930,-121.1254387,36.2128109,24.88,2.75,23.25,81.72,0.31,37.38,79.89,92.02
5685,San Mateo,94015,-122.4782558,37.6692204,10.57,23.73,76.45,0.0,68.7,57.81,51.82,53.48
4002,Orange ,92835,-117.9402667,33.9117646,56.96,78.57,68.28,0.0,77.09,29.74,30.75,42.24
4328,Riverside ,92544,-116.8640681,33.726269,91.05,17.52,44.64,77.93,19.5,78.04,93.91,74.87
4905,San Diego,92028,-117.2419463,33.3971392,58.23,17.72,20.34,56.9,11.7,15.34,43.96,71.91
4821,Los Angeles,91321,-118.5513173,34.3715599,93.63,48.03,63.83,0.0,97.99,49.04,50.07,41.91
4248,San Joaquin,95219,-121.3879989,38.0297286,42.56,50.65,41.19,88.9,95.7,39.54,43.46,43.73
3578,Glenn ,95963,-122.0413986,39.7212958,42.56,9.55,21.16,92.48,1.69,29.61,53.75,74.97
3987,Los Angeles,90404,-118.4754273,34.0350094,53.73,66.05,54.51,0.0,52.86,51.12,27.74,35.75
4063,Ventura ,93003,-119.2029688,34.2540321,29.89,37.26,68.23,83.52,79.29,42.25,20.5,37.4
3582,Fresno ,93611,-119.6909537,36.8303592,88.7,95.97,73.84,0.0,26.21,72.05,34.18,73.42
4495,Los Angeles,91302,-118.6661486,34.1466066,72.83,52.61,55.68,19.0,97.35,14.01,21.04,3.33
3157,Los Angeles,90804,-118.157318,33.7771513,20.85,63.46,37.46,0.0,45.89,60.89,34.56,56.57
6798,San Diego,92028,-117.2433431,33.3601098,53.73,21.74,29.09,69.97,30.9,16.3,45.61,71.91
6537,Riverside ,92545,-117.078378,33.7246687,91.05,45.7,14.42,77.86,32.16,54.34,69.63,87.76
5198,Riverside ,92583,-116.9530305,33.7834484,93.63,42.08,25.81,0.0,14.94,83.92,98.78,98.09
3731,Los Angeles,91780,-118.0734404,34.1092057,76.94,66.78,52.23,40.97,40.69,16.08,22.3,44.07
3269,Alameda ,94610,-122.2372726,37.8008019,3.12,43.36,74.52,0.0,82.35,53.9,5.3,53.62
3773,Butte ,95948,-121.7370059,39.3792483,70.28,28.26,26.07,91.52,3.71,74.83,98.37,53.27
3882,Los Angeles,91792,-117.8977913,34.016144,67.9,87.33,21.56,0.0,65.11,46.55,42.49,42.24
5185,Alameda ,94560,-122.0473856,37.5125267,11.69,27.03,26.14,0.0,9.44,76.12,67.0,35.15
4583,Los Angeles,91423,-118.4426826,34.1519021,76.94,67.43,84.46,0.0,98.29,27.41,74.39,35.93
7408,Contra Costa,94803,-122.3086599,37.9788936,6.38,35.87,73.01,0.0,87.64,66.51,51.26,48.03
4764,Butte ,95973,-121.8641991,39.7638851,47.38,40.97,79.5,65.86,50.2,38.21,20.11,84.91
3187,Los Angeles,90020,-118.2941415,34.0635956,51.9,86.22,94.39,0.0,67.78,13.55,8.57,73.42
3851,Los Angeles,90638,-117.9932439,33.8962298,53.73,76.75,52.07,0.0,62.96,30.48,58.64,28.63
4655,Los Angeles,90604,-118.003196,33.9320286,56.96,74.4,16.5,0.0,44.8,62.75,89.49,34.48
3304,Los Angeles,90027,-118.2785412,34.1029474,60.66,79.1,31.38,0.0,47.63,41.84,84.53,24.17
6255,Kern ,93555,-117.6877641,35.6445188,75.12,14.85,35.41,0.0,11.48,79.0,97.87,60.21
2865,Los Angeles,90034,-118.384482,34.0432688,48.45,66.99,36.0,0.0,70.79,16.2,17.75,66.87
4129,Los Angeles,90603,-118.0008226,33.941836,59.69,75.03,70.5,0.0,66.96,50.64,87.57,17.49
5928,San Diego,92084,-117.2406651,33.207787,39.99,34.84,50.74,54.1,45.44,20.78,21.8,95.62
4414,Kern ,93505,-118.007949,35.1220493,88.7,5.2,0.51,0.0,1.64,90.39,69.11,84.54
2907,Butte ,95965,-121.5980004,39.5191072,70.28,18.47,8.45,74.55,24.24,69.09,97.1,81.21
4793,Orange ,92841,-117.97572,33.7848346,42.56,69.14,44.49,0.0,29.78,36.62,41.03,55.11
5539,Los Angeles,91423,-118.414869,34.1621485,78.01,63.14,65.29,0.0,96.88,13.12,34.35,33.98
5411,Orange ,92804,-117.9545102,33.8104768,44.98,77.7,31.21,44.21,49.33,51.22,52.28,36.11
5815,San Diego,92026,-117.0980269,33.1374325,50.54,19.76,85.89,0.0,45.48,24.79,53.05,84.33
6545,Shasta ,96002,-122.347675,40.5520369,42.56,18.61,69.73,56.97,65.89,80.31,87.04,84.77
4872,Riverside ,92555,-117.190976,33.9088488,98.67,56.4,26.29,67.34,16.8,60.12,82.07,50.24
15912,Riverside ,92563,-117.1625546,33.5490166,75.12,37.45,87.09,0.0,90.64,32.09,85.62,32.27
10131,Solano ,94533,-121.9719091,38.290379,26.85,16.02,20.92,70.86,27.66,97.68,80.48,16.32
7033,San Luis Obispo,93445,-120.6157338,35.1052514,16.78,21.66,53.02,96.86,10.94,71.81,45.2,53.27
2445,Los Angeles,90064,-118.4268131,34.0339126,50.54,69.15,71.84,0.0,99.7,25.79,48.31,27.56
6158,Sacramento ,95834,-121.5509593,38.648951,50.99,26.92,52.99,74.83,39.6,77.21,83.51,46.61
6503,Los Angeles,90056,-118.3818632,33.9970127,37.57,66.0,59.91,0.0,93.15,40.65,24.21,4.91
5036,Los Angeles,90505,-118.3366679,33.8072043,22.19,73.06,82.53,0.0,71.03,20.64,34.01,16.32
3074,Los Angeles,91423,-118.4318823,34.1494929,76.94,64.02,70.79,15.1,93.31,31.03,80.63,35.93
4507,Sonoma ,95407,-122.7341732,38.4198167,7.52,8.1,65.86,0.0,36.8,80.48,89.34,68.48
4110,San Mateo,94402,-122.3193435,37.5653475,10.57,24.53,79.65,0.0,75.64,51.63,27.24,28.42
5656,Kings ,93230,-119.6393201,36.3580168,82.48,98.58,42.05,72.14,9.3,94.63,98.55,33.37
5732,Los Angeles,91501,-118.3045921,34.1922052,82.48,68.2,17.83,0.0,2.86,33.36,48.94,38.91
5197,Santa Clara,95051,-121.9848087,37.3678358,16.78,19.48,71.62,0.0,72.88,14.48,20.38,38.13
6040,Orange ,92840,-117.9397292,33.7874758,46.99,75.57,30.23,0.0,36.76,39.57,49.64,47.11
5524,Orange ,92647,-117.9847331,33.708349,37.57,60.46,53.18,30.62,79.15,13.75,6.63,50.01
5068,Shasta ,96001,-122.3976532,40.5381994,39.99,12.41,25.92,0.0,10.98,70.7,70.24,55.39
3529,Sacramento ,95842,-121.3467505,38.6790053,62.53,32.56,87.31,0.0,90.53,90.59,80.62,55.5
2565,Colusa ,95932,-121.9636465,39.314744,55.38,21.68,12.46,91.69,1.8,43.76,89.94,61.91
7336,Sacramento ,95833,-121.4906198,38.6149919,50.54,34.44,24.42,0.0,43.61,88.91,86.24,71.97
1668,Los Angeles,91387,-118.4333787,34.4180484,97.0,51.0,38.37,0.0,92.35,59.68,58.74,50.85
3939,Los Angeles,90068,-118.3297619,34.1113557,64.73,69.22,89.93,0.0,97.68,12.26,12.74,48.03
1592,Monterey ,95012,-121.7175785,36.7510823,11.56,1.62,26.53,99.17,72.96,54.7,24.66,61.91
6286,San Bernardino,92399,-117.0368248,34.033952,100.0,46.2,27.52,0.0,10.69,39.33,73.62,53.04
5957,Los Angeles,90807,-118.1762684,33.8227205,24.88,59.79,50.12,0.0,34.5,51.51,43.58,32.05
5777,Ventura ,93033,-119.1719507,34.1583225,24.88,33.44,21.72,0.0,35.86,52.38,67.49,86.51
4606,Humboldt ,95551,-124.2233155,40.6530627,3.91,3.91,8.1,35.83,16.76,88.52,95.16,82.36
5549,Los Angeles,90815,-118.1378391,33.7913432,24.88,62.39,64.0,0.0,59.38,18.84,32.42,83.17
5491,Tuolumne ,95370,-120.3277066,37.9231742,75.12,18.42,3.37,17.0,30.41,64.77,59.28,48.2
3158,Sacramento ,95820,-121.4359084,38.5287219,42.56,35.26,27.78,0.0,17.36,90.24,83.35,74.46
3856,Placer ,95678,-121.2933222,38.728908,64.73,19.85,84.12,0.0,86.95,43.72,80.3,43.73
4910,Orange ,92626,-117.9278881,33.6655719,46.99,56.59,28.45,35.45,62.38,28.43,24.66,52.41
4635,Santa Clara,95046,-121.6054408,37.059904,32.15,4.97,27.31,90.03,46.19,44.85,31.68,48.2
4046,Los Angeles,91765,-117.8117454,34.0088512,68.09,90.17,80.56,0.0,96.41,21.51,32.71,35.93
7748,Riverside ,92562,-117.2284737,33.5730829,76.94,41.24,69.14,21.24,90.4,40.47,94.59,25.72
1801,Los Angeles,91103,-118.1481178,34.1487579,76.94,57.31,97.14,0.0,70.09,31.51,17.16,82.21
5669,Sonoma ,95401,-122.7383565,38.4340254,7.52,9.41,74.41,22.1,72.85,61.93,68.62,45.06
3933,Sacramento ,95816,-121.4693603,38.5800964,46.99,39.18,74.23,0.0,67.03,77.83,65.72,56.07
5461,Los Angeles,90638,-118.0239805,33.9092862,50.54,76.89,51.13,0.0,38.8,37.18,73.28,16.56
6697,Butte ,95928,-121.7982097,39.726274,58.23,30.94,63.16,65.14,52.01,54.7,38.81,73.63
8054,Riverside ,92880,-117.5886851,33.9608636,79.99,93.45,49.82,37.41,8.64,28.35,87.18,16.32
5271,San Mateo,94030,-122.3911489,37.6067243,10.57,27.54,87.57,0.0,88.01,26.47,11.34,26.21
6772,Santa Clara,95116,-121.8340698,37.3547085,22.19,32.53,91.04,0.0,87.59,59.11,32.32,45.53
5665,Ventura ,93036,-119.2067181,34.2260796,26.7,34.61,12.97,98.45,56.6,49.25,48.22,44.07
4097,Mendocino ,95482,-123.1105871,39.1624023,13.62,6.5,12.52,81.59,9.56,85.32,39.08,64.03
2597,Los Angeles,90036,-118.3553201,34.0835415,59.69,68.46,43.56,0.0,61.06,16.67,35.72,34.7
4182,San Bernardino,92359,-117.0889857,34.070874,100.0,49.51,17.47,64.52,6.43,52.84,84.93,46.39
3290,Sacramento ,95823,-121.4583035,38.4780464,37.57,32.16,25.16,0.0,51.65,98.45,98.74,71.71
3377,Los Angeles,91740,-117.8360111,34.125033,84.58,86.91,96.5,2.62,94.85,54.77,56.61,14.27
7291,Orange ,92833,-117.9681585,33.9046924,55.38,73.99,39.64,0.0,61.99,27.07,21.8,10.9
6745,Orange ,92626,-117.9136471,33.6778627,50.54,57.27,75.84,0.0,94.71,29.3,26.15,42.76
3456,Contra Costa,94565,-121.9161635,38.0037978,32.15,26.31,76.85,0.0,68.46,97.88,88.42,31.55
3381,Los Angeles,91384,-118.6737987,34.4444857,80.09,31.06,36.71,42.31,70.4,24.14,33.67,50.01
3168,San Bernardino,92324,-117.2863081,34.0292865,99.07,67.72,7.19,44.69,53.94,70.31,74.24,45.53
4661,Sacramento ,95608,-121.337082,38.6317698,59.69,39.45,50.29,0.0,21.35,88.7,62.6,67.45
3862,Los Angeles,91722,-117.9211251,34.0937632,79.99,71.38,47.64,0.0,36.84,59.26,60.59,28.86
5416,Sacramento ,95826,-121.3639394,38.5419331,50.54,35.21,33.29,55.45,29.54,87.9,71.97,57.01
4122,Riverside ,92557,-117.2207856,33.9488477,98.67,59.46,78.88,0.0,51.64,62.95,78.5,39.62
6110,Yolo ,95695,-121.788585,38.6811985,57.77,34.32,38.26,0.0,8.84,63.11,59.12,63.52
3181,San Francisco,94109,-122.4196438,37.7854142,3.12,28.53,99.89,0.0,65.24,42.76,11.84,86.68
1980,Sonoma ,95404,-122.713301,38.4416422,10.57,10.14,77.22,0.0,80.48,52.44,57.13,68.27
5874,Los Angeles,91020,-118.2257027,34.2110063,82.48,59.84,70.6,0.0,71.33,12.26,36.05,41.66
2251,Los Angeles,90815,-118.1432883,33.8018724,24.88,64.24,90.39,55.66,94.79,18.25,41.95,41.91
6322,San Diego,92020,-116.9898526,32.7999329,57.06,46.48,38.59,0.0,41.24,57.59,56.18,32.79
2955,Santa Clara,95133,-121.8546427,37.3694495,20.85,32.26,87.02,0.0,93.6,35.51,24.21,61.55
4157,Orange ,92841,-117.9715258,33.7957982,42.56,73.24,34.08,0.0,39.0,39.02,45.03,73.76
6077,San Diego,92027,-117.0593149,33.1414533,55.38,17.42,28.71,0.0,15.81,37.9,53.5,80.78
7067,Kern ,93505,-117.9674113,35.1264114,88.7,5.38,2.3,0.0,0.89,90.42,69.14,77.81
8781,Contra Costa,94561,-121.6702095,37.9891088,37.57,24.94,42.78,62.34,9.01,78.91,79.51,44.22
2837,Fresno ,93704,-119.8084855,36.8011471,82.48,96.17,13.86,0.0,33.25,85.85,26.89,7.83
5382,San Diego,92020,-116.9918628,32.8138271,58.23,45.76,49.45,0.0,24.84,63.82,64.61,24.42
4991,Solano ,95620,-121.8516301,38.4286407,37.57,21.17,50.48,85.07,79.66,68.91,63.72,25.98
6757,Los Angeles,91765,-117.7984574,34.0317834,70.52,90.29,88.76,0.0,96.05,20.76,26.16,32.79
6937,San Luis Obispo,93446,-120.6911679,35.6355612,39.99,8.24,52.76,46.24,37.81,50.47,23.47,81.21
6876,Santa Barbara,93454,-120.4186966,34.9705531,10.57,11.87,55.13,50.86,73.89,86.65,52.01,58.62
5977,Alameda ,94580,-122.1235777,37.6718054,10.57,30.78,82.33,0.0,97.56,70.64,49.68,26.38
2436,Los Angeles,90710,-118.3043557,33.7817852,20.85,68.24,77.57,0.0,57.53,41.09,17.9,26.21
3266,San Joaquin,95209,-121.3565447,38.0403551,42.56,52.56,53.86,0.0,77.88,64.93,69.22,29.46
6587,Contra Costa,94553,-122.0773567,38.0020819,14.92,32.15,75.88,63.03,80.46,67.25,48.92,17.19
7601,Los Angeles,91780,-118.0547526,34.1023093,76.94,69.6,42.34,36.1,16.2,12.33,13.5,42.76
4566,Placer ,95603,-121.0748502,38.9052966,75.12,6.38,71.79,40.86,62.45,55.4,49.25,63.02
3136,Sonoma ,95403,-122.7228509,38.4592263,10.57,9.62,87.65,28.62,85.18,41.7,35.72,44.87
4488,Los Angeles,91711,-117.743532,34.1143655,88.7,92.5,59.85,34.17,86.41,31.75,27.41,36.11
3990,Los Angeles,90024,-118.4490226,34.0626943,59.69,66.65,90.27,3.07,84.36,1.4,34.56,97.65
5810,Santa Clara,95122,-121.8146764,37.3198698,24.88,30.43,55.47,0.0,75.65,50.54,30.17,42.11
5482,Los Angeles,91604,-118.40678,34.1476412,75.12,62.38,60.63,6.55,67.58,14.71,42.02,24.17
4199,Kern ,93225,-119.1500356,34.9235317,82.69,9.53,5.96,84.66,37.55,18.2,43.64,54.95
9534,Ventura ,93003,-119.2209072,34.2631822,29.89,36.39,67.33,79.83,83.28,42.25,20.5,53.48
5229,San Bernardino,91730,-117.5827126,34.1142002,95.27,96.09,42.71,0.0,55.16,33.46,72.62,42.76
1570,San Francisco,94108,-122.4061645,37.7933506,3.12,30.88,95.58,0.0,23.56,21.14,7.8,75.52
6721,Los Angeles,90056,-118.3729521,33.9875024,37.57,69.62,34.25,0.0,88.59,63.33,20.6,16.04
3814,Sacramento ,95608,-121.3197237,38.6425987,62.53,34.13,10.63,0.0,22.54,88.7,62.6,42.11
4858,Los Angeles,91607,-118.4114177,34.1739658,79.99,61.16,50.65,0.0,61.44,27.57,47.52,45.97
4704,San Diego,92056,-117.3027415,33.1879915,35.16,40.26,54.52,71.66,70.76,30.81,54.22,52.11
3015,Los Angeles,90036,-118.3535529,34.0636762,51.9,67.09,59.15,0.0,70.66,27.98,49.17,32.27
3499,Orange ,92708,-117.9673986,33.7086418,39.99,61.71,65.0,7.62,93.61,27.68,50.72,38.57
5750,San Diego,92115,-117.0739019,32.7647357,37.57,48.1,34.05,0.0,41.58,73.12,52.01,79.46
5329,Los Angeles,91755,-118.1119018,34.0663876,69.32,77.15,38.71,0.0,79.88,12.49,4.54,73.63
7094,San Mateo,94015,-122.4929574,37.6727192,10.57,18.74,53.06,0.0,49.41,62.21,58.08,18.91
2542,San Diego,91932,-117.1072875,32.5794072,24.88,70.69,64.93,0.0,22.56,58.21,50.82,81.76
4687,Mendocino ,95437,-123.8014847,39.4312988,13.62,5.64,44.67,0.0,40.96,79.26,60.38,82.14
5188,Los Angeles,90731,-118.2962139,33.762648,16.78,67.62,29.83,0.0,66.98,56.22,22.92,4.17
13390,Riverside ,92563,-117.1520055,33.5863863,78.01,37.59,34.62,0.0,80.64,38.3,92.56,31.26
6458,San Francisco,94110,-122.4191487,37.7594331,3.83,23.29,90.19,0.0,30.58,72.61,33.6,43.73
1921,Los Angeles,90065,-118.22326,34.1029039,64.73,79.12,35.25,0.0,8.15,74.75,38.48,39.62
3167,Orange ,92612,-117.8396723,33.652607,57.77,53.78,41.37,11.17,52.09,5.67,2.9,98.86
8113,Alameda ,94536,-122.0212345,37.55696,14.92,23.78,92.61,0.0,88.39,47.23,52.01,17.19
3561,Monterey ,93908,-121.7956088,36.7252682,10.57,2.28,52.46,90.17,61.48,68.97,36.69,30.46
6071,Riverside ,92595,-117.2589261,33.6015412,76.94,48.56,68.16,0.0,86.13,51.63,98.93,36.8
3093,Los Angeles,91342,-118.4434108,34.3253362,97.6,53.79,47.19,0.0,68.41,73.29,57.13,31.55
5029,Riverside ,92592,-117.1252348,33.486084,71.66,28.91,71.44,41.59,74.18,20.75,72.81,46.39
2043,Los Angeles,91791,-117.9005028,34.0580051,74.1,86.57,9.79,0.0,24.09,50.32,61.37,15.33
3786,Los Angeles,91724,-117.8557814,34.0913988,78.01,87.64,23.32,0.0,15.23,53.2,55.45,23.3
3192,Santa Barbara,93013,-119.4905106,34.3882739,26.7,18.28,38.87,66.93,55.23,25.5,5.4,56.57
4368,El Dorado,96150,-120.0073155,38.8973453,62.53,0.58,31.51,0.0,33.11,30.2,3.25,64.37
2438,Los Angeles,91321,-118.5139837,34.3831933,95.27,46.24,28.76,0.0,86.89,51.2,52.16,20.1
5142,Riverside ,92545,-116.9996659,33.7332579,93.63,45.96,10.88,0.0,41.25,64.02,80.22,75.72
2007,Los Angeles,90065,-118.2241897,34.1200291,67.9,70.8,62.02,0.0,79.14,37.45,8.49,54.15
4710,Los Angeles,91766,-117.7839389,34.0389204,71.66,90.37,53.68,0.0,86.36,47.0,36.42,24.92
2604,Santa Barbara,93101,-119.7150663,34.4261948,20.85,15.11,65.81,0.0,65.45,59.88,42.49,65.08
4319,Stanislaus ,95380,-120.8252426,37.4998207,74.1,92.55,17.81,73.69,3.21,84.01,97.26,27.35
6141,Solano ,95687,-121.9790495,38.3420876,32.15,11.85,57.4,0.0,74.19,83.44,68.1,62.84
7214,San Diego,92081,-117.2637886,33.186867,35.16,35.43,61.12,65.79,53.13,24.58,31.99,48.58
3245,Los Angeles,90066,-118.4246723,34.0128357,44.98,64.46,88.01,0.0,95.41,21.25,26.41,26.21
2550,Los Angeles,90048,-118.3800927,34.0729596,56.96,66.38,62.1,0.0,72.74,19.34,51.46,19.89
6925,San Diego,92061,-117.0114926,33.3358648,67.04,7.22,19.18,76.0,12.48,37.9,31.75,56.07
5964,Santa Clara,95050,-121.9331084,37.3470382,20.85,28.54,88.89,15.52,76.18,26.76,29.24,48.2
3141,Orange ,92845,-118.0198654,33.7847215,35.16,63.96,35.97,0.0,46.0,16.03,28.98,15.03
6632,Riverside ,92551,-117.2114532,33.878436,98.67,58.28,36.75,0.0,48.2,70.4,74.84,49.31
3476,Fresno ,93710,-119.7450732,36.8339103,84.58,96.42,36.88,70.55,62.95,71.97,31.09,51.09
3062,Alameda ,94710,-122.3256618,37.8886213,3.12,39.81,98.13,0.0,90.01,19.45,1.81,74.7
3697,Los Angeles,90505,-118.3550066,33.8218914,24.88,72.57,51.36,0.0,76.11,14.47,27.24,22.47
3703,Los Angeles,91765,-117.8357129,33.990991,64.73,87.55,79.44,0.0,98.09,18.17,27.24,33.2
7692,San Diego,92056,-117.2762264,33.2179749,37.57,34.5,25.24,40.38,37.33,30.81,54.22,53.48
2429,Sacramento ,95608,-121.3188938,38.6652577,63.29,31.0,21.43,0.0,46.59,85.56,56.88,48.03
3929,Sacramento ,95831,-121.5088949,38.5121908,37.57,33.15,40.35,0.0,14.68,78.63,55.72,55.11
9315,Monterey ,93906,-121.6348578,36.7107945,11.56,2.02,19.27,89.52,28.6,82.84,66.15,51.21
4562,Shasta ,96007,-122.3051577,40.4613796,46.99,97.14,73.7,55.97,35.34,57.18,85.29,59.66
5237,Tulare ,93265,-118.4920872,36.1727771,84.65,4.34,0.67,46.66,0.24,25.35,53.03,71.22
7801,Riverside ,92504,-117.4115769,33.9653835,95.27,93.22,54.88,0.0,11.16,43.78,34.76,54.55
2505,San Diego,92102,-117.1381735,32.717632,29.89,50.6,95.79,0.0,4.91,84.86,44.3,74.87
3455,Santa Clara,95121,-121.8099466,37.3010538,24.88,23.17,81.07,0.0,92.55,51.32,47.88,36.98
2813,Los Angeles,90048,-118.3730515,34.0713896,56.96,65.89,57.14,0.0,74.49,20.97,55.77,24.72
4283,Los Angeles,91042,-118.2929869,34.2594737,93.63,57.9,16.78,0.0,25.99,26.53,75.46,57.79
6479,Monterey ,93908,-121.5676557,36.6852793,13.71,1.33,14.41,97.45,38.78,29.3,9.45,50.68
7308,Stanislaus ,95382,-120.8343873,37.5147982,72.55,91.08,28.39,67.9,15.35,39.57,73.18,31.26
3827,San Diego,92104,-117.1233872,32.7437342,32.15,49.28,89.21,0.0,72.95,57.08,21.14,16.32
2036,Los Angeles,91355,-118.5720874,34.4168102,91.05,47.75,56.4,8.34,87.15,29.47,45.2,23.17
5792,Orange ,92821,-117.9135026,33.9340988,59.69,85.56,61.52,62.48,35.69,24.98,36.78,15.83
7726,Santa Clara,95128,-121.92545,37.3102822,20.85,24.21,57.9,0.0,77.6,29.92,30.8,54.38
9872,San Bernardino,92310,-116.6442497,35.4026962,80.09,4.88,100.0,0.0,,0.9,82.84,71.71
4018,Los Angeles,93536,-118.2290789,34.7694996,88.7,5.81,4.06,38.21,8.11,74.6,53.5,61.76
4639,Los Angeles,90035,-118.3804933,34.0495333,50.54,66.25,35.21,0.0,67.55,27.12,39.08,52.26
6659,San Bernardino,92284,-116.4313005,34.1517898,93.63,1.48,4.0,0.0,21.6,62.94,96.25,90.05
3956,Los Angeles,90041,-118.1928507,34.1347808,71.66,62.83,24.39,0.0,44.75,35.24,30.27,29.74
5237,Contra Costa,94564,-122.2975158,38.0059174,7.52,34.71,81.89,0.0,95.69,56.29,40.42,24.92
6207,San Benito,95023,-121.379325,36.8433246,22.19,0.91,51.38,0.0,7.28,72.58,97.72,44.87
3448,Orange ,92708,-117.9676275,33.72311,39.99,61.58,73.22,29.1,91.36,27.68,50.72,32.79
5257,Orange ,92780,-117.8127013,33.7362411,60.66,70.33,88.66,0.0,92.99,31.38,36.49,50.24
7618,Riverside ,92583,-116.9444017,33.7716288,93.63,34.25,14.88,48.1,21.29,83.92,98.78,72.4
4202,Orange ,92683,-117.9802241,33.7264094,39.99,61.13,82.51,54.17,97.74,22.26,22.3,35.57
6608,Tehama ,96021,-122.1205504,39.8864854,48.6,7.82,11.96,89.66,0.93,76.35,90.23,69.72
15502,San Bernardino,91739,-117.5244995,34.1192063,97.0,93.04,75.1,0.0,80.56,12.72,55.65,17.19
6894,Solano ,95620,-121.8314911,38.4598591,39.99,27.55,73.35,81.41,91.83,68.91,63.72,56.57
5936,Santa Clara,95131,-121.8929601,37.3943303,20.85,27.64,87.48,0.0,64.75,19.75,31.03,30.04
2463,Los Angeles,90004,-118.3284923,34.079743,56.96,71.2,52.63,0.0,67.51,36.62,28.12,25.98
2208,Ventura ,93033,-119.1820508,34.1578571,24.88,33.06,28.59,0.0,22.15,52.03,67.12,59.52
4373,Santa Clara,95122,-121.822135,37.3314079,24.88,33.69,40.72,0.0,79.76,66.18,48.22,46.82
2734,Riverside ,92262,-116.6260603,33.8749566,93.63,4.68,43.77,28.24,15.24,66.18,59.88,72.63
7113,Orange ,92647,-118.0388823,33.7473928,29.89,66.8,79.45,57.31,60.71,30.02,39.81,14.48
4457,Los Angeles,90066,-118.4274418,34.0021096,42.56,64.0,54.72,0.0,46.99,33.82,48.63,57.44
5291,San Diego,91977,-117.0071856,32.7267911,42.56,50.39,31.95,0.0,72.83,70.5,48.63,64.17
2097,Shasta ,96007,-122.2692975,40.455518,50.54,93.19,17.56,72.66,23.24,57.18,85.29,77.81
5742,Santa Barbara,93454,-120.3928629,34.9569166,10.57,10.5,55.74,99.66,30.71,86.65,52.01,19.38
4086,San Diego,91941,-117.0103336,32.7619814,46.99,49.18,78.37,0.0,67.96,38.12,23.94,49.55
4620,San Diego,92117,-117.1867776,32.8302338,39.99,43.73,37.62,0.0,55.24,43.05,33.5,40.34
3336,Riverside ,92879,-117.5634459,33.861606,79.99,89.77,28.61,0.0,25.41,48.45,87.31,28.42
1513,San Luis Obispo,93442,-120.8297441,35.374148,13.62,8.43,16.6,61.55,40.3,39.97,25.35,52.11
2373,Los Angeles,91107,-118.0699478,34.1401862,79.99,65.95,76.58,0.0,78.8,7.6,5.5,31.55
10092,Riverside ,92320,-117.0823096,33.9814132,99.07,50.26,35.68,31.59,50.9,55.55,84.07,14.48
4962,Alameda ,94703,-122.2771352,37.8668441,3.12,40.22,55.08,0.0,46.79,75.67,40.42,38.13
5952,Santa Clara,95020,-121.5713496,36.9878533,26.7,4.08,75.51,81.28,33.99,68.13,76.17,21.72
3890,Sacramento ,95864,-121.3922567,38.5922351,51.9,41.69,14.2,0.0,44.09,58.95,41.45,75.84
3772,Los Angeles,90035,-118.3797435,34.0566897,51.9,66.16,41.71,0.0,80.13,23.54,33.08,51.41
2677,Orange ,90720,-118.0687277,33.8094993,32.15,64.63,73.94,0.0,81.28,11.35,13.66,34.92
6392,San Bernardino,91709,-117.7390315,33.9934968,70.52,91.39,27.53,0.0,64.23,21.76,54.22,17.19
5723,Los Angeles,93536,-118.196362,34.6667155,88.7,9.48,5.04,0.0,22.55,69.79,61.98,71.09
3563,Los Angeles,91107,-118.0894888,34.1403972,79.99,59.9,71.69,0.0,22.5,18.1,19.52,31.26
2300,Los Angeles,91505,-118.349317,34.1622732,76.94,61.05,21.03,0.0,56.76,33.61,37.59,9.46
5156,Los Angeles,90024,-118.4534107,34.067274,60.66,61.93,89.74,0.0,40.99,7.56,49.17,99.41
4592,Santa Clara,95121,-121.8323618,37.3118522,24.88,31.99,74.71,0.0,97.69,41.3,30.93,31.26
10497,Ventura ,93012,-119.0392215,34.1575595,32.2,35.31,42.48,97.66,64.14,15.67,33.92,31.26
5464,Yolo ,95695,-121.788541,38.6884254,57.77,34.06,39.73,53.45,6.49,63.11,59.12,59.23
944,Riverside ,92320,-117.0288457,33.9595006,99.07,47.06,72.63,0.0,98.0,52.01,88.52,44.87
12225,Sacramento ,95757,-121.4080964,38.3360221,45.14,37.46,24.77,76.48,58.71,24.68,31.97,13.04
3054,Inyo ,92328,-117.1185271,36.2036638,82.69,0.63,0.04,15.14,0.8,34.75,34.05,69.48
7564,Sonoma ,95403,-122.7356597,38.4651445,10.57,9.73,56.6,30.1,77.84,65.72,61.81,72.84
4670,Los Angeles,91411,-118.4552597,34.1684788,82.48,69.31,56.45,0.0,70.36,48.54,49.17,12.69
3165,Los Angeles,91016,-117.9843329,34.1447913,88.7,71.67,32.22,0.0,29.14,23.06,7.22,56.07
3233,Ventura ,93065,-118.738939,34.2764924,71.66,43.56,56.59,0.0,74.16,39.49,43.22,36.11
3522,Los Angeles,90042,-118.1909386,34.1254321,70.28,62.18,25.05,0.0,46.31,37.3,27.82,82.14
3049,San Benito,95043,-121.000818,36.5803313,45.0,0.75,0.25,61.69,0.13,39.87,67.7,43.53
5828,Los Angeles,91505,-118.3382685,34.1648374,76.94,64.59,28.91,0.0,61.71,30.77,34.18,29.74
6978,Los Angeles,91006,-118.0267442,34.1384568,84.58,72.31,82.07,0.0,75.18,12.14,3.07,42.11
6784,Los Angeles,90604,-118.0213686,33.9416417,59.69,74.87,38.97,0.0,31.29,36.14,60.78,56.22
3176,San Diego,91942,-117.0117565,32.7707635,47.38,48.86,83.83,0.0,62.59,18.47,5.11,50.24
5248,Los Angeles,91311,-118.6071365,34.2519958,84.58,53.12,73.39,0.0,38.61,61.57,77.19,23.17
6392,Monterey ,93907,-121.6196088,36.7877533,14.92,1.63,15.05,97.28,69.24,56.44,27.41,40.34
4905,Shasta ,96002,-122.3356287,40.5666835,42.56,19.98,61.36,46.52,48.78,71.68,76.77,63.77
7088,Santa Clara,95035,-121.9161877,37.4503035,20.85,21.51,84.39,0.0,92.19,14.29,25.87,33.98
11749,San Joaquin,95219,-121.382132,38.0505383,39.99,51.69,29.55,92.72,73.65,44.65,47.76,10.44
4610,Sacramento ,95670,-121.2719777,38.5746641,62.53,25.35,50.47,0.0,62.41,68.76,71.55,12.45
3549,Orange ,92612,-117.8336974,33.6531552,57.77,55.16,41.73,9.28,60.36,7.2,4.32,84.33
2853,Los Angeles,91504,-118.3179763,34.1920712,82.48,68.11,67.55,0.0,18.09,33.04,27.33,27.56
4948,Tehama ,96080,-121.8564922,40.1943009,59.94,4.33,2.79,78.24,0.63,56.27,71.66,71.09
4610,Riverside ,92592,-117.1342075,33.5040499,72.55,35.02,63.86,0.0,52.76,10.38,50.9,69.48
17197,Orange ,92617,-117.8416879,33.6425125,56.96,53.59,61.82,5.45,69.26,0.14,0.25,88.73
12171,Contra Costa,94531,-121.7586352,37.9431268,37.57,27.29,17.73,72.03,54.18,84.73,70.15,32.05
3498,Los Angeles,90703,-118.0569743,33.8527649,37.57,72.07,14.39,0.0,41.43,24.54,20.38,21.72
6967,Los Angeles,91741,-117.8882752,34.1385557,88.7,68.59,87.85,0.0,26.55,50.81,46.83,50.4
5153,Orange ,92832,-117.9257735,33.875505,51.9,86.11,58.06,0.0,38.01,54.7,23.47,43.73
5491,San Diego,92058,-117.355054,33.229909,32.15,45.41,26.82,0.0,76.3,37.4,38.87,38.91
7506,Sacramento ,95624,-121.36407,38.3933575,46.99,34.76,46.53,54.76,64.81,45.78,79.3,54.55
4983,Fresno ,93720,-119.7567304,36.8446786,84.58,95.84,16.52,21.52,52.93,56.42,25.35,35.93
3924,Ventura ,93010,-119.0214631,34.2334501,37.57,42.17,60.1,82.83,24.85,35.78,47.18,34.21
5633,Napa ,94558,-122.3124397,38.3317567,17.65,48.84,61.08,62.79,48.36,53.79,55.98,22.01
5115,Santa Clara,95035,-121.8805851,37.4320059,20.85,21.07,68.25,38.14,79.93,23.83,42.81,32.79
4451,Los Angeles,90026,-118.2740532,34.0916921,59.69,86.53,33.03,0.0,66.65,46.16,37.99,30.78
7308,Orange ,92866,-117.8508355,33.7807141,56.96,72.56,69.68,3.52,78.84,40.22,36.69,68.83
3607,Santa Clara,94043,-122.0951903,37.4174125,13.62,18.89,90.6,0.0,91.41,8.97,19.07,29.46
2915,Los Angeles,90291,-118.4722036,33.9955518,46.99,65.72,43.6,0.0,32.44,27.02,18.98,60.45
5953,Butte ,95966,-121.5269455,39.5228652,71.66,13.55,14.37,10.66,21.43,65.44,95.11,79.13
4029,Stanislaus ,95357,-120.9672353,37.6999824,67.9,54.28,67.13,94.0,27.94,50.56,43.41,35.35
7374,Alameda ,94538,-121.9871471,37.537144,16.78,28.61,30.27,0.0,74.88,56.79,65.72,11.95
4295,Alameda ,94544,-122.0734492,37.638444,13.62,30.07,35.59,0.0,34.75,93.99,90.15,75.52
4570,Alameda ,94605,-122.1755727,37.7751005,6.38,31.34,54.76,0.0,16.4,99.63,79.46,56.38
3267,Sacramento ,95822,-121.5186401,38.5303294,37.57,34.39,68.05,0.0,76.81,89.03,66.77,34.7
3557,Stanislaus ,95350,-120.9850908,37.6835377,67.9,56.12,49.48,0.0,49.85,83.16,62.69,38.33
3678,Los Angeles,91741,-117.8658886,34.1415042,88.7,79.35,21.66,0.0,9.38,42.1,63.72,41.24
4664,San Diego,92114,-117.0295699,32.710698,37.57,51.16,35.87,0.0,12.96,92.58,69.42,55.11
6726,Santa Clara,95050,-121.9443765,37.3430376,20.85,22.24,75.93,0.0,32.31,22.03,34.41,61.55
7286,Santa Clara,94089,-122.0033848,37.4031482,16.78,19.25,79.34,0.0,92.46,38.57,30.53,25.98
5592,Contra Costa,94519,-122.026061,37.9886609,20.85,33.5,37.73,0.0,61.3,64.24,46.75,38.91
6839,Los Angeles,90405,-118.4559535,34.0183122,48.45,68.1,80.75,0.0,73.58,26.79,38.66,35.15
4818,San Diego,91942,-117.0229522,32.7788537,46.99,48.28,62.94,0.0,51.59,46.86,36.17,59.37
4706,Los Angeles,91773,-117.833697,34.1133365,82.48,89.18,84.06,2.93,88.45,34.85,31.03,37.64
4670,San Diego,91977,-117.0027482,32.7202478,42.56,50.9,26.87,0.0,28.53,70.5,48.63,85.34
6690,San Francisco,94112,-122.4573334,37.7217805,7.52,26.6,63.58,0.0,35.74,59.32,33.29,39.62
2837,Sacramento ,95608,-121.3506355,38.6137442,57.77,45.13,13.25,0.0,15.38,79.97,40.75,82.73
5271,Ventura ,93063,-118.7065603,34.2871063,74.1,42.19,47.95,0.0,79.96,54.52,61.58,21.27
8443,Riverside ,92545,-117.018009,33.6989771,91.05,35.23,8.59,71.03,12.69,68.97,86.88,51.57
3276,Alameda ,94587,-122.0833307,37.5982227,13.62,28.36,26.81,0.0,49.6,69.27,72.78,20.6
3493,Los Angeles,90041,-118.1973377,34.1291804,71.66,62.49,22.29,0.0,26.53,25.34,14.94,32.49
5962,San Bernardino,92345,-117.3347273,34.3822831,97.0,44.21,42.36,0.0,83.31,71.12,98.26,72.58
5361,Ventura ,93065,-118.7697289,34.2778958,67.9,43.51,71.5,0.0,81.45,46.49,60.06,43.33
8852,Stanislaus ,95356,-121.038906,37.6996863,66.81,55.15,23.56,92.31,28.76,60.85,56.78,38.33
3871,Ventura ,93065,-118.753251,34.2699733,69.32,43.06,40.57,0.0,41.13,46.49,60.06,45.97
3136,Fresno ,93705,-119.8253921,36.8031545,82.48,96.0,25.56,0.0,41.61,94.35,44.68,47.75
3896,Los Angeles,91505,-118.3431013,34.1741462,79.99,61.33,23.93,0.0,61.64,35.21,41.61,22.22
2916,Los Angeles,90036,-118.3573276,34.0781666,56.96,70.88,35.86,0.0,72.76,27.98,49.17,36.28
2518,Sacramento ,95825,-121.4150189,38.5663033,48.45,36.13,49.38,19.52,65.9,94.92,58.14,73.42
5869,Monterey ,93905,-121.609157,36.6878097,11.56,1.87,32.18,32.31,11.46,81.67,54.36,96.58
8614,Riverside ,92584,-117.1474008,33.6786757,88.7,48.05,76.03,72.24,78.91,47.92,79.62,42.61
6840,Los Angeles,91104,-118.111733,34.1740052,82.48,61.78,20.09,13.0,18.2,27.36,15.1,37.16
7489,Monterey ,93906,-121.6435841,36.7023913,10.57,2.09,19.78,0.0,49.79,82.84,66.15,69.16
3429,San Francisco,94133,-122.4063879,37.7993784,3.12,30.88,94.77,0.0,20.6,31.23,10.36,62.25
6655,Solano ,94591,-122.2141822,38.1295441,14.92,38.37,46.82,0.0,87.24,87.06,54.71,18.71
4389,Los Angeles,91602,-118.3559057,34.1480353,74.1,63.04,75.3,7.1,93.63,27.19,22.48,29.46
3642,Alameda ,94605,-122.1353845,37.7619882,7.52,24.16,13.03,0.0,76.84,99.5,73.28,14.66
3433,Orange ,92637,-117.7160562,33.606971,66.81,46.33,43.97,0.0,69.04,32.7,37.99,50.68
1463,Contra Costa,94505,-121.6219157,37.8582825,47.14,20.82,5.69,79.93,25.01,51.16,42.22,38.33
2432,Los Angeles,90046,-118.3515882,34.100603,63.29,68.51,54.1,0.0,67.46,20.46,56.46,51.21
8013,Alameda ,94560,-121.9444248,37.4731786,13.71,24.0,92.69,5.17,87.33,25.41,40.42,3.54
5300,Los Angeles,90712,-118.1353409,33.8533032,32.15,66.77,24.92,37.69,58.8,95.58,50.82,18.71
2795,Alameda ,94608,-122.2898443,37.8426202,3.12,42.66,97.05,0.0,23.46,95.81,39.32,19.12
3193,Santa Cruz,95076,-121.7817391,36.9594832,17.65,3.56,20.44,97.55,19.0,51.68,29.65,63.52
11332,Santa Clara,95134,-121.9454866,37.4150735,16.78,20.09,84.14,0.0,88.51,5.53,12.99,25.98
5978,Ventura ,93041,-119.2083822,34.1784074,24.88,32.71,49.71,0.0,51.73,47.5,33.08,48.92
5951,Los Angeles,91780,-118.0587854,34.0927124,76.94,70.91,43.67,33.79,29.28,21.41,21.52,30.78
4872,Los Angeles,90025,-118.4659262,34.042074,55.38,65.84,65.1,0.9,59.33,7.39,17.16,23.66
5062,Sacramento ,95823,-121.4409188,38.4697876,39.99,32.57,24.06,0.0,29.85,98.45,98.74,89.51
4557,Santa Clara,95050,-121.9459448,37.350955,20.85,23.72,91.23,0.0,26.7,28.73,47.88,60.28
9631,Ventura ,93035,-119.2146586,34.1894237,24.88,33.29,58.62,98.93,49.74,39.05,36.42,39.21
8974,Orange ,92630,-117.678883,33.6695466,66.81,50.44,64.49,68.9,48.63,12.04,42.53,11.27
4944,Riverside ,92555,-117.2040032,33.9455386,99.07,57.44,76.61,14.55,71.49,50.12,68.76,41.91
10204,Santa Clara,95054,-121.9712124,37.4003031,16.78,19.58,73.9,0.0,88.78,17.76,31.24,14.66
3494,Los Angeles,91311,-118.6024313,34.2606869,88.7,52.82,87.37,0.0,30.31,61.57,77.19,25.43
4665,Sutter ,95991,-121.6248059,39.1071246,44.98,40.57,23.35,60.72,22.36,57.96,88.62,51.09
6801,San Diego,92126,-117.1295038,32.8998788,48.45,42.38,54.85,0.0,76.35,33.57,31.24,28.63
2390,Los Angeles,90066,-118.4341265,34.0003832,44.98,64.0,71.49,0.0,75.16,33.82,48.63,50.24
3119,Los Angeles,91104,-118.1246769,34.1723185,79.99,60.39,24.57,0.0,37.41,46.36,42.22,52.41
5944,San Joaquin,95236,-121.0367254,37.9808776,59.9,50.82,13.29,90.93,2.99,23.31,46.75,46.18
2483,San Francisco,94110,-122.4103784,37.7513411,6.38,25.64,98.69,0.0,25.83,74.21,36.42,36.42
3250,Los Angeles,90048,-118.3872385,34.0742811,57.77,65.38,78.64,0.0,51.08,15.18,40.25,30.78
2816,San Joaquin,95209,-121.3465815,38.0330943,42.56,52.94,40.55,0.0,12.05,64.93,69.22,48.03
8940,Yuba ,95901,-121.5423602,39.1207198,39.99,22.46,21.58,68.86,75.11,77.5,92.56,39.62
2303,Los Angeles,91304,-118.6502378,34.2266028,79.99,49.87,15.12,0.0,14.98,60.36,50.22,20.8
4708,Los Angeles,91307,-118.6369084,34.1888179,76.94,53.54,18.53,0.0,19.75,39.1,56.52,23.91
4119,Los Angeles,90712,-118.1402363,33.8646013,32.15,71.21,58.21,52.79,48.13,96.91,56.54,11.03
4171,Lake ,95422,-122.6425387,38.9855188,16.78,0.09,5.36,39.86,4.0,96.1,76.65,88.43
4663,Los Angeles,90024,-118.4426278,34.0564831,56.96,67.93,63.97,0.0,88.2,4.75,31.09,78.34
5832,Sacramento ,95831,-121.511658,38.4996777,35.16,31.3,77.73,0.0,72.73,57.13,45.25,39.4
6073,Shasta ,96022,-122.24336,40.4132639,58.27,52.68,15.83,83.0,16.04,41.04,74.21,86.22
5496,Alameda ,94538,-121.9615164,37.5278226,16.78,25.02,71.36,0.0,46.3,56.79,65.72,17.19
2110,Orange ,90720,-118.0371731,33.8066027,32.26,67.99,52.97,0.0,72.89,13.06,9.23,5.35
1055,Contra Costa,94553,-122.1389042,38.0223177,13.62,33.34,41.85,0.0,1.13,67.32,48.92,92.51
3073,San Diego,92115,-117.0947635,32.7573492,35.16,48.53,57.04,0.0,17.79,58.06,30.75,87.94
4620,San Francisco,94109,-122.4163535,37.7858464,3.12,28.53,99.73,0.0,42.43,42.76,11.84,58.02
4150,Santa Clara,95121,-121.8153841,37.2944974,24.88,21.88,89.97,0.0,94.4,41.49,31.24,35.35
8333,Riverside ,92880,-117.5776719,33.9422906,82.63,93.55,47.48,45.55,79.08,15.54,61.81,24.72
6816,Santa Clara,95122,-121.8272382,37.3436482,24.88,34.74,51.59,0.0,72.39,75.06,59.63,60.45
2758,Los Angeles,90703,-118.0681112,33.8836153,42.56,74.01,43.76,0.0,75.99,32.65,34.72,16.04
6290,Imperial ,92274,-115.8770315,33.27526,48.53,36.23,4.88,83.86,20.79,21.7,52.03,93.12
4576,Ventura ,93063,-118.7274118,34.2776642,72.55,43.25,65.71,0.0,80.75,54.52,61.58,34.48
1461,Sacramento ,95834,-121.4946981,38.6450907,53.73,36.69,17.78,0.0,85.58,84.47,92.39,98.39
2576,Mariposa ,95306,-120.0838974,37.3724477,76.94,49.5,0.62,28.52,0.21,33.1,73.47,66.87
4610,Los Angeles,90210,-118.3967808,34.0717107,58.23,69.74,73.27,0.0,60.68,4.45,18.26,33.77
2510,Plumas ,95934,-120.9109355,40.0916592,69.35,8.53,2.0,20.03,4.7,16.43,44.35,63.91
3790,Los Angeles,91351,-118.4511824,34.4388053,97.0,49.16,5.81,0.0,47.36,41.14,35.48,40.11
3812,San Bernardino,91730,-117.620363,34.116218,93.63,98.78,50.93,63.72,45.04,16.45,39.94,16.82
5049,Orange ,92821,-117.908263,33.9153573,56.96,82.65,72.21,0.0,69.95,21.39,25.25,25.72
4691,Orange ,92845,-118.0344035,33.7896268,32.15,66.24,30.86,0.0,73.71,17.98,30.27,14.05
7424,Orange ,92867,-117.8488281,33.8051326,55.38,80.0,41.14,4.21,23.61,25.0,32.54,38.91
5314,San Diego,91977,-117.0201686,32.6944869,37.57,52.2,56.48,0.0,76.56,40.0,16.16,49.55
4587,San Diego,92101,-117.1472238,32.7303885,29.89,48.82,97.65,0.0,44.46,79.67,33.21,34.21
3096,San Bernardino,92277,-115.5309263,34.2421428,64.93,13.43,0.09,0.0,0.38,34.45,99.53,79.82
4072,Ventura ,93065,-118.7744879,34.2700452,67.9,42.51,32.11,0.0,51.1,46.49,60.06,59.23
4973,Santa Barbara,93101,-119.7211598,34.4203889,20.85,12.89,75.79,0.0,67.26,57.43,38.73,81.07
4393,Sonoma ,95492,-122.8080845,38.5426791,11.56,5.74,79.55,52.55,63.01,43.15,54.96,33.37
4246,Los Angeles,91755,-118.1198426,34.0661708,69.32,78.34,42.61,0.0,31.76,6.13,0.88,77.31
7021,Santa Clara,94089,-122.01954,37.4010794,16.78,18.66,96.79,0.0,96.54,36.29,27.41,11.44
5239,San Diego,92103,-117.1622682,32.7447803,29.89,49.38,71.39,0.0,38.35,54.76,37.18,49.12
5707,Los Angeles,90717,-118.3227742,33.7964591,20.85,73.71,64.64,0.0,39.71,41.55,36.78,29.74
3670,Orange ,90630,-118.0573402,33.8142505,32.15,65.55,37.67,0.0,31.74,32.27,40.64,23.17
7019,Sutter ,95993,-121.6618808,39.1198969,47.38,40.56,47.52,90.14,35.51,18.84,78.68,56.57
8637,Santa Clara,95148,-121.801337,37.3184116,24.88,26.3,53.94,0.0,74.28,29.54,17.9,48.73
2189,Solano ,94591,-122.2138705,38.0932268,13.62,38.53,45.63,0.0,15.86,87.06,54.71,47.75
2846,Los Angeles,91344,-118.4746272,34.277998,97.0,58.59,78.0,0.0,89.96,55.03,50.82,8.98
4379,Contra Costa,94553,-122.22759,38.0244532,11.56,30.42,56.25,0.0,69.58,85.77,56.7,40.8
4631,Sonoma ,95403,-122.7503889,38.4828618,10.57,8.74,65.87,72.62,74.26,64.26,60.38,37.16
4107,Lake ,95457,-122.5917589,38.9857973,22.25,0.36,6.01,38.66,9.14,97.31,81.13,93.48
8445,San Mateo,94014,-122.4568853,37.6970709,10.57,20.88,60.02,33.07,31.71,63.15,44.85,41.91
5488,San Bernardino,92308,-117.1272467,34.4076989,95.31,6.85,0.54,0.0,7.05,79.71,95.1,59.08
7129,Santa Clara,94040,-122.1055697,37.4018798,13.62,16.17,85.59,0.0,68.95,7.78,31.34,50.85
4624,San Diego,92103,-117.1513148,32.7447633,29.89,48.71,95.96,0.0,45.16,53.46,35.41,20.38
6797,Riverside ,92882,-117.6361387,33.8732429,72.83,89.72,85.69,0.0,73.0,17.72,55.65,32.05
4528,Fresno ,93704,-119.8108607,36.7721367,82.48,96.38,27.18,0.0,17.29,91.33,39.08,46.39
3849,Santa Clara,95035,-121.906949,37.4585704,20.85,19.42,84.47,0.0,74.25,13.57,24.73,30.93
5623,Amador ,95640,-120.9288239,38.3544187,63.61,30.08,6.81,56.86,7.96,56.94,81.21,34.92
5136,Los Angeles,91792,-117.8649253,34.0082843,68.09,89.37,49.99,0.0,32.93,12.61,14.89,22.22
1645,Ventura ,93001,-119.2882052,34.2871365,26.7,32.83,73.3,0.0,8.45,61.22,27.24,49.55
4962,Ventura ,93035,-119.4256973,34.0110019,26.7,32.45,90.35,0.0,64.73,37.59,37.41,13.52
5152,Riverside ,92879,-117.5175804,33.8973552,84.58,92.08,55.43,0.0,19.49,47.07,85.44,73.0
5444,Los Angeles,90501,-118.3130811,33.8123572,22.19,74.67,59.96,0.0,41.89,59.25,38.11,43.89
5474,Los Angeles,90815,-118.1015045,33.8042037,26.7,63.25,54.36,0.0,76.63,14.47,51.61,13.52
4315,Los Angeles,91304,-118.6125452,34.225826,82.48,54.21,50.02,0.0,64.44,72.77,63.14,20.38
3703,Butte ,95973,-121.849496,39.7638564,50.54,45.95,60.57,4.45,56.74,39.97,31.75,69.48
6346,Santa Clara,95122,-121.8341637,37.3358272,24.88,38.08,46.93,0.0,59.3,79.47,66.44,36.98
2170,Tuolumne ,95327,-120.4501293,37.7908267,74.1,43.53,1.19,5.9,5.3,71.75,60.12,38.33
2788,Los Angeles,90038,-118.3388222,34.0837728,56.96,72.86,68.36,0.0,78.76,37.3,39.46,29.74
7487,Los Angeles,91326,-118.5796806,34.286095,91.05,52.42,21.85,26.9,98.61,15.42,50.22,10.72
3275,Orange ,92683,-118.0200958,33.7516672,32.15,64.7,71.08,0.0,91.89,31.48,31.09,22.71
3311,Los Angeles,91748,-117.8934924,33.98233,64.73,86.1,19.39,0.0,63.1,22.56,28.45,63.91
5177,Los Angeles,91745,-117.943153,33.9836985,66.81,77.0,9.87,0.0,62.78,43.44,39.32,45.2
6933,San Diego,92117,-117.2135819,32.8176578,37.57,45.36,64.23,0.0,81.59,42.98,33.5,58.79
5846,San Bernardino,91701,-117.5930105,34.1294228,95.27,95.79,79.74,0.0,75.2,11.18,36.28,61.91
5354,San Bernardino,92345,-117.3111382,34.3367941,98.72,43.15,13.43,0.0,5.89,74.51,98.95,60.21
3563,Ventura ,91360,-118.8593759,34.211133,56.96,40.1,24.27,20.38,62.53,12.59,40.54,53.04
4000,Riverside ,92551,-117.2130878,33.900986,98.67,58.95,6.32,0.0,20.49,67.77,77.44,67.61
2907,Riverside ,92262,-116.5369071,33.8376124,91.05,3.92,52.62,0.0,31.14,68.03,61.25,58.91
4851,San Benito,95023,-121.4198016,36.8474941,20.85,1.34,65.91,0.0,29.05,72.58,97.72,66.43
3342,San Diego,92081,-117.222755,33.1484964,37.57,32.36,63.92,53.76,46.55,8.85,8.16,59.66
5087,San Bernardino,92392,-117.3728997,34.4768743,88.7,19.33,8.39,0.0,10.93,88.65,99.85,68.63
3064,Los Angeles,90503,-118.3504673,33.8453408,24.88,76.03,85.68,76.24,76.6,21.09,36.94,25.25
4616,Los Angeles,91344,-118.4808881,34.2619343,97.0,60.4,61.28,0.0,93.81,50.79,40.75,34.21
3702,Fresno ,93722,-119.8702212,36.8321013,78.01,94.8,58.66,0.0,36.95,73.04,28.49,57.44
1423,San Bernardino,92407,-117.2142148,34.1980613,100.0,49.72,3.51,0.0,9.15,59.56,48.48,52.88
14686,San Joaquin,95377,-121.5028399,37.7282495,60.93,31.62,43.4,76.76,69.78,38.77,73.85,10.9
4715,Los Angeles,93550,-118.064732,34.569356,88.7,14.57,7.77,0.0,12.26,91.59,81.7,88.81
6643,Los Angeles,91602,-118.3866139,34.152183,75.3,62.19,87.26,0.0,93.78,21.15,36.0,27.56
6086,San Bernardino,92345,-117.3552403,34.4348061,91.05,27.82,19.65,0.0,91.73,76.33,99.38,84.54
5628,Los Angeles,90713,-118.101621,33.8388435,32.15,66.87,35.22,46.14,44.88,29.62,60.43,8.68
7192,Orange ,92821,-117.8653441,33.9175293,55.38,85.61,66.27,80.07,83.93,32.04,51.3,20.1
2521,Los Angeles,90035,-118.3804364,34.0611535,53.73,66.22,70.32,0.0,81.38,10.33,6.13,39.4
4698,Orange ,90623,-118.0412155,33.8485886,39.99,70.53,31.14,0.0,61.6,37.24,53.23,40.8
2461,Napa ,94559,-122.2877733,38.2947649,17.65,47.73,42.65,12.1,11.98,47.18,38.24,46.82
4125,Los Angeles,90504,-118.3308068,33.8773079,24.88,78.98,76.91,0.0,52.34,34.33,63.14,37.16
17392,Stanislaus ,95355,-120.9376668,37.6796323,69.32,56.69,12.13,58.59,32.43,72.4,70.0,25.98
2397,Santa Clara,95122,-121.8319402,37.340185,24.88,38.89,65.26,0.0,37.2,79.47,66.44,48.03
3409,San Diego,92083,-117.251038,33.21679,39.99,35.11,61.73,0.0,38.85,33.66,40.83,48.03
5340,San Diego,92021,-116.9270232,32.8141917,66.81,46.04,45.41,0.0,30.98,68.49,67.81,44.41
5739,Los Angeles,90045,-118.3730208,33.9759315,35.16,72.03,92.88,0.0,97.09,28.83,30.0,32.05
6313,San Joaquin,95376,-121.4450292,37.7328505,60.66,34.87,12.77,13.24,63.29,89.98,74.58,28.17
9668,San Diego,92084,-117.2039111,33.2338179,42.76,16.95,12.08,90.07,23.06,32.39,42.6,68.27
4830,Alameda ,94579,-122.1553145,37.6845009,7.52,31.05,32.57,0.0,15.4,77.79,74.21,38.33
6990,Los Angeles,91321,-118.4712318,34.3970565,97.0,49.78,67.47,22.48,89.5,41.06,34.35,34.48
3385,Ventura ,93033,-119.1898328,34.1720578,24.88,33.52,22.34,0.0,44.73,36.45,42.4,54.38
6378,San Bernardino,92346,-117.1523698,34.1021545,100.0,53.06,19.98,65.55,12.58,61.52,77.58,6.73
7474,Tulare ,93292,-119.2649465,36.298584,91.05,97.78,22.46,79.1,19.13,41.45,71.35,42.61
9111,Yolo ,95694,-122.0245787,38.5786038,42.6,11.67,6.3,83.34,2.91,50.61,60.72,26.38
12851,Stanislaus ,95382,-120.8609918,37.5330658,72.55,87.49,63.26,80.76,34.0,40.38,78.94,39.21
4840,Los Angeles,90604,-117.9948416,33.9274179,56.96,74.16,32.5,0.0,42.21,49.13,77.6,48.03
3764,San Diego,92056,-117.2916541,33.1897718,35.16,37.97,49.66,0.0,76.43,29.96,52.92,70.34
4621,San Joaquin,95240,-121.0464269,38.106309,58.34,48.18,6.77,86.0,4.56,42.47,52.19,38.91
4423,Los Angeles,90802,-118.1714209,33.7631621,20.85,64.33,30.06,0.0,43.0,50.47,29.65,56.38
4659,Santa Barbara,93013,-119.5217962,34.3968141,24.88,30.95,41.46,43.17,46.2,29.16,7.63,34.92
6533,Santa Clara,95127,-121.81141,37.3545123,24.88,22.43,28.94,27.48,24.65,67.14,66.77,55.87
2173,Placer ,95603,-121.0770752,38.8923191,75.12,6.61,74.79,43.72,58.56,55.4,49.25,68.83
6422,San Bernardino,92373,-117.2026161,34.0421853,100.0,58.21,25.29,75.14,7.08,43.66,62.84,30.29
2623,Solano ,94590,-122.2687139,38.1220821,13.62,36.52,63.1,0.0,52.03,99.81,91.55,43.14
2728,Kern ,93306,-118.9394252,35.389903,95.27,99.14,69.12,0.0,40.06,81.46,77.94,21.51
5413,Riverside ,92567,-117.0632869,33.778279,95.27,43.43,3.78,62.97,71.36,45.86,63.46,48.2
3900,Solano ,94510,-122.1071716,38.0870969,15.05,30.54,32.0,8.24,48.41,67.17,55.21,34.48
5878,Riverside ,92201,-116.257874,33.6963551,91.05,9.28,18.36,72.21,41.36,67.47,74.58,46.18
4717,Orange ,92708,-117.9499072,33.6940852,44.98,62.96,69.02,2.72,90.7,24.79,45.08,17.71
7457,Riverside ,92530,-117.30778,33.6272595,78.01,49.07,10.38,0.0,52.43,43.06,90.5,74.7
4989,Mendocino ,95470,-123.3726489,39.2578856,13.62,5.8,3.55,43.52,6.29,75.62,28.12,66.43
2620,San Bernardino,92407,-117.279282,34.2536638,100.0,42.03,11.65,0.0,1.26,90.45,98.27,55.69
2146,Los Angeles,90042,-118.1723137,34.1236781,71.66,60.77,49.77,0.0,37.35,35.17,24.66,39.82
3181,San Mateo,94010,-122.3682086,37.5973795,10.57,32.77,75.54,0.0,81.01,12.36,12.06,32.49
8050,Sonoma ,95404,-122.6875017,38.4082641,7.52,7.64,33.81,53.41,40.59,48.06,52.78,61.65
5163,Alameda ,94703,-122.275884,37.8583737,3.12,39.91,74.09,0.0,39.66,68.51,30.58,46.61
5453,Alameda ,94541,-122.1069995,37.6819278,10.57,29.7,65.31,0.0,15.88,85.95,68.62,55.39
5419,Los Angeles,91001,-118.1397371,34.1851953,79.99,59.03,39.71,0.0,14.73,39.51,21.52,37.4
5962,Kings ,93230,-119.650579,36.3572078,82.48,98.79,8.56,67.69,8.65,94.63,98.55,25.72
5632,Los Angeles,91351,-118.4866076,34.4303386,95.27,49.65,47.11,0.0,49.88,52.49,52.28,21.72
1050,Santa Barbara,32,-119.71774,34.7776482,55.38,2.65,0.34,81.45,1.08,18.53,20.86,66.87
8540,San Bernardino,92373,-117.136567,34.0183198,100.0,53.48,54.66,55.48,69.48,42.46,61.17,11.95
2805,Santa Barbara,93454,-120.3430442,34.87259,11.69,8.0,8.7,97.34,9.21,48.04,15.83,28.63
6078,Santa Clara,95127,-121.8272278,37.3586509,22.19,32.53,47.67,0.0,69.53,67.14,66.77,66.68
4838,Los Angeles,90292,-118.4489221,33.9875224,42.56,66.29,75.64,0.0,77.51,19.39,25.67,45.97
985,Los Angeles,91011,-118.1794145,34.217155,82.63,55.36,34.54,0.0,27.7,26.02,7.99,57.79
5407,Riverside ,92234,-116.4690836,33.819638,88.7,6.35,38.27,0.0,58.1,44.98,64.37,76.71
5752,Los Angeles,90713,-118.1089643,33.8524335,32.15,68.0,59.05,57.62,39.01,27.47,57.44,16.32
5648,Sacramento ,95828,-121.3889372,38.4601632,42.56,31.25,30.44,0.0,52.6,80.4,75.25,51.09
3622,San Francisco,94102,-122.4249293,37.7735403,3.12,26.16,99.09,8.14,47.98,76.5,12.56,34.21
4011,Orange ,92866,-117.8531049,33.7914977,55.38,76.81,64.22,0.0,18.56,18.01,8.84,62.66
3052,Santa Clara,94089,-122.0016057,37.3959254,16.78,18.62,67.8,0.0,97.05,30.1,19.74,34.92
4019,Orange ,92626,-117.9008448,33.6821945,50.54,56.8,77.37,0.0,97.45,29.3,26.15,23.17
4190,Los Angeles,91201,-118.2829278,34.1815516,78.22,66.43,58.82,0.0,5.29,26.37,46.9,24.72
6723,Orange ,92629,-117.6973164,33.4622587,62.53,48.15,71.82,13.14,46.29,13.7,32.9,56.07
5068,San Mateo,94014,-122.4529127,37.7051087,10.57,20.88,76.3,0.0,21.38,67.65,50.82,29.46
2074,Los Angeles,91773,-117.8250298,34.0712985,76.94,89.76,82.24,68.72,98.46,51.26,62.26,5.92
4091,Trinity ,96052,-122.8246948,41.0094335,47.09,0.17,0.66,0.0,0.26,60.78,59.15,62.25
1981,Santa Clara,95035,-121.9047132,37.4373171,20.85,18.68,59.73,0.0,42.38,23.83,42.81,23.17
4073,Los Angeles,90713,-118.1163514,33.8359759,29.89,63.76,22.89,0.0,41.91,31.29,64.78,32.05
4355,Solano ,94591,-122.2101506,38.1044692,13.62,38.92,16.94,0.0,15.18,87.06,54.71,54.79
3575,San Luis Obispo,93401,-120.6622738,35.2804281,14.92,12.81,65.13,0.0,69.89,39.21,15.78,82.36
2173,Santa Barbara,93436,-120.4658965,34.6350153,3.12,9.02,61.98,80.72,6.06,56.12,71.05,45.97
2538,Placer ,95648,-121.2859939,38.8964967,69.32,11.01,90.48,0.0,19.29,28.2,63.31,51.41
13334,Yuba ,95961,-121.5531096,39.017754,48.6,17.21,26.1,91.45,8.0,46.2,96.41,32.27
3374,Los Angeles,90603,-118.0151414,33.9480802,59.69,75.11,64.03,0.0,55.3,32.33,63.83,17.49
3100,Los Angeles,90045,-118.3783824,33.9652241,35.16,72.77,88.84,0.0,95.0,19.68,39.21,4.72
4675,Humboldt ,95550,-123.7462574,40.6845506,0.3,0.85,1.9,4.03,18.26,71.95,89.29,76.62
5270,Orange ,92683,-118.0358073,33.7648072,29.89,69.37,75.22,82.0,97.4,42.92,61.37,13.73
4951,Orange ,92647,-118.0079541,33.735963,35.16,63.52,76.66,0.0,64.06,40.63,36.28,22.01
6423,Los Angeles,90503,-118.3361037,33.8273423,24.88,73.08,22.0,0.0,66.1,14.67,18.17,33.37
6273,San Diego,92084,-117.2353782,33.2241242,39.99,28.25,34.56,43.03,30.45,32.19,42.11,66.56
5116,Orange ,92649,-118.0488803,33.7249161,26.7,59.27,16.66,0.0,29.64,20.33,43.02,57.44
7286,Solano ,95688,-121.9869787,38.3825661,35.16,12.08,22.09,25.0,14.16,89.18,70.6,59.82
2414,Los Angeles,90048,-118.3661529,34.0664969,53.73,66.92,93.13,0.0,65.15,10.77,29.37,28.63
3462,San Diego,92114,-117.0450027,32.6998002,32.15,51.08,13.68,0.0,17.09,92.58,69.42,47.11
6223,Los Angeles,91711,-117.7249135,34.1011641,84.58,93.4,53.14,6.62,31.91,28.65,38.73,13.52
2997,Santa Clara,95119,-121.7823587,37.2327986,29.89,13.34,46.43,0.0,43.36,44.88,69.22,9.64
4548,Sacramento ,95822,-121.5039421,38.5289945,37.57,35.0,45.55,0.0,26.73,93.74,77.99,29.21
7323,San Bernardino,92345,-117.3433595,34.4135996,95.27,41.37,14.52,0.0,90.08,43.76,78.09,66.56
21531,San Bernardino,92392,-117.4288837,34.4864967,91.05,19.66,20.83,0.0,25.86,88.31,99.75,37.4
5986,San Francisco,94112,-122.4322434,37.7235502,6.38,27.52,72.4,0.0,29.96,60.77,35.09,58.23
3296,Santa Barbara,93436,-120.373004,34.557117,3.86,6.55,4.16,79.21,13.38,51.08,65.79,46.39
2327,Los Angeles,91326,-118.5416524,34.2793058,95.27,55.25,66.92,5.97,94.14,23.4,69.59,21.27
2057,Los Angeles,90732,-118.302932,33.7409725,16.78,63.91,31.76,0.0,28.98,72.81,27.33,60.9
588,Santa Clara,94035,-122.0497236,37.4164755,14.92,19.64,88.65,0.0,99.16,2.44,3.25,32.49
7298,Yuba ,95901,-121.4453728,39.2661888,64.87,10.35,8.67,90.55,4.25,42.86,59.31,30.78
1698,Los Angeles,91789,-117.8420545,34.0509011,72.83,87.72,56.19,39.62,71.11,12.64,14.38,28.63
2467,Sacramento ,95670,-121.3258865,38.5849031,58.23,37.78,20.78,8.86,32.79,53.91,58.35,66.31
5183,Alameda ,94606,-122.2433878,37.8052604,3.12,45.21,77.5,0.0,83.06,55.77,6.61,40.8
6284,El Dorado,95667,-120.8454,38.7517688,75.12,13.17,19.09,67.72,63.54,56.47,32.71,43.53
3475,Los Angeles,90025,-118.4605333,34.0456314,56.96,64.68,80.07,6.93,65.53,2.27,4.22,54.79
1916,San Joaquin,95336,-121.2302494,37.8203178,56.96,54.37,15.84,0.0,19.25,91.01,94.27,71.91
2679,Los Angeles,90712,-118.1294697,33.8646532,32.15,68.79,18.88,53.38,40.8,92.19,40.19,42.41
5634,Sacramento ,95608,-121.3149374,38.6313361,62.53,31.6,21.69,0.0,15.64,86.95,59.25,59.08
1122,Riverside ,92549,-116.7880179,33.7705133,91.05,8.75,1.99,34.07,2.4,25.8,55.26,61.08
4997,Orange ,92672,-117.6245583,33.4249625,59.69,45.6,75.91,0.0,76.55,15.02,48.22,30.78
6145,San Diego,92114,-117.0230027,32.7062651,37.57,51.61,24.95,0.0,21.99,60.95,21.04,48.44
9081,Riverside ,92563,-117.1553002,33.5660699,76.94,37.71,45.4,0.0,54.98,38.3,92.56,40.55
5981,Sacramento ,95831,-121.5206821,38.4876901,35.16,29.97,50.07,0.0,70.54,52.12,58.64,57.14
3885,Los Angeles,90703,-118.0672796,33.8553144,37.57,71.91,16.12,0.0,39.51,21.37,19.95,2.34
5982,Contra Costa,94564,-122.3071592,38.0033732,7.52,34.98,59.43,0.0,18.19,61.27,44.53,27.05
3534,Los Angeles,90505,-118.3460738,33.8209421,24.88,72.42,56.91,0.0,79.75,17.42,33.21,23.66
3481,San Diego,92021,-116.9554309,32.8220794,64.73,46.8,45.61,0.0,42.03,46.68,39.32,53.87
2733,Los Angeles,91301,-118.7172726,34.153247,69.32,49.53,47.62,13.07,98.3,9.04,19.95,23.17
3059,Los Angeles,90036,-118.3456014,34.0649905,53.73,71.55,83.36,0.0,75.93,27.98,49.17,33.2
3030,Sacramento ,95621,-121.3205143,38.7026136,63.29,25.15,79.7,0.0,91.56,66.65,71.62,41.48
10227,San Bernardino,92301,-117.4172844,34.5395289,84.58,10.4,6.42,0.0,25.76,91.87,99.93,87.39
3555,San Diego,92139,-117.0547677,32.6775705,29.89,51.66,31.9,0.0,3.5,66.49,62.19,43.14
4264,San Diego,92056,-117.286498,33.1803561,35.16,39.59,65.19,4.66,59.63,22.17,37.41,71.22
6303,Los Angeles,91765,-117.7792994,34.0162998,69.32,90.39,61.64,0.0,97.31,17.31,20.11,27.85
4410,San Diego,92026,-117.1090217,33.1355986,47.38,18.08,74.44,0.0,48.64,15.45,37.41,47.5
6109,San Francisco,94132,-122.467097,37.7133955,10.57,24.93,95.68,0.0,88.15,26.86,11.44,38.13
5428,Humboldt ,95501,-124.1798708,40.7846083,0.27,5.75,47.37,0.0,24.56,90.32,87.66,58.91
3419,Sacramento ,95827,-121.3408345,38.572506,53.73,37.65,57.08,0.0,76.36,71.16,80.57,56.38
4979,San Diego,92111,-117.1788279,32.7782882,35.16,46.29,25.43,0.0,27.4,38.56,7.47,74.7
3965,San Mateo,94015,-122.4922836,37.7055918,10.57,23.11,46.01,18.38,78.11,45.26,34.88,17.89
4644,San Bernardino,92346,-117.2065853,34.1432143,100.0,53.68,20.27,0.0,18.23,55.03,70.84,45.53
4708,Santa Clara,94043,-122.0838765,37.4059095,13.62,18.57,74.75,0.0,87.94,9.04,19.2,19.12
6693,Ventura ,93001,-119.2460082,34.2507528,26.7,28.92,70.27,99.34,73.53,35.18,12.43,41.24
5466,Los Angeles,91775,-118.0762455,34.1261899,79.99,66.32,64.19,0.0,58.33,6.14,17.63,58.91
7427,Riverside ,92530,-117.4175996,33.6671773,74.19,50.95,10.91,0.0,19.76,58.37,96.52,56.57
4991,Alameda ,94605,-122.1658929,37.7564187,6.38,24.03,28.14,0.0,5.48,98.33,54.09,81.07
7331,Santa Clara,95131,-121.8845877,37.3775245,20.85,30.96,48.41,4.1,67.13,15.08,16.03,32.05
4395,Los Angeles,90064,-118.4413454,34.0259653,48.45,67.02,95.77,0.0,98.54,14.23,23.94,24.42
5018,Glenn ,95963,-122.2109384,39.7422205,45.14,8.96,16.99,88.83,9.31,47.72,55.77,63.77
6236,Los Angeles,90505,-118.3446895,33.7959818,22.19,73.54,79.39,0.0,65.66,25.71,50.37,28.17
2952,Alameda ,94538,-121.9931032,37.5293622,16.78,28.81,91.0,0.0,93.13,45.78,49.59,10.44
4347,Humboldt ,95565,-124.055087,40.440735,3.91,2.89,3.56,10.62,2.75,71.49,91.65,66.56
4424,Los Angeles,91741,-117.8769191,34.1360086,88.7,75.28,72.67,0.0,27.96,39.33,52.84,35.57
10440,Orange ,92660,-117.8609131,33.6691905,55.38,57.55,86.4,1.59,90.05,10.12,6.75,51.75
4533,San Bernardino,91701,-117.6071663,34.1271062,95.27,96.63,58.72,0.0,27.24,33.14,68.53,15.33
3939,Riverside ,92571,-117.146514,33.8710597,97.6,52.3,11.15,48.21,24.1,60.24,83.3,40.34
3657,Sacramento ,95621,-121.2970596,38.7127907,64.73,20.71,89.4,0.0,90.94,58.31,64.42,47.11
5211,San Bernardino,91701,-117.5821742,34.1283027,95.27,95.18,75.98,0.0,63.16,19.97,51.61,16.82
3889,San Francisco,94133,-122.4085794,37.8084198,3.12,30.38,99.99,0.0,32.25,27.13,6.33,80.11
2954,Alameda ,94606,-122.2513558,37.8020757,3.12,45.21,63.55,0.0,17.8,90.48,27.74,27.56
2557,Alameda ,94706,-122.2950048,37.8867059,3.12,38.32,81.87,0.0,35.35,23.69,9.6,21.27
3574,Alameda ,94577,-122.1466229,37.7358429,7.52,23.88,63.57,0.0,78.75,82.85,58.35,20.8
5672,Shasta ,96002,-122.3121275,40.5037744,45.14,49.98,32.28,70.45,37.85,57.64,63.51,69.96
4223,Sacramento ,95842,-121.3538791,38.6811015,60.66,31.33,52.91,0.0,26.59,94.67,91.1,69.82
4845,Tulare ,93271,-118.8366159,36.5233963,93.85,18.95,1.67,64.38,0.58,19.37,39.64,33.77
2201,Los Angeles,90068,-118.3410171,34.1124841,65.69,69.16,76.18,0.0,96.98,12.06,13.35,32.79
6005,Santa Clara,95131,-121.8810857,37.3987983,20.85,25.91,85.21,0.0,85.31,7.84,7.63,36.8
5552,Los Angeles,90049,-118.4642912,34.0509979,56.96,68.14,40.65,9.17,63.56,3.05,12.74,28.42
5224,San Diego,92027,-117.0476028,33.138326,56.96,16.9,35.56,0.0,21.94,37.9,53.5,87.5
5511,Los Angeles,90703,-118.0397288,33.8682287,42.56,74.32,80.02,0.0,74.2,28.64,26.15,23.66
8701,Yolo ,95691,-121.5334072,38.5450814,37.57,33.64,58.99,68.59,16.95,76.81,77.26,14.05
3776,Los Angeles,93551,-118.2587356,34.5783103,91.05,8.99,49.17,0.0,3.55,57.08,69.85,38.57
4211,Santa Clara,95037,-121.6599882,37.1496048,35.16,7.77,80.34,87.07,81.95,38.04,62.95,16.04
5748,Yolo ,95616,-121.7359246,38.5482761,39.99,32.51,60.4,67.45,74.66,8.44,10.22,88.92
3997,Orange ,92807,-117.8115691,33.8443705,55.38,80.77,65.46,0.0,92.31,21.6,39.08,9.64
8256,Orange ,92833,-117.9568638,33.8866381,53.73,78.27,17.93,0.0,37.8,39.79,28.2,15.83
4329,Shasta ,96002,-122.3475829,40.5744659,42.56,18.17,71.31,33.45,58.85,56.02,59.88,61.76
4652,Yuba ,95692,-121.4340275,39.0409023,58.36,11.57,18.32,93.38,7.31,34.26,68.2,27.05
7831,San Diego,92020,-116.9383632,32.78024,63.61,46.32,37.66,0.0,45.28,37.25,34.35,71.91
11946,Riverside ,92880,-117.575648,33.9635863,82.48,93.96,41.07,54.79,6.33,28.35,87.18,7.06
4845,Los Angeles,91001,-118.1543957,34.2084457,84.58,57.81,5.35,37.17,4.66,45.6,29.77,50.52
7369,San Diego,92111,-117.1718159,32.8149643,37.57,43.07,66.96,0.0,57.09,54.1,17.5,26.67
6968,San Bernardino,92374,-117.1476465,34.0628653,100.0,54.95,38.69,77.55,9.23,60.85,57.38,30.29
5029,San Luis Obispo,93446,-120.7906393,35.6400242,29.94,4.39,4.36,62.21,13.26,45.01,34.62,65.08
2564,Sacramento ,95632,-121.2976721,38.2470445,53.73,38.78,74.4,0.0,33.33,48.4,85.23,60.9
5781,Riverside ,92276,-116.3874271,33.8211956,88.7,6.81,53.74,0.0,87.36,43.63,73.47,61.65
3578,Solano ,94591,-122.2038733,38.089461,13.62,37.2,59.49,0.0,17.46,72.31,32.6,33.54
4092,Stanislaus ,95356,-121.0036408,37.7001655,67.9,55.18,66.15,85.38,39.29,48.77,34.41,51.09
5093,Santa Clara,95128,-121.933096,37.3224697,20.85,26.71,81.56,0.0,90.65,35.9,42.22,33.77
5546,San Diego,92056,-117.2838101,33.1943943,35.16,38.98,45.68,0.0,68.75,21.31,29.24,66.43
5232,Sacramento ,95842,-121.3576571,38.6982473,62.53,27.75,20.04,0.0,66.06,90.55,81.27,75.84
4510,Los Angeles,90703,-118.0548956,33.8623387,39.99,72.72,73.68,0.0,75.38,39.62,41.95,27.05
3490,Orange ,92672,-117.6217862,33.4320693,60.66,45.6,80.73,0.0,88.11,15.02,48.22,58.79
5374,Ventura ,93001,-119.2629165,34.255445,24.88,35.93,99.68,98.34,82.7,61.22,27.24,27.56
5903,Marin ,94901,-122.5104108,37.9844553,7.52,19.83,39.94,0.0,89.08,21.86,23.29,47.32
3473,San Francisco,94110,-122.4076735,37.7439369,6.38,27.16,98.64,22.07,87.8,74.21,36.28,16.32
4068,San Diego,92083,-117.2495976,33.2084741,39.99,34.84,36.94,21.31,38.28,25.26,27.24,86.22
5256,San Mateo,94015,-122.485618,37.6750113,10.57,21.01,64.17,0.0,57.89,64.18,61.08,16.04
5834,Butte ,95938,-121.8415821,39.5969309,59.96,15.38,21.33,92.66,8.46,20.0,43.41,34.48
6398,Fresno ,93657,-119.6356555,36.7303926,88.7,94.81,23.15,91.14,4.05,31.38,11.17,16.32
3566,Fresno ,93711,-119.7952018,36.8626333,82.48,95.26,61.19,13.62,68.25,36.24,7.38,41.03
4870,Riverside ,92223,-116.9605059,33.9186218,98.67,43.63,23.63,0.0,93.8,59.98,85.47,32.05
3011,El Dorado,96150,-120.0049792,38.9276421,60.66,0.68,44.43,0.0,31.44,30.2,3.25,43.89
5063,Alameda ,94580,-122.1375262,37.6691812,10.57,30.74,41.64,0.0,20.54,85.28,75.9,16.56
4551,San Francisco,94132,-122.4796588,37.726265,7.52,25.34,89.22,0.0,78.25,38.12,28.98,96.33
12989,San Bernardino,91709,-117.7015882,33.9228798,67.02,88.15,13.57,41.83,66.5,18.97,47.46,27.05
5402,Santa Clara,95138,-121.7864708,37.2489527,29.89,14.75,93.38,0.0,81.55,30.99,41.3,9.27
5988,Los Angeles,91101,-118.1368375,34.1408642,76.94,54.18,82.15,0.0,42.39,9.15,13.35,48.73
4050,Kern ,93309,-119.0852288,35.3323458,93.63,99.27,40.7,0.0,41.11,86.45,79.15,51.95
5461,Riverside ,92234,-116.4712229,33.8086237,88.7,6.58,53.81,0.0,47.19,38.61,56.7,95.24
31118,San Diego,91913,-116.9977852,32.6261904,32.26,57.41,35.58,0.0,62.24,19.54,10.98,38.57
6714,Del Norte,95531,-124.2978888,41.8023129,0.19,3.95,8.28,0.0,6.65,83.74,97.97,58.23
2567,Los Angeles,90024,-118.4364091,34.0668274,59.69,66.82,73.81,0.0,74.23,2.52,37.5,53.27
3918,Los Angeles,90034,-118.4259054,34.0251282,46.99,67.49,94.76,0.0,99.93,16.23,21.8,59.66
3786,Los Angeles,90731,-118.2990073,33.7247349,16.78,65.44,24.24,0.0,9.7,93.62,64.02,34.7
5138,El Dorado,95667,-120.7839884,38.7183318,75.12,11.44,18.49,34.66,58.64,55.73,31.84,45.06
5577,Los Angeles,90403,-118.503319,34.0190747,53.73,67.89,93.3,0.0,64.94,15.35,40.54,44.22
4423,Imperial ,92243,-115.5867417,32.7833547,62.53,31.96,11.84,85.69,26.6,92.8,88.27,16.32
7280,Los Angeles,91208,-118.220602,34.1845879,77.03,58.68,52.57,0.0,81.36,9.53,22.05,24.92
3326,El Dorado,96150,-119.9388297,38.9436744,60.66,0.65,33.54,0.0,67.39,28.64,2.78,75.84
13222,San Francisco,94158,-122.3906714,37.7723808,3.12,23.8,99.95,5.38,81.0,16.63,5.02,24.72
4016,Los Angeles,93535,-118.072221,34.6789749,88.7,5.6,14.95,0.0,6.14,99.1,96.36,75.11
12367,Santa Clara,95035,-121.8964329,37.4216447,17.65,21.16,86.46,0.0,79.11,18.93,32.64,19.6
5193,Riverside ,92590,-117.1560638,33.4549695,66.96,19.1,28.01,62.07,87.74,22.97,74.58,28.86
4510,Orange ,92614,-117.8238921,33.6736209,59.69,58.38,64.92,55.93,93.88,14.28,34.72,24.42
5161,Los Angeles,91791,-117.8958117,34.0490207,72.55,81.82,21.83,22.52,24.61,39.21,45.46,25.98
5880,San Mateo,94401,-122.3340889,37.572378,10.57,23.04,68.75,0.0,43.3,57.27,26.22,29.03
4011,Solano ,94533,-122.013868,38.2638928,24.88,20.86,21.53,0.0,26.13,94.07,63.4,93.48
7873,Monterey ,95012,-121.7100142,36.7998783,13.62,1.73,9.35,97.07,73.44,36.54,3.12,48.44
5538,Los Angeles,91801,-118.1321698,34.1039997,71.66,59.05,59.84,0.0,42.56,23.37,16.33,41.91
4873,Santa Clara,95035,-121.8818676,37.4394982,20.85,19.9,86.85,42.28,74.78,23.83,42.81,32.27
4318,Orange ,92630,-117.6895288,33.6340547,67.9,20.14,25.19,0.0,44.63,17.72,52.16,16.04
4997,Alameda ,94544,-122.0686965,37.6431464,13.62,30.09,69.42,0.0,47.26,93.99,90.15,16.82
6321,Sacramento ,95621,-121.3002372,38.6991351,64.73,22.34,62.58,0.0,50.21,74.04,83.82,38.57
4565,Orange ,92614,-117.8184805,33.6693095,60.66,57.16,58.32,61.03,90.09,2.74,2.47,42.11
6416,Los Angeles,91040,-118.3139736,34.2548355,93.63,56.2,27.02,0.0,92.39,38.95,46.06,32.05
3290,Los Angeles,91105,-118.156538,34.1292208,74.1,57.11,78.52,0.0,59.86,14.54,7.74,20.38
3335,Riverside ,92553,-117.213154,33.9119021,98.67,59.58,9.57,0.0,19.44,58.79,75.66,66.87
5252,Sacramento ,95608,-121.3179997,38.6726924,63.29,30.11,22.43,0.0,57.3,51.06,25.87,54.65
3437,Riverside ,92557,-117.2309756,33.9542796,98.67,59.12,29.42,0.0,11.5,64.44,80.42,49.72
4492,Alameda ,94538,-121.976577,37.5465021,16.78,21.71,59.94,0.0,64.28,56.79,65.72,13.04
7741,Humboldt ,95503,-124.1567492,40.6865049,3.83,3.48,5.94,0.0,36.93,61.79,51.61,57.14
3688,Los Angeles,90815,-118.1471333,33.794704,24.88,64.64,86.91,0.0,57.29,20.34,25.25,19.6
7903,San Francisco,94112,-122.4539535,37.7113172,7.52,24.97,92.47,0.0,74.24,51.38,23.69,48.73
4881,Shasta ,96013,-121.634608,40.8724027,55.38,0.6,2.65,50.55,0.9,51.72,89.77,69.56
2874,Sacramento ,95841,-121.331598,38.6657665,62.53,33.33,21.73,0.0,69.03,66.49,30.03,69.82
4760,Riverside ,92544,-116.9112184,33.7510081,93.63,21.83,55.94,0.0,8.16,78.04,93.91,63.77
3364,San Diego,92064,-117.0301187,32.9423409,60.93,41.08,33.69,0.0,40.71,14.26,25.35,54.38
3971,Los Angeles,91104,-118.1372076,34.1741653,79.99,58.61,28.35,0.0,34.39,39.86,32.54,57.14
2370,San Diego,92103,-117.1737119,32.7364189,29.89,51.06,97.08,0.0,72.33,52.24,31.75,16.82
4569,San Francisco,94121,-122.4840627,37.7782506,6.38,26.5,62.97,0.0,60.98,25.22,25.07,41.66
3707,Shasta ,96003,-122.4184426,40.6694846,55.38,14.0,5.68,9.21,1.09,45.53,57.44,74.56
5270,San Diego,92056,-117.2669427,33.2107453,37.57,36.58,32.55,0.0,36.85,24.48,32.64,40.34
4078,Alameda ,94577,-122.1562452,37.7330544,6.38,20.58,71.52,0.0,16.69,83.06,62.0,47.5
5863,Ventura ,93035,-119.234767,34.1870831,22.19,25.89,63.29,98.48,49.8,43.98,44.18,26.21
3618,Ventura ,91360,-118.8779656,34.2216307,53.73,40.42,42.85,64.14,19.11,17.58,54.71,14.27
3837,San Francisco,94115,-122.4373557,37.7813029,3.83,26.25,76.89,0.0,48.5,51.86,6.93,46.82
3324,Fresno ,93711,-119.8507497,36.8185876,79.99,95.49,29.35,0.0,18.96,57.51,20.92,33.2
7556,Alameda ,94560,-122.0361606,37.550978,13.62,24.08,81.42,18.48,78.51,72.71,62.69,8.24
2510,Kern ,93309,-119.0678215,35.3449134,93.63,99.46,9.97,0.0,59.14,86.45,79.15,40.55
2689,Los Angeles,91016,-118.0066851,34.1251612,84.58,75.92,58.42,0.0,21.3,30.71,12.56,24.42
5027,Kern ,93555,-117.6877306,35.6298168,75.12,16.78,28.09,0.0,12.5,79.0,97.87,53.62
3611,San Mateo,94402,-122.3066909,37.5581392,10.57,27.79,81.41,0.0,97.08,34.1,17.16,25.25
3254,Santa Clara,95138,-121.7620634,37.234934,29.89,11.94,80.55,22.9,82.25,30.97,41.24,44.07
4595,Alameda ,94538,-121.9787103,37.5408003,16.78,24.72,33.55,0.0,71.98,56.79,65.72,25.25
7446,Los Angeles,90046,-118.365303,34.0924899,62.53,67.85,76.99,0.0,78.23,20.38,56.18,36.11
7004,Los Angeles,90025,-118.4372057,34.0456465,53.73,68.64,76.96,0.0,95.95,10.42,24.0,29.74
3352,Placer ,95677,-121.2537196,38.7786032,66.81,14.25,79.76,0.0,78.59,43.08,56.12,53.27
2151,Los Angeles,90019,-118.3379721,34.0569256,50.54,79.46,41.98,0.0,66.99,49.04,23.69,13.27
1664,Imperial ,92283,-114.5840716,32.7799835,50.55,37.98,11.23,82.17,37.0,9.57,36.05,96.23
2106,Los Angeles,91202,-118.2729275,34.1684098,75.12,68.4,27.12,0.0,14.0,26.73,75.36,5.09
4965,Riverside ,92557,-117.2208865,33.984326,99.07,56.48,5.02,43.55,20.26,35.42,38.52,35.93
3855,Riverside ,92595,-117.231215,33.6075991,78.01,45.43,21.64,0.0,92.8,51.63,98.93,37.89
3705,Sutter ,95991,-121.6016745,39.0927643,42.56,37.5,10.84,89.62,22.03,57.96,88.62,29.03
3375,Tehama ,96021,-122.0239555,39.9701372,55.38,8.06,9.3,89.69,5.64,53.64,63.4,77.81
5523,Santa Clara,95123,-121.8108988,37.2552193,29.89,16.14,69.63,0.0,58.53,47.11,29.65,29.46
11100,Calaveras ,95252,-120.8741765,38.1930259,66.96,39.12,4.78,55.79,5.73,49.58,79.3,20.38
5337,Los Angeles,93536,-118.2122942,34.6620629,88.7,8.05,8.24,0.0,10.03,69.79,61.98,45.74
6317,Ventura ,93065,-118.8056692,34.2640509,63.61,40.27,7.87,26.14,54.81,46.25,59.73,13.52
4567,Riverside ,92223,-116.9514006,33.9374604,98.67,43.6,54.24,0.0,73.45,53.5,76.76,44.87
3086,Sacramento ,95670,-121.2735962,38.6249139,64.73,29.07,32.99,0.0,86.9,78.17,81.52,32.79
3117,Los Angeles,90068,-118.3093146,34.1112674,63.61,73.2,34.18,0.0,68.28,19.47,41.61,11.27
4747,Solano ,95687,-122.0008642,38.3288304,32.15,12.88,61.26,0.0,97.43,73.52,49.5,46.39
5420,San Diego,92114,-117.0644799,32.6961845,32.15,51.45,21.48,0.0,8.39,89.24,60.38,57.44
2878,Los Angeles,90024,-118.451161,34.0677546,60.66,61.93,89.72,0.0,37.9,1.0,31.34,99.7
4871,San Mateo,94061,-122.2260081,37.4700717,10.57,13.74,68.85,0.0,71.65,45.61,14.74,75.3
3488,Los Angeles,91356,-118.5455805,34.1527206,79.99,76.76,10.75,31.79,23.38,68.61,56.88,8.98
5352,Contra Costa,94518,-122.0425441,37.9488733,17.65,33.93,33.5,0.0,53.26,34.9,15.53,50.01
3768,Orange ,92627,-117.908706,33.6418496,50.54,54.31,42.95,0.0,74.01,41.75,18.28,20.38
5049,San Diego,92124,-117.109307,32.8171162,42.56,36.28,61.53,0.0,76.75,17.9,6.16,67.45
3471,Solano ,95687,-121.9249586,38.3446313,35.16,11.24,41.39,76.17,14.36,83.44,68.1,9.64
3730,Sacramento ,95842,-121.3319454,38.6951232,63.29,26.1,81.85,0.0,89.6,76.83,60.71,46.39
5140,Yolo ,95616,-121.7458161,38.5512036,39.99,31.87,42.87,41.41,17.45,17.15,29.24,81.49
3857,Orange ,92780,-117.8244625,33.7530974,59.69,71.51,72.98,0.0,85.98,31.44,35.43,25.98
21717,Orange ,92620,-117.755003,33.6919703,63.29,58.82,66.98,71.21,87.48,6.69,27.41,41.91
8081,Santa Cruz,95060,-122.0240405,36.9638282,13.62,3.97,45.14,9.55,21.68,18.38,21.44,89.94
4854,San Diego,91941,-117.0300534,32.7606911,42.56,49.32,42.38,0.0,38.94,23.95,8.89,71.09
9555,San Bernardino,92301,-117.4161754,34.5136022,88.7,20.77,9.43,0.0,35.45,87.28,99.6,82.14
13457,Contra Costa,94531,-121.8014749,37.944738,37.57,22.31,2.86,61.17,49.73,94.08,77.58,27.85
6310,San Mateo,94015,-122.469832,37.6569748,10.57,21.21,62.8,0.0,40.84,56.57,50.22,15.59
7467,San Diego,92126,-117.1335089,32.9099606,48.45,43.61,52.83,0.0,56.35,33.57,31.24,27.05
5823,Los Angeles,93551,-118.1750315,34.6286412,88.7,6.78,14.26,0.0,74.1,48.93,53.23,23.17
4771,San Diego,92069,-117.1298502,33.1395167,46.99,20.95,55.37,0.0,51.88,14.28,51.26,43.73
3138,Los Angeles,91105,-118.1562323,34.139856,74.1,57.92,86.41,0.0,75.78,19.17,12.06,18.18
951,San Bernardino,92315,-116.9467039,34.2409525,99.07,3.4,12.56,0.0,6.91,83.03,99.26,76.11
1839,Orange ,92831,-117.8934116,33.8793825,55.38,86.97,46.09,0.0,56.23,51.0,46.42,30.46
2093,Riverside ,92234,-116.449434,33.8196032,88.7,6.37,39.25,0.0,59.66,41.76,59.5,68.83
5905,Orange ,92630,-117.6599285,33.6588801,67.9,49.06,31.46,74.17,52.85,16.48,49.59,34.7
6544,Siskiyou ,96067,-122.3332707,41.3441729,45.04,0.11,8.46,37.62,12.01,59.92,88.46,68.48
7863,Sacramento ,95758,-121.4715626,38.421522,37.57,29.77,42.3,0.0,84.54,59.77,76.76,43.14
2529,Los Angeles,90503,-118.3529869,33.8317827,24.88,72.15,56.38,0.0,73.19,18.46,32.49,13.27
6393,Orange ,90630,-118.0571887,33.8258098,32.15,65.48,44.21,0.0,27.83,26.73,32.24,31.55
5801,San Mateo,94061,-122.2190386,37.4698505,10.57,13.94,69.07,0.0,78.19,40.7,10.58,43.73
5342,Sonoma ,95403,-122.7912911,38.5043031,10.57,7.09,50.11,78.07,77.15,57.0,52.01,39.62
2295,Ventura ,93043,-119.2067537,34.1621779,24.88,32.5,46.66,0.0,53.29,36.43,25.21,74.87
5973,Santa Clara,95127,-121.8283233,37.3735434,20.85,23.16,28.49,0.0,37.68,67.14,66.77,44.62
2553,Los Angeles,91775,-118.0972871,34.1089102,75.12,62.12,20.7,56.62,22.59,8.7,24.55,20.6
5379,San Francisco,94121,-122.4881473,37.7822651,6.38,28.29,51.75,0.0,45.0,25.22,25.07,47.32
3859,San Francisco,94102,-122.4118881,37.7888066,3.12,28.53,96.93,0.0,32.15,37.7,2.22,40.34
4437,Alameda ,94587,-122.0175013,37.5811633,16.78,22.87,32.77,62.9,41.45,64.1,67.3,9.27
4850,Kern ,93311,-119.1021478,35.3162893,93.63,99.18,46.91,0.0,45.29,39.41,56.46,24.92
3650,Los Angeles,91344,-118.4941725,34.2905628,97.0,57.15,19.74,0.72,13.43,59.63,57.89,11.67
2854,Los Angeles,91355,-118.5490974,34.3826426,93.63,47.63,46.12,0.0,58.45,16.28,16.16,27.05
3355,Orange ,92780,-117.8247177,33.7440129,59.69,71.08,86.22,0.0,91.34,38.56,48.39,39.97
6953,San Bernardino,91709,-117.723592,33.9733621,69.32,90.82,30.84,0.0,41.29,21.76,54.22,13.73
2373,Los Angeles,91754,-118.1338308,34.0414853,64.73,84.22,27.5,0.0,32.75,34.26,22.1,28.42
6324,Los Angeles,91381,-118.5979256,34.3510157,88.86,46.31,10.29,47.62,98.14,10.29,43.02,30.78
5224,San Francisco,94110,-122.4120842,37.7558368,3.83,25.64,98.52,0.0,29.93,74.21,36.42,40.11
6758,San Diego,92064,-117.0535531,32.9466011,58.23,42.85,26.91,0.0,48.49,15.65,28.12,61.55
11441,Santa Clara,95134,-121.921025,37.3933698,17.65,24.6,83.88,0.0,90.13,11.62,29.65,3.33
4779,Orange ,92647,-118.0154407,33.7263926,32.15,59.33,33.44,0.0,40.43,40.43,36.49,32.05
3352,Orange ,90740,-118.0833849,33.7700681,24.88,65.46,70.8,58.9,99.18,15.98,42.68,55.69
6406,San Mateo,94015,-122.489464,37.6922564,10.57,22.86,51.69,0.0,44.54,64.18,61.08,9.46
7407,San Diego,92106,-117.219952,32.7323401,32.15,49.04,67.62,0.0,50.36,17.02,6.82,32.49
3710,Riverside ,92595,-117.2726286,33.6205579,79.99,48.21,79.38,0.0,85.21,51.63,98.93,58.02
8931,Contra Costa,94513,-121.7021082,37.9109334,42.56,23.53,21.38,85.55,32.45,66.74,70.15,12.69
3783,Placer ,95677,-121.2279836,38.7956489,67.9,13.5,81.94,1.45,49.65,52.8,66.61,41.91
5025,San Diego,92029,-117.1011559,33.0970653,50.54,16.81,46.45,32.38,71.66,7.49,50.32,24.17
2680,Orange ,92870,-117.8494835,33.9029233,55.38,84.13,75.52,87.9,54.43,20.92,31.34,13.73
3552,Los Angeles,91326,-118.5550665,34.2804584,93.63,54.05,58.01,0.0,84.58,23.4,69.59,38.57
2459,Los Angeles,90034,-118.4018807,34.0218574,44.98,66.11,96.18,0.0,68.66,35.84,47.18,42.61
5934,Alameda ,94579,-122.1689582,37.684528,7.52,30.53,28.57,0.0,9.0,59.66,38.24,14.48
3530,Los Angeles,90404,-118.4872348,34.0254597,53.73,66.97,63.46,0.0,50.95,68.21,38.96,16.56
6999,Sacramento ,95683,-121.1180411,38.5074766,65.75,13.06,4.08,81.1,6.36,32.38,57.44,16.32
4631,Los Angeles,90041,-118.2097406,34.1297234,69.32,63.11,22.24,0.0,49.64,23.01,13.16,25.25
2891,Alameda ,94538,-121.9515237,37.5184218,16.78,25.94,82.13,0.0,70.06,56.79,65.72,13.27
5557,Orange ,92708,-117.9605931,33.6942394,42.56,62.14,24.73,33.0,59.99,22.1,38.81,25.43
6070,San Bernardino,92354,-117.2380005,34.0549636,100.0,60.22,75.62,66.07,35.65,21.56,21.04,70.34
3993,Orange ,90623,-118.0380241,33.8583374,42.56,74.25,31.66,0.0,85.26,18.48,18.98,24.72
6009,San Mateo,94015,-122.4608392,37.6555598,10.57,24.75,66.81,0.0,86.0,47.36,35.56,31.26
3990,Sacramento ,95621,-121.3150241,38.6952078,63.29,23.75,77.67,0.0,95.71,74.54,84.32,48.2
5272,Contra Costa,94513,-121.7489395,37.8837503,42.56,21.69,8.74,73.86,18.05,65.78,69.42,8.68
1332,Riverside ,92282,-116.6555007,33.9744497,93.63,4.64,13.34,0.0,71.85,43.05,83.86,96.66
6228,Napa ,94558,-122.3027487,38.2689461,16.78,41.34,49.76,77.52,68.13,44.85,38.73,26.38
5625,Los Angeles,91748,-117.8795993,33.9818656,64.73,87.8,43.73,0.0,63.69,18.25,21.66,33.37
6740,Orange ,92833,-117.9712501,33.884898,53.73,75.79,25.39,0.0,35.76,36.29,22.67,6.28
4935,San Diego,92123,-117.1342573,32.8015574,37.57,41.67,57.2,0.0,27.35,49.75,20.78,50.52
3171,San Bernardino,92325,-117.2679825,34.2344383,100.0,42.09,7.01,0.0,3.66,90.17,97.92,49.72
3209,Lassen ,96113,-120.152514,40.1324038,56.96,0.81,1.56,40.07,3.61,4.66,4.8,62.59
3126,Contra Costa,94547,-122.2744575,38.0264084,10.57,32.58,86.87,0.0,69.94,50.19,20.11,24.42
1858,San Bernardino,92358,-117.5413331,34.266609,97.6,56.95,8.21,20.17,48.81,22.43,32.79,48.44
4221,Los Angeles,90291,-118.4661137,33.983199,42.56,66.83,70.64,0.0,43.08,22.83,14.44,17.71
4786,Sacramento ,95660,-121.3583148,38.6881636,60.66,31.64,32.05,0.0,46.85,90.25,77.12,73.32
3971,Riverside ,92240,-116.5112051,33.9373778,93.63,5.0,2.17,13.9,46.28,79.34,92.04,96.43
3977,Riverside ,92595,-117.2755965,33.6006686,76.94,47.18,66.48,0.0,12.31,49.63,98.39,52.71
3452,Sacramento ,95833,-121.5016424,38.6203564,50.54,34.24,25.68,0.0,38.31,88.91,86.24,55.24
1858,Riverside ,92586,-117.1977569,33.7251015,91.05,51.44,57.01,36.38,84.04,49.95,75.02,68.63
4875,Orange ,92647,-118.0126393,33.7064714,32.15,57.35,20.93,0.0,49.44,42.96,38.52,18.71
6890,San Bernardino,92336,-117.495486,34.1139317,97.0,91.69,20.67,0.0,34.78,33.57,70.45,24.17
4694,Calaveras ,95228,-120.6736779,37.9756396,71.76,41.59,1.12,33.41,2.78,41.18,68.38,36.28
5694,Los Angeles,90034,-118.4192255,34.027115,46.99,68.81,90.79,0.0,96.34,26.2,36.0,30.04
9609,Los Angeles,91208,-118.2378916,34.2066236,82.63,59.63,50.99,0.0,59.73,8.42,16.48,30.04
4070,Los Angeles,90814,-118.1642818,33.7715757,20.85,63.46,41.58,0.0,30.4,31.41,17.24,70.84
7094,Alameda ,94551,-121.7803522,37.6852748,37.57,19.02,43.29,0.66,25.71,24.46,34.96,24.92
4239,Santa Clara,95054,-121.9480576,37.3851853,16.78,23.87,85.36,0.0,91.04,12.67,20.86,22.01
7598,San Diego,92115,-117.058923,32.7604105,39.99,48.46,21.37,0.0,38.46,61.71,36.94,76.71
4163,Orange ,92869,-117.8202433,33.7841408,57.77,72.82,66.02,0.0,89.03,28.48,39.08,18.18
3467,Riverside ,92557,-117.2523984,33.956709,98.67,61.32,10.98,0.0,35.25,64.44,80.42,76.98
3228,Los Angeles,90068,-118.3345237,34.1319418,69.43,62.76,62.0,0.0,96.46,10.18,22.4,31.26
4870,Stanislaus ,95355,-120.9505449,37.6718475,70.28,57.0,13.81,0.0,45.46,74.41,72.41,58.23
3608,Alameda ,94619,-122.1903803,37.7932754,3.83,36.66,63.34,0.0,56.31,87.43,38.66,32.49
4087,Solano ,94585,-121.9778302,38.2580217,26.7,17.9,18.94,0.0,35.93,88.1,62.1,23.66
5201,Alameda ,94501,-122.2852965,37.7680009,3.12,43.8,52.93,0.0,33.93,74.0,51.82,21.27
3107,Placer ,95678,-121.298816,38.7556033,64.73,17.64,44.77,0.0,36.35,35.29,71.16,46.18
2015,Santa Cruz,95060,-122.0288693,36.9772909,13.62,4.11,85.48,11.21,40.33,18.38,21.44,64.5
4134,Riverside ,92586,-117.1928886,33.7014254,88.7,49.89,38.9,0.0,85.68,70.4,93.42,58.91
16448,San Bernardino,92344,-117.3996436,34.3808892,97.1,46.47,33.3,9.59,62.68,44.63,79.74,44.22
5911,Orange ,92835,-117.8756321,33.9045539,55.38,84.16,45.02,0.0,88.1,27.58,22.82,21.51
4823,Santa Clara,95125,-121.8970809,37.3163893,20.85,31.74,81.66,0.0,94.43,30.23,19.07,28.42
4924,Los Angeles,91307,-118.6306683,34.2024601,79.99,53.15,24.51,41.97,29.94,43.81,46.47,7.83
4942,Kern ,93283,-118.2658355,35.5169895,93.85,1.1,0.5,29.69,0.49,75.22,98.34,84.54
4058,Napa ,94503,-122.2596823,38.1608327,16.78,34.21,67.24,0.0,81.99,76.12,66.01,33.0
3394,San Francisco,94112,-122.4523964,37.7193276,6.38,28.55,90.58,0.0,90.54,60.77,35.09,49.31
4699,Fresno ,93727,-119.6910954,36.8011827,88.7,96.28,32.2,0.0,43.19,48.21,20.11,65.08
3326,Shasta ,96019,-122.3698759,40.6925227,58.23,16.93,45.15,0.0,22.65,71.83,90.47,76.43
6107,Riverside ,92262,-116.5474414,33.863302,93.63,3.67,24.43,33.1,26.25,68.03,61.25,89.76
3286,Orange ,92840,-117.955544,33.795374,44.98,75.4,17.52,0.0,57.86,41.51,58.74,34.92
6459,Los Angeles,90505,-118.358157,33.8119503,24.88,71.28,62.56,0.0,56.98,26.17,51.1,25.98
5717,Alameda ,94566,-121.8874736,37.657232,26.7,20.02,80.71,68.14,62.3,20.15,15.1,40.55
6433,San Bernardino,92308,-117.2261814,34.4477844,93.85,9.97,7.32,0.0,33.55,80.6,95.85,49.55
9253,Orange ,92606,-117.8097464,33.6916929,60.66,61.39,47.97,9.52,46.86,8.2,20.54,27.05
7622,Los Angeles,90638,-117.9857888,33.9096825,55.38,75.25,48.0,0.0,55.15,21.56,40.64,31.55
5401,Santa Clara,95126,-121.9087747,37.3191212,20.85,31.04,89.43,0.0,79.65,48.26,39.81,19.6
5936,Los Angeles,90212,-118.4057737,34.0618645,55.38,69.47,88.28,0.0,65.74,27.01,33.92,21.72
5109,Santa Barbara,93110,-119.784079,34.4366709,22.19,13.53,46.71,64.17,74.34,26.17,12.6,38.91
8220,Riverside ,92591,-117.1579375,33.5357701,74.1,39.4,77.24,0.0,92.08,30.68,86.03,30.46
4198,San Diego,92114,-117.0381036,32.7163209,37.57,50.86,29.96,0.0,8.56,76.52,35.56,54.03
3379,Monterey ,93940,-121.884531,36.5939065,11.56,2.81,68.2,49.97,72.5,35.42,12.56,25.25
2019,Los Angeles,90048,-118.3695958,34.0781753,56.96,67.23,37.54,0.0,76.78,15.18,42.4,13.52
5519,Los Angeles,93536,-118.2247482,34.6632213,88.7,7.07,7.58,0.0,9.96,69.79,61.98,51.09
6030,San Mateo,94403,-122.2787573,37.5436595,7.52,26.04,78.84,0.0,98.16,39.53,12.31,22.71
7944,Ventura ,93004,-119.1565313,34.2788511,35.16,37.03,42.25,89.86,41.98,39.05,18.26,25.72
1634,Los Angeles,93536,-118.5802758,34.7603754,75.37,2.66,5.23,46.21,27.15,50.27,48.92,61.76
5604,San Mateo,94080,-122.4372438,37.6604839,10.57,27.26,71.18,10.86,41.73,61.07,37.87,20.95
6738,Sacramento ,95843,-121.37028,38.707515,62.53,27.53,24.36,0.0,55.34,71.11,95.03,49.12
3836,Orange ,92626,-117.9339427,33.6818524,46.99,58.88,50.37,44.59,58.29,29.3,26.15,37.89
4582,Marin ,94903,-122.5138443,38.0317512,10.57,20.54,35.74,0.0,92.85,23.59,36.05,10.44
4572,Los Angeles,91311,-118.5721382,34.2536788,91.05,58.79,27.26,0.0,53.43,55.05,68.53,17.71
10265,Alameda ,94588,-121.9128234,37.6706482,24.88,20.97,92.1,28.31,92.23,28.74,41.75,3.33
5075,Riverside ,92584,-117.2176633,33.6278615,79.99,45.64,37.64,52.97,78.43,42.58,93.17,33.98
5314,Los Angeles,93536,-118.1722433,34.6708476,88.7,9.71,6.87,0.0,29.71,67.7,50.56,39.21
2039,Los Angeles,93552,-118.0410787,34.528512,88.7,16.39,4.99,0.0,57.4,83.25,76.35,55.87
4818,Solano ,95687,-121.9443944,38.3695164,35.16,10.07,65.28,49.14,67.41,83.31,67.95,25.98
4811,Los Angeles,90066,-118.4304607,34.0210549,46.99,69.3,78.89,0.0,96.48,11.2,12.66,52.53
7069,Sonoma ,94931,-122.719615,38.3395569,7.52,9.31,29.18,54.48,59.6,24.41,15.33,57.63
3196,Placer ,95661,-121.2704703,38.7331219,65.36,18.39,74.65,0.0,89.14,41.34,55.58,54.55
3878,Monterey ,93906,-121.6212411,36.7123618,11.56,1.71,27.98,98.17,22.3,71.8,47.18,42.11
3981,Los Angeles,90024,-118.4411825,34.0619002,59.69,67.93,82.7,0.0,87.34,3.46,40.48,60.01
2619,Alameda ,94609,-122.2579072,37.8305977,3.12,44.89,71.55,0.0,72.91,89.52,42.22,35.15
3632,San Francisco,94121,-122.5039633,37.7791834,6.38,27.43,43.98,0.0,14.41,25.22,25.07,18.18
6205,Riverside ,92882,-117.5910428,33.8648895,76.94,90.67,12.63,0.0,23.71,40.32,84.52,33.98
5112,San Diego,92110,-117.1982516,32.7712924,35.16,48.19,84.87,0.0,77.0,31.63,7.89,38.33
6698,Santa Clara,95123,-121.8160566,37.2475987,29.89,15.05,77.51,0.0,77.71,58.86,43.58,4.57
2645,Los Angeles,91789,-117.8513684,34.0292579,69.32,88.57,22.36,25.93,22.48,19.09,35.72,22.47
6981,Orange ,92886,-117.8163112,33.8895406,55.38,83.98,62.63,0.0,47.46,14.1,45.8,36.8
5437,Santa Clara,95035,-121.9009699,37.4513759,20.85,19.73,81.44,0.0,67.71,23.83,42.81,4.27
8818,San Bernardino,92307,-117.231776,34.5182935,84.58,8.49,29.25,56.07,23.76,89.08,92.35,46.18
4618,San Francisco,94134,-122.4105033,37.7234533,6.38,25.58,81.57,15.45,9.05,77.18,33.5,18.44
6947,Ventura ,93033,-119.1819133,34.1676376,24.88,33.37,22.85,0.0,40.44,52.38,67.49,64.72
3171,Los Angeles,91505,-118.3531198,34.1720062,79.99,61.74,27.06,0.0,41.63,33.13,36.89,20.38
2231,San Diego,92108,-117.179893,32.7635585,32.15,47.17,95.0,0.0,77.79,7.29,0.09,29.74
4363,San Mateo,94080,-122.4341168,37.6658727,10.57,20.0,45.56,22.86,9.19,70.35,50.32,28.42
4278,San Diego,92115,-117.0496451,32.7711381,42.56,48.06,76.38,0.0,80.15,25.47,5.0,73.0
3286,Sonoma ,95404,-122.7083509,38.43518,10.57,9.56,87.79,0.0,61.76,40.78,41.16,72.4
5668,Ventura ,93065,-118.752394,34.277179,69.32,43.67,72.35,0.0,79.95,42.1,53.81,16.04
8600,San Bernardino,92395,-117.2703695,34.489825,84.58,10.99,36.08,0.0,88.99,94.44,99.05,30.46
9987,Riverside ,92584,-117.1657865,33.7037298,91.05,48.34,38.28,0.0,69.45,37.01,66.94,68.48
2799,Alameda ,94587,-121.9815046,37.6163011,17.65,15.1,11.81,38.28,50.41,67.91,71.1,24.92
2362,Monterey ,93955,-121.8296953,36.6190324,10.57,3.04,18.43,0.0,13.88,72.48,47.18,52.71
7427,San Diego,92040,-116.9470083,32.9015716,66.96,37.55,11.64,0.0,39.1,38.12,37.59,35.93
3745,Los Angeles,91789,-117.8559096,34.0180144,67.9,89.86,37.05,0.0,16.53,19.09,35.72,43.14
7734,San Bernardino,91739,-117.5341378,34.1284667,97.0,92.94,58.84,0.0,66.78,17.86,69.59,25.25
6318,Placer ,95602,-121.0601198,38.9479978,75.12,5.91,43.2,63.86,44.28,54.24,34.35,50.01
4405,Contra Costa,94803,-122.2870052,37.9824969,6.38,34.47,64.78,0.0,88.6,57.23,39.21,30.29
7394,San Bernardino,92346,-117.1709663,34.1305047,100.0,53.04,4.27,47.66,11.39,61.25,77.31,17.19
4649,San Francisco,94112,-122.4357008,37.7178905,6.38,27.39,92.32,0.0,41.35,60.77,35.09,36.11
5477,Alameda ,94560,-122.0353376,37.5362317,13.62,25.66,45.24,0.0,25.33,76.12,67.0,29.03
7242,Riverside ,92555,-117.2043216,33.8965004,98.67,56.33,37.08,0.0,31.3,61.08,72.18,48.73
5340,San Francisco,94115,-122.4286631,37.7799831,3.12,26.16,97.91,3.1,25.6,49.79,3.5,90.05
6130,Sacramento ,95624,-121.3851814,38.4310676,42.56,29.14,44.73,2.83,79.33,45.78,79.3,27.85
5207,Orange ,92624,-117.6670752,33.4610098,62.53,49.01,82.34,17.45,92.81,24.29,23.47,28.17
2983,Riverside ,92220,-116.905094,33.9845789,97.6,22.56,1.29,0.14,7.35,85.66,96.2,63.91
9852,Los Angeles,90292,-118.4532292,33.9815095,39.99,66.07,95.94,0.0,68.69,21.0,30.45,32.05
6712,Alameda ,94588,-121.8526518,37.6824862,32.15,21.75,17.91,60.66,64.15,22.73,31.97,1.06
2428,Los Angeles,90067,-118.4137159,34.056456,55.38,68.44,65.63,0.0,79.28,3.75,2.18,31.26
3342,Sutter ,95953,-121.8399669,39.2210289,63.7,23.55,4.82,83.76,0.6,22.4,80.73,15.33
4449,Orange ,90740,-118.0886935,33.7660256,24.88,61.01,33.64,47.9,78.26,15.04,40.42,45.36
4402,Los Angeles,90713,-118.1162992,33.8432785,29.89,64.22,17.88,42.0,48.61,32.33,66.86,9.85
4782,Kern ,93309,-119.0823051,35.323044,93.63,99.45,10.72,0.0,32.08,86.45,79.15,44.62
1745,Alameda ,94609,-122.2648882,37.8419909,3.12,42.81,83.76,0.0,67.06,93.07,52.78,24.42
3957,Los Angeles,91355,-118.5500603,34.4257895,93.63,48.11,39.24,0.0,80.96,7.18,11.08,18.91
2012,Siskiyou ,96025,-122.3920674,41.2126953,47.09,0.3,19.54,0.0,18.31,58.74,86.99,73.89
4661,Orange ,90620,-118.0109173,33.8428805,42.56,72.1,40.17,0.0,51.61,57.86,77.44,20.95
5680,Stanislaus ,95356,-121.0220586,37.701155,66.81,54.55,19.55,92.97,26.3,51.06,37.59,60.62
5779,Santa Clara,94040,-122.0968319,37.3981136,13.62,15.89,86.05,0.0,66.74,1.73,3.96,66.11
3955,Lake ,95423,-122.575206,39.081678,17.71,0.32,3.72,44.03,2.96,89.38,68.13,69.72
2942,Los Angeles,90638,-118.0068471,33.8897905,50.54,79.29,56.37,0.0,47.99,34.23,67.12,30.78
6016,Monterey ,93906,-121.6494212,36.7291549,11.56,2.49,61.14,99.9,29.34,58.15,30.21,69.08
3693,Riverside ,92240,-116.5060565,33.9650257,93.63,4.89,11.7,0.0,5.63,79.34,92.04,95.18
4124,Napa ,94558,-122.2993279,38.3344649,20.85,46.4,38.64,73.62,51.8,53.79,55.98,44.07
1819,San Luis Obispo,93401,-120.6778626,35.2456617,13.62,12.76,66.56,88.0,91.99,40.55,16.84,63.77
4241,San Francisco,94132,-122.4678672,37.7193263,7.52,24.93,77.56,0.0,87.26,18.62,6.37,35.57
7490,Orange ,92648,-117.9932396,33.6793865,35.16,57.72,78.16,0.0,39.5,29.06,39.62,39.21
6250,Alameda ,94538,-121.9850086,37.5509731,16.78,21.49,67.14,0.0,66.63,30.1,26.15,8.38
4175,Monterey ,93927,-121.2767662,36.1770603,21.01,0.8,1.92,80.38,9.78,35.44,75.46,64.37
2987,Napa ,94599,-122.3669283,38.3955272,16.78,22.6,44.74,69.55,65.4,53.3,58.64,36.8
5285,Santa Clara,95133,-121.8449069,37.3758853,20.85,27.8,77.15,0.0,88.84,32.14,29.37,39.21
3511,San Francisco,94134,-122.4199075,37.7109991,6.38,27.99,47.14,0.0,2.64,70.38,25.74,89.76
7352,Los Angeles,90212,-118.3944002,34.0620828,55.38,66.81,39.39,0.0,58.65,30.46,35.76,31.55
2090,Riverside ,92555,-117.1429211,33.9523161,99.07,54.06,37.98,49.72,15.98,69.83,91.86,21.27
5509,Ventura ,93036,-119.187345,34.2312155,26.7,37.06,79.54,0.0,62.35,49.25,48.22,32.27
3528,Napa ,94559,-122.2978739,38.2918154,17.65,50.35,63.87,22.0,47.03,47.18,38.24,62.07
4636,Los Angeles,90024,-118.4236856,34.0632,56.96,64.69,81.63,0.0,76.03,4.85,32.12,36.11
5328,Fresno ,93720,-119.7744457,36.8448135,82.48,95.93,77.69,0.0,57.05,56.42,25.35,25.43
2010,Sacramento ,95693,-121.2760218,38.3451903,50.99,26.0,17.0,74.24,36.21,28.07,55.0,54.65
3628,San Diego,92120,-117.0917261,32.7867685,39.99,46.09,51.41,0.0,57.98,34.02,21.61,36.8
8175,Los Angeles,90808,-118.1336549,33.8395895,29.89,64.16,48.62,0.0,63.7,21.51,33.21,39.62
3979,Alameda ,94577,-122.1245218,37.7212241,10.57,26.01,88.5,0.0,74.04,79.65,51.1,8.68
5502,San Diego,92054,-117.343109,33.204411,32.15,43.4,46.52,0.0,34.64,31.14,49.34,53.27
2044,Alameda ,94610,-122.2569405,37.8159606,3.12,46.57,95.59,0.0,72.3,12.77,0.16,53.27
5607,Yolo ,95695,-121.7657298,38.6593278,55.38,39.1,57.66,77.9,26.49,56.13,58.86,41.24
7619,Orange ,92865,-117.8536692,33.8366335,55.38,83.63,49.6,0.0,27.74,43.63,25.5,14.05
5646,Lake ,95453,-122.9155905,39.050958,14.92,1.03,24.13,70.59,14.46,84.96,64.69,48.03
8155,Sacramento ,95843,-121.3557412,38.7117767,63.29,24.52,59.5,0.0,48.18,64.32,86.27,48.44
3884,Los Angeles,91042,-118.2709988,34.2487776,91.05,55.0,26.61,0.0,77.38,13.06,45.13,27.05
3579,Sacramento ,95823,-121.4384109,38.4632142,39.99,32.37,22.23,0.0,24.34,98.45,98.74,83.04
8190,Orange ,92675,-117.6768613,33.4852789,64.73,49.58,44.06,21.79,49.78,5.68,23.19,48.58
5147,Orange ,92606,-117.8221596,33.6849393,59.69,63.21,81.38,45.86,53.46,8.91,23.24,54.15
7156,Santa Cruz,95062,-122.0105554,36.9847446,13.62,3.86,79.98,11.24,65.85,16.76,15.67,48.58
6649,Riverside ,92240,-116.4896937,33.954147,93.63,5.02,18.01,0.0,17.96,79.34,92.04,94.85
2040,Contra Costa,94553,-122.1262172,38.0176872,13.62,34.41,54.42,0.0,1.33,67.32,48.92,33.54
5719,Merced ,95340,-120.4372681,37.3461289,72.55,72.94,9.02,77.79,5.51,97.64,97.46,20.6
8106,Ventura ,93065,-118.768421,34.3123277,69.57,38.27,13.89,1.48,81.41,37.48,40.19,19.38
5631,Orange ,90630,-118.0414924,33.8254171,37.57,70.93,25.45,0.0,42.13,31.69,39.08,46.82
3952,Alameda ,94544,-122.0285144,37.619128,14.92,20.81,31.74,26.97,61.88,86.91,79.57,30.29
6817,Riverside ,92240,-116.5281763,33.9472557,93.63,4.83,9.47,1.62,13.45,79.34,92.04,95.26
4566,Orange ,92831,-117.8784328,33.8931393,55.38,86.35,54.96,0.0,90.0,23.03,14.18,62.25
3801,San Diego,92103,-117.1630579,32.7533323,32.15,48.39,95.47,0.0,58.61,54.76,37.18,27.35
2614,Riverside ,92860,-117.547508,33.9389622,84.58,93.29,73.23,30.03,79.86,23.18,75.22,12.16
5417,San Diego,92116,-117.1186054,32.7628849,35.16,47.64,79.24,0.0,78.94,45.29,13.91,73.2
4526,Fresno ,93711,-119.8307726,36.8155701,82.48,95.77,37.06,0.0,34.04,62.44,28.83,33.77
4764,Los Angeles,90713,-118.117102,33.863466,35.16,67.74,28.08,48.93,33.36,21.91,41.61,30.93
5124,Los Angeles,90020,-118.3317418,34.0677859,50.99,76.9,51.64,0.0,61.25,24.83,24.44,27.85
7439,Contra Costa,94513,-121.7147968,37.9422173,37.57,30.49,44.22,7.79,49.05,66.74,70.15,19.89
4221,Solano ,94533,-122.0358438,38.2769991,24.88,20.41,68.38,0.0,88.31,98.06,81.09,26.67
5413,Los Angeles,91106,-118.1144868,34.1519261,78.01,57.36,84.65,0.0,92.3,13.52,11.5,47.75
3961,San Joaquin,95240,-121.2845139,38.1084701,44.98,51.01,25.31,47.76,24.26,51.87,63.72,53.62
8457,Los Angeles,90803,-118.1273194,33.7691133,22.19,61.59,64.18,0.0,53.78,16.81,11.17,14.66
6799,Riverside ,92234,-116.4624368,33.8086838,88.7,6.46,58.34,0.0,50.81,45.96,65.45,97.75
4109,Los Angeles,91311,-118.6227865,34.2674995,84.58,50.93,55.67,11.41,87.54,39.27,47.42,33.98
3561,Alameda ,94546,-122.0672947,37.6881143,13.62,31.44,64.77,0.0,89.06,55.16,33.21,34.21
7468,San Diego,92084,-117.2241894,33.2069221,39.99,29.33,30.26,50.59,23.3,33.25,43.64,36.28
3248,Orange ,90720,-118.079092,33.7981512,29.89,65.35,59.03,0.0,88.64,27.33,41.85,3.73
5162,Los Angeles,90048,-118.3811478,34.0812987,59.69,66.06,53.47,0.0,68.35,10.59,29.3,31.55
5221,Santa Clara,95035,-121.8969311,37.4399072,20.85,19.7,75.36,0.0,69.28,23.83,42.81,14.27
3899,San Diego,92056,-117.2981757,33.2001356,35.16,38.74,17.54,60.83,60.06,30.81,54.22,38.13
3591,Del Norte,95531,-123.8644287,41.7464666,13.65,0.66,1.51,81.66,3.14,55.71,85.77,61.65
3694,Contra Costa,94596,-122.0583635,37.8918717,14.92,33.32,95.49,5.24,90.39,30.37,33.29,48.44
3158,Los Angeles,90034,-118.4031746,34.0249593,44.98,66.11,93.67,0.0,66.35,32.5,44.53,33.2
4409,Plumas ,96122,-120.3358146,39.9140961,69.35,7.11,2.41,40.93,2.46,87.72,21.14,54.38
2806,Orange ,92887,-117.7152823,33.8742185,63.66,86.82,85.97,0.0,97.93,17.2,51.1,43.33
6792,Orange ,92692,-117.6666493,33.55068,66.81,44.64,84.84,0.0,96.63,4.67,18.83,54.65
6687,Los Angeles,91724,-117.8463468,34.1030793,79.99,89.09,38.82,0.0,8.26,36.04,32.71,57.01
4519,Stanislaus ,95350,-121.0220677,37.685664,67.9,55.86,14.66,0.0,43.66,81.17,59.5,55.39
5512,Orange ,90620,-118.019392,33.8135237,37.57,69.72,51.77,0.0,58.03,34.37,37.3,33.37
4687,Humboldt ,95540,-124.1339756,40.562558,10.57,4.72,18.86,48.24,5.53,90.96,99.54,65.54
3715,Placer ,95661,-121.2625533,38.7386514,65.36,17.77,55.93,0.0,80.45,52.62,68.41,53.62
4730,Sacramento ,95608,-121.3175668,38.6559109,62.53,31.89,14.6,0.0,39.35,82.14,51.48,39.4
5013,San Bernardino,91784,-117.6325109,34.1262864,93.63,98.22,45.9,53.1,84.6,13.01,25.21,24.42
10335,San Bernardino,92374,-117.1560951,34.076777,100.0,53.91,55.46,76.07,14.9,60.61,57.23,32.49
4639,Amador ,95665,-120.6621779,38.3930097,68.09,17.03,5.21,14.62,12.35,56.84,31.97,33.0
2428,Los Angeles,91040,-118.3078874,34.2732407,95.27,57.37,44.52,0.0,2.21,32.12,43.28,34.92
3636,Orange ,92780,-117.8072725,33.7419279,60.66,70.82,34.29,0.0,37.65,29.96,34.26,18.18
2329,Riverside ,92882,-117.5772407,33.8601348,78.01,90.09,12.81,0.0,30.56,30.77,71.49,6.48
5768,Santa Barbara,93013,-119.5173821,34.4052646,24.88,22.23,25.41,77.03,26.83,29.16,7.63,42.76
3285,San Diego,91902,-117.0578802,32.656474,29.89,50.34,68.1,0.0,75.1,28.0,10.01,38.91
6776,Riverside ,92504,-117.3647054,33.870618,95.27,69.1,34.44,40.24,38.99,52.85,57.75,21.27
13750,Riverside ,92883,-117.4957943,33.7428832,78.22,55.98,8.65,0.0,99.38,17.01,64.31,23.91
4325,Monterey ,93955,-121.8411902,36.6107804,10.57,3.09,40.4,0.0,16.16,72.48,47.18,78.28
6070,Los Angeles,90065,-118.2103941,34.1048825,66.81,73.18,35.49,0.0,50.6,33.71,6.69,29.74
4622,Sutter ,95993,-121.6473903,39.1765368,52.06,39.34,47.59,96.93,16.55,24.29,80.05,33.77
6822,Alameda ,94538,-121.9737794,37.5313805,16.78,25.19,25.71,0.0,67.36,56.79,65.72,17.49
2372,Los Angeles,91344,-118.5084331,34.2984691,97.0,54.52,15.32,17.31,5.45,59.63,57.89,24.72
3240,Ventura ,93060,-119.0857732,34.3477055,50.54,36.78,46.11,77.97,10.71,49.43,57.38,46.39
5859,Santa Clara,95051,-121.9905577,37.359077,16.78,17.29,76.04,0.0,83.25,19.29,28.83,10.44
5091,Sacramento ,95621,-121.3176091,38.7123178,63.29,23.81,77.4,0.0,68.99,72.77,81.88,41.91
2643,Riverside ,92860,-117.5346297,33.9420596,84.58,93.49,14.81,29.86,68.03,19.32,63.57,43.14
7040,Riverside ,92223,-116.9737171,33.9591433,98.67,45.66,6.11,4.07,6.23,69.03,94.68,63.52
3080,Placer ,95677,-121.237039,38.7818607,66.81,14.2,79.51,0.0,87.69,54.39,68.66,40.8
5266,Riverside ,92539,-116.7224654,33.6096837,84.63,6.48,1.27,37.07,3.0,22.57,75.05,69.48
2742,Los Angeles,90291,-118.4597985,34.0034867,46.99,64.17,53.88,0.0,50.34,23.34,14.74,22.93
5574,Alameda ,94546,-122.0836768,37.6855718,11.56,29.25,67.75,0.0,88.3,62.84,45.13,12.45
2946,Orange ,92627,-117.9169409,33.6368923,50.54,54.72,77.03,0.0,77.18,47.81,24.21,32.79
4577,Los Angeles,91344,-118.5220166,34.2894537,97.0,54.41,43.14,8.21,89.1,58.4,56.52,1.32
4739,Alameda ,94541,-122.064666,37.6807791,13.62,29.98,36.53,0.0,34.01,84.52,65.79,41.24
3781,Los Angeles,91040,-118.3554781,34.2573787,95.27,56.24,23.91,7.69,51.51,44.19,36.55,9.27
1261,Siskiyou ,35,-121.8260568,41.4116025,47.09,0.16,0.22,28.72,0.76,57.6,86.07,63.24
9300,Riverside ,92585,-117.1237892,33.7143137,91.05,47.84,49.91,68.28,12.06,28.61,68.2,49.55
4061,Los Angeles,90814,-118.1577274,33.7717856,20.85,62.86,31.84,0.0,33.06,36.7,26.3,61.76
4146,Monterey ,93905,-121.6144997,36.6930236,11.56,1.74,23.73,72.07,12.14,81.67,54.36,96.33
5471,San Diego,92116,-117.1084678,32.7586957,35.16,48.6,91.3,0.0,48.25,32.18,5.43,65.41
2428,Del Norte,95531,-124.1930607,41.7755135,0.19,4.54,17.13,0.0,9.36,83.74,97.97,96.86
4617,Sonoma ,95448,-122.8671471,38.6120817,14.92,5.43,77.42,74.48,62.48,35.32,24.1,48.58
5229,Santa Barbara,93436,-120.3432843,34.6948804,7.54,7.33,4.52,87.21,3.84,50.24,64.23,43.33
2955,Los Angeles,91789,-117.8556711,34.0450793,71.66,85.18,32.81,36.72,73.16,19.09,35.72,48.92
6281,Sutter ,95993,-121.6796539,39.1627684,55.38,37.49,23.85,91.59,17.73,18.53,77.77,56.38
3149,Sacramento ,95833,-121.4912633,38.6249041,51.9,34.0,23.47,0.0,47.04,87.66,84.55,67.17
5835,San Luis Obispo,93433,-120.6245239,35.1222342,16.78,20.11,51.56,94.41,41.0,60.09,17.5,51.21
3927,Los Angeles,90034,-118.411879,34.027809,46.99,69.92,91.7,0.0,90.56,28.95,38.32,32.05
3427,San Francisco,94110,-122.412786,37.7368829,6.38,25.46,99.32,0.0,85.93,74.21,36.42,21.27
7077,Marin ,94949,-122.5155998,38.058006,11.56,22.41,19.43,0.0,99.81,43.56,27.63,18.91
4984,Imperial ,92274,-115.9218123,32.9323841,55.38,19.28,3.04,61.62,9.11,25.4,17.07,48.03
2427,Fresno ,93657,-119.5155966,36.7700677,88.7,93.08,12.18,83.66,5.16,73.73,40.99,59.52
3226,Ventura ,93036,-119.1820294,34.2233671,26.7,35.91,74.87,0.0,66.73,49.25,48.22,58.91
3134,Solano ,94533,-122.0064188,38.270075,26.7,22.14,29.47,0.0,50.59,98.06,81.09,33.37
6354,Monterey ,93901,-121.6725273,36.6584132,10.57,1.89,41.36,98.69,39.85,80.41,30.45,30.78
5247,Contra Costa,94523,-122.0606042,37.9515418,14.92,35.12,87.18,40.41,93.98,31.41,37.99,25.25
4364,Ventura ,93010,-119.0596989,34.2274729,35.16,42.97,48.72,33.34,23.36,35.78,47.18,53.62
6265,San Diego,91977,-116.9812065,32.73925,50.54,50.27,26.66,0.0,18.55,59.41,35.9,62.35
5632,Los Angeles,90245,-118.4208606,33.9274501,32.15,74.64,89.83,0.0,50.53,7.74,10.73,25.72
4037,Los Angeles,91748,-117.9197398,33.9850726,66.81,82.86,27.64,0.0,59.31,22.56,28.45,36.42
4405,Sacramento ,95864,-121.3922087,38.5813575,50.54,38.86,46.4,0.0,46.64,59.3,49.5,51.21
5051,San Diego,91945,-117.0195675,32.7249965,42.56,51.04,27.28,0.0,67.54,54.14,19.68,55.11
4870,San Mateo,94403,-122.3122521,37.5443066,7.52,22.68,73.96,0.0,75.68,45.16,15.45,43.89
5462,Los Angeles,90066,-118.4233089,33.9882746,39.99,64.19,66.33,0.0,66.33,29.06,38.32,25.25
3843,Sacramento ,95610,-121.2781931,38.6711638,64.73,22.25,37.26,0.0,62.63,74.64,75.02,54.38
6506,Kern ,93311,-119.1187516,35.3180792,93.63,99.2,44.78,0.0,28.05,47.07,67.49,26.21
5081,Napa ,94558,-122.3624022,38.3688762,17.65,23.93,32.1,75.79,58.49,47.52,47.18,25.25
3868,Orange ,92637,-117.7248144,33.6167121,66.81,47.59,71.21,0.0,93.4,15.93,15.2,56.67
10900,Sacramento ,95632,-121.2877759,38.2826336,53.73,32.46,51.96,71.55,40.26,48.12,84.66,22.71
6558,Sacramento ,95757,-121.464092,38.3888274,42.56,26.7,26.46,51.72,68.89,41.25,51.3,25.72
5674,Los Angeles,90045,-118.4180348,33.9665412,35.16,64.56,49.89,0.0,49.96,6.74,10.73,55.69
3723,San Mateo,94402,-122.3170319,37.55291,10.57,23.83,87.13,0.0,86.33,27.33,8.84,22.93
7587,Santa Clara,94085,-122.0047735,37.3800277,16.78,17.13,88.05,0.0,82.14,11.76,20.25,18.71
12100,Los Angeles,90094,-118.4172475,33.9769997,37.57,64.72,63.43,0.0,79.03,19.57,22.48,16.82
4586,Los Angeles,91006,-118.0195541,34.1278975,82.48,71.18,40.63,0.0,10.9,10.9,2.22,60.9
5006,Sacramento ,95826,-121.3606353,38.5555504,50.54,35.17,77.75,0.0,75.28,81.22,62.84,36.42
2332,Sacramento ,95621,-121.2954194,38.6855205,64.73,24.64,60.81,0.0,70.94,53.43,58.21,55.24
2508,Los Angeles,90045,-118.4012,33.9569112,35.16,73.23,92.22,0.0,72.59,18.84,44.13,31.26
8168,Yolo ,95776,-121.7378154,38.6699365,56.96,43.16,54.31,27.66,36.71,62.25,83.04,45.06
5147,Ventura ,93060,-119.1600913,34.2996992,37.78,32.61,46.6,95.28,27.21,25.65,8.66,34.48
6360,Riverside ,92562,-117.1893095,33.6090788,79.99,41.22,56.05,62.62,75.61,31.27,83.9,14.05
5925,Orange ,92630,-117.6804455,33.6565671,67.9,44.26,48.67,65.59,34.16,17.72,52.16,23.66
6180,Fresno ,93720,-119.7636741,36.8703273,84.58,95.06,56.76,0.0,55.45,42.46,13.68,35.35
5278,Los Angeles,90278,-118.3619491,33.869596,26.7,75.05,59.46,37.93,72.56,23.9,40.83,15.59
4799,Monterey ,93905,-121.5991739,36.6886905,13.62,2.07,24.75,99.52,11.41,63.19,31.54,50.68
7788,Los Angeles,91773,-117.7979719,34.1049693,82.63,90.47,36.5,18.0,6.95,31.33,34.56,33.98
5761,Alameda ,94704,-122.269247,37.8678899,3.12,40.22,61.58,0.0,12.33,5.5,29.65,91.46
6285,Orange ,92660,-117.868556,33.6333298,55.38,52.96,39.14,71.93,79.53,7.03,9.17,21.27
2562,San Francisco,94102,-122.4224838,37.7823363,3.12,26.16,99.85,3.14,71.5,78.73,20.03,54.95
6928,San Bernardino,91709,-117.7509989,34.0058644,70.52,91.1,28.92,41.31,69.06,17.77,45.2,30.46
7174,Los Angeles,91350,-118.521858,34.4298866,93.63,48.16,73.98,0.0,73.85,20.41,33.08,17.71
4762,San Joaquin,95242,-121.3290413,38.1663993,50.54,47.97,8.96,83.41,4.36,76.36,61.71,36.55
4391,Tuolumne ,95335,-120.1895292,38.2149739,69.57,4.38,1.34,0.55,4.55,56.27,74.15,65.28
5519,Riverside ,92563,-117.1737474,33.5646444,76.94,40.25,81.36,0.0,83.54,38.3,92.56,27.56
3052,Los Angeles,90277,-118.3979526,33.8464727,29.89,73.01,55.81,0.0,31.73,7.33,17.34,8.07
12354,Riverside ,92571,-117.1955551,33.836834,97.0,54.08,8.57,0.0,43.31,65.78,91.1,62.84
3094,San Bernardino,92277,-116.197921,34.1218895,88.82,2.35,0.57,0.0,1.71,38.8,99.48,81.91
4274,Sacramento ,95626,-121.4511607,38.7199055,62.53,21.95,5.9,75.59,2.54,55.5,70.89,47.32
4356,Butte ,95969,-121.6098642,39.7817973,70.52,5.71,8.44,0.0,17.68,41.67,61.4,63.24
5586,Riverside ,92506,-117.3619258,33.9200472,95.27,83.83,18.33,45.59,75.54,49.04,47.62,3.33
4335,San Mateo,94080,-122.4559183,37.6629478,10.57,24.67,53.55,0.0,82.05,62.41,39.89,16.56
5047,Yolo ,95776,-121.7446437,38.5944095,47.14,26.87,14.76,85.52,24.93,17.47,22.67,37.64
6715,San Diego,92119,-117.0140841,32.7968558,50.99,46.17,58.56,0.0,30.75,34.1,33.0,47.11
8465,Santa Clara,95020,-121.5925135,37.0245262,32.15,4.56,51.14,57.28,22.41,68.13,76.17,48.92
3575,Shasta ,96047,-122.6481015,40.5276578,55.38,5.66,0.55,23.83,0.73,31.87,43.28,58.62
6979,San Diego,92121,-117.1716969,32.8914561,46.99,42.35,63.65,0.0,68.29,13.52,8.33,19.12
4835,San Francisco,94109,-122.419076,37.7907445,3.12,28.53,99.88,0.0,53.91,42.76,11.84,27.35
5243,Fresno ,93711,-119.8311646,36.8300711,82.48,95.27,25.61,0.0,36.36,62.89,28.54,27.56
4048,Ventura ,91360,-118.8826181,34.1878048,53.73,41.49,37.21,0.0,84.15,17.58,54.71,44.87
6377,Riverside ,92860,-117.5321545,33.9155438,84.58,92.15,50.5,26.38,67.7,13.97,53.32,31.73
5083,San Francisco,94112,-122.439533,37.7138685,6.38,27.39,77.71,0.0,35.44,60.77,35.09,50.85
2887,Riverside ,92544,-116.9264553,33.7338091,91.05,29.32,10.03,61.86,3.9,78.04,93.91,56.22
10458,San Bernardino,92336,-117.4693948,34.1610731,98.67,90.03,45.28,0.0,93.23,34.46,74.99,12.84
7559,Contra Costa,94509,-121.7940175,37.9762527,35.16,29.52,27.54,0.0,72.48,94.29,68.38,47.5
3914,Contra Costa,94521,-122.0017551,37.9631631,22.19,32.27,33.42,0.0,53.71,31.31,14.79,52.11
3956,San Francisco,94132,-122.4782503,37.7159256,10.57,24.93,77.7,0.0,87.53,38.12,28.98,70.84
4448,San Diego,92116,-117.1207142,32.7582452,35.16,47.95,64.13,0.0,74.46,34.56,6.26,65.54
4594,Orange ,92649,-118.0371737,33.7226068,29.89,58.13,46.17,0.0,44.64,20.33,43.02,30.04
3770,Tuolumne ,95370,-120.3994429,37.9791454,75.12,21.14,24.09,0.0,21.16,63.32,61.37,45.74
1527,Santa Clara,95037,-121.7271954,37.1799857,32.15,7.54,16.19,88.86,70.69,24.9,39.81,36.98
3603,Butte ,95969,-121.638031,39.7551658,70.52,6.72,9.91,24.69,20.63,59.36,81.98,71.55
3376,Lake ,48,-122.9096015,39.3354913,24.89,0.41,2.92,59.83,0.83,66.03,46.59,66.87
3240,Napa ,94558,-122.3205427,38.3234476,16.78,47.72,38.86,62.38,41.38,53.79,55.98,39.82
5084,San Diego,92027,-117.0410689,33.1455819,56.96,16.99,43.82,0.0,22.86,37.9,53.5,73.63
3258,San Diego,92114,-117.0556229,32.6918459,32.15,51.2,15.2,0.0,20.98,77.24,40.25,33.0
4379,Los Angeles,91326,-118.5343557,34.2690645,95.27,58.69,42.45,16.31,89.88,20.8,56.52,6.48
4607,San Bernardino,91737,-117.5845687,34.143308,97.0,94.05,42.79,27.34,51.14,21.04,75.96,30.93
3213,Orange ,92833,-117.9548148,33.8637798,50.54,81.8,67.08,0.0,39.33,43.39,32.32,53.48
3242,Shasta ,96003,-122.3690432,40.5992831,44.98,16.55,82.61,0.0,67.8,34.8,37.0,71.71
3008,Santa Barbara,93109,-119.7142781,34.4044168,20.85,12.26,47.32,0.0,27.73,4.96,3.91,62.59
5996,Riverside ,92320,-117.0457708,33.9948779,100.0,46.66,62.25,2.0,61.14,29.1,59.63,44.07
2615,Orange ,92626,-117.9300508,33.6895819,46.99,62.45,72.1,79.14,99.96,22.63,18.13,30.78
6256,San Diego,92104,-117.1323173,32.7512721,32.15,48.72,70.69,0.0,33.95,57.08,21.14,47.11
8038,Los Angeles,91030,-118.1551292,34.1193401,71.66,59.17,88.51,0.0,69.36,9.7,6.54,29.21
4827,Orange ,90630,-118.0403113,33.8131222,35.16,68.03,34.1,0.0,62.15,23.22,25.87,22.01
5545,Orange ,92867,-117.8253994,33.7970143,56.96,75.06,37.92,0.0,98.43,12.84,13.5,43.53
11591,Orange ,92823,-117.8147284,33.9272688,59.85,79.39,18.51,77.31,86.86,5.86,17.07,10.14
4692,Orange ,92867,-117.8401849,33.8056454,56.96,77.51,75.63,0.0,47.44,24.9,32.24,63.77
6589,Santa Clara,95129,-121.9829171,37.3206997,20.85,20.73,82.9,0.0,94.98,7.03,24.44,37.16
4782,San Francisco,94110,-122.4205619,37.7337691,6.38,25.46,99.22,0.0,79.5,37.03,6.47,48.2
4693,Alameda ,94550,-121.7369701,37.6733434,42.56,19.24,21.02,74.66,23.16,27.01,33.5,14.66
5883,Monterey ,93905,-121.6108778,36.6846397,10.57,1.87,37.17,0.0,11.21,81.67,54.36,96.98
5627,Solano ,94533,-122.0262174,38.303698,26.7,16.49,60.88,0.0,90.9,92.02,55.82,37.16
5178,San Luis Obispo,93446,-120.6302235,35.5983407,42.56,5.65,6.89,73.31,5.0,49.17,22.67,57.01
3580,Santa Clara,95121,-121.8043549,37.3067237,24.88,23.52,52.2,0.0,67.45,51.32,47.88,28.42
5761,Marin ,94945,-122.5703276,38.1104411,10.57,18.87,32.48,0.0,80.18,39.08,25.74,58.51
5038,San Francisco,94133,-122.4142914,37.7964984,3.12,30.38,91.57,0.0,22.16,12.2,0.6,41.48
8222,Santa Clara,95125,-121.8737637,37.2835094,24.88,21.41,59.08,0.0,85.81,23.6,14.36,37.89
5644,Los Angeles,90034,-118.4124738,34.0198929,44.98,64.75,80.87,0.0,82.13,32.5,44.53,32.49
2054,Alameda ,94703,-122.2675177,37.8523001,3.12,41.31,71.94,0.0,60.13,43.89,10.52,48.58
4700,Los Angeles,90703,-118.0696561,33.8741124,39.99,72.79,94.03,0.0,90.75,25.85,26.89,36.11
3461,San Bernardino,92285,-116.4273958,34.2871102,93.63,1.44,0.71,1.34,1.7,52.48,97.54,84.91
8527,Alameda ,94536,-122.0116314,37.5532064,14.92,24.13,96.65,0.0,75.73,46.56,50.76,41.03
4343,Los Angeles,91321,-118.4836342,34.3992407,97.0,48.45,41.82,0.0,70.43,23.47,13.91,37.64
5623,Los Angeles,91106,-118.1383771,34.1270552,74.1,53.63,66.7,0.0,52.29,10.33,8.33,30.78
3400,Santa Barbara,93437,-120.5566535,34.7122846,6.4,8.33,1.94,69.9,30.0,22.03,38.48,44.87
7772,Orange ,92870,-117.8310387,33.868307,55.38,88.61,73.28,4.76,26.99,20.41,30.17,25.72
3539,Los Angeles,91304,-118.6341913,34.2138397,79.99,53.13,11.51,0.0,12.78,63.01,52.84,23.3
6191,Alameda ,94551,-121.7629422,37.6959861,37.57,20.39,77.32,0.0,88.68,25.22,36.17,24.17
4897,San Diego,92115,-117.0835961,32.7638379,37.57,47.7,31.13,0.0,47.7,73.12,52.01,58.34
3777,Siskiyou ,96097,-122.6745712,41.6608649,35.16,0.21,3.53,53.62,3.26,38.45,47.46,51.41
1608,Los Angeles,91311,-118.6106718,34.3160081,88.86,48.35,12.64,2.55,95.35,28.25,29.3,22.93
5638,San Diego,92083,-117.2443918,33.1996277,37.57,34.81,67.78,46.0,52.2,33.33,40.19,63.24
2939,Marin ,94965,-122.513094,37.8692756,6.38,24.29,47.06,0.0,99.04,13.26,5.82,87.19
4642,Los Angeles,91006,-118.0252477,34.1632548,91.05,69.55,38.47,0.0,67.14,9.09,1.57,18.91
3726,Los Angeles,91307,-118.6174552,34.1886366,79.99,55.49,33.07,50.24,52.79,42.12,59.28,20.8
6909,Santa Clara,95125,-121.8926143,37.3047565,22.19,27.89,42.58,0.0,79.04,34.78,25.95,15.03
4582,San Diego,92139,-117.0307834,32.688526,35.16,52.13,43.31,0.0,65.03,65.25,60.28,10.44
4084,San Bernardino,91701,-117.6072895,34.138221,95.27,95.48,70.3,0.0,63.3,21.6,52.16,27.35
4692,San Bernardino,92345,-117.2516056,34.4033595,95.27,27.08,3.93,0.0,4.99,76.21,99.3,80.95
5286,Santa Clara,95122,-121.8429997,37.3186901,24.88,35.57,66.76,0.0,63.43,57.12,34.62,43.89
3849,Los Angeles,90503,-118.3697533,33.8441204,24.88,71.39,57.16,0.0,29.51,14.0,24.66,30.29
2686,Riverside ,92236,-116.1809844,33.725974,88.7,8.64,69.74,57.34,52.98,22.63,44.25,71.09
5020,Ventura ,93063,-118.7273774,34.2682522,72.83,43.76,26.6,0.0,32.73,36.47,39.46,46.82
3857,Solano ,95688,-122.0352498,38.4381951,29.98,11.86,4.67,81.03,24.7,80.06,59.55,36.28
5554,San Diego,92028,-117.2415252,33.381264,56.96,24.58,18.44,42.93,17.04,12.97,39.21,72.4
6154,Contra Costa,94597,-122.0689417,37.9232424,14.92,35.22,88.54,17.34,89.41,21.54,15.67,38.13
3806,Kern ,93308,-119.0833307,35.4069513,91.05,99.29,9.82,0.0,37.11,82.35,89.0,21.72
2723,Kern ,93312,-119.1189923,35.3762031,91.05,99.13,55.97,0.0,40.66,25.57,59.82,38.57
1653,Yuba ,95901,-121.3922825,39.1253115,59.96,9.4,2.76,65.34,3.05,37.21,65.09,51.09
7367,Fresno ,93722,-119.8789303,36.8502988,79.99,94.09,26.35,65.48,45.66,82.69,45.54,8.24
3329,San Francisco,94108,-122.4127333,37.7929713,3.12,28.53,96.29,0.0,32.0,14.1,2.28,27.85
6100,Sacramento ,95758,-121.4252454,38.4170956,39.99,29.2,51.01,0.0,69.73,59.77,76.76,37.4
7825,Santa Clara,95136,-121.8361097,37.2720223,24.88,18.84,56.95,46.72,66.29,31.27,19.95,37.89
3895,San Francisco,94132,-122.4872238,37.7321973,7.52,25.31,72.62,0.0,69.63,38.12,28.98,22.47
2803,Shasta ,96003,-122.3804645,40.6379428,47.38,23.3,58.41,43.66,30.18,50.96,63.46,73.76
14002,Riverside ,92596,-117.0863473,33.5571416,76.94,31.57,25.07,58.86,14.09,17.82,64.23,11.27
3236,Orange ,92707,-117.8817709,33.6625305,53.73,55.88,72.88,0.0,87.4,4.59,0.37,50.01
6178,Santa Clara,95136,-121.8537835,37.2774532,24.88,19.61,67.69,0.0,75.29,46.0,49.0,28.42
6108,Del Norte,95531,-124.1653443,41.855037,3.86,2.41,4.95,75.72,3.79,83.45,97.91,68.63
5788,Humboldt ,95503,-124.1708514,40.7726775,0.27,5.53,26.41,0.0,19.24,73.68,79.15,81.49
3970,Ventura ,93063,-118.6865756,34.2793634,76.94,38.41,67.42,0.0,74.63,54.52,61.58,16.04
3961,San Bernardino,92252,-116.2970602,34.1711567,93.63,2.05,1.26,0.0,13.7,64.54,98.38,91.13
1745,Fresno ,93710,-119.732754,36.8303071,88.7,96.59,42.59,77.38,54.58,60.18,14.79,35.75
5488,Sonoma ,95403,-122.7481349,38.4573447,10.57,8.69,22.17,0.0,32.8,65.72,61.81,70.34
3278,San Francisco,94102,-122.4228856,37.777158,3.12,26.16,99.84,10.03,46.9,94.7,43.78,33.0
7173,Alameda ,94541,-122.0650918,37.6715227,13.62,23.26,72.55,0.0,45.49,67.83,41.24,23.66
9659,San Diego,92078,-117.1487018,33.1112121,44.98,13.01,26.62,45.52,47.59,4.85,24.89,42.61
11613,Los Angeles,93552,-118.0173147,34.5697025,88.7,11.71,4.39,0.0,13.6,84.96,83.55,58.23
5080,Riverside ,92583,-116.880664,33.7741421,93.63,17.95,3.52,43.45,15.04,76.52,93.13,69.48
4865,San Bernardino,92373,-117.1781239,34.0470815,100.0,56.23,48.29,62.69,6.74,37.62,53.32,30.78
3872,Riverside ,92262,-116.5369013,33.8231245,91.05,5.36,63.31,6.24,24.51,68.03,61.25,71.42
6583,Orange ,92630,-117.6812546,33.6288846,67.9,20.14,29.78,0.0,60.2,10.57,33.92,39.97
1076,Siskiyou ,96058,-121.6338007,41.8189992,35.16,0.22,0.8,83.03,1.24,2.03,2.42,95.0
3640,San Diego,92025,-117.0674538,33.0905318,53.73,15.63,54.13,68.79,82.9,46.31,47.62,32.05
2031,Los Angeles,90808,-118.0775765,33.8135353,29.89,63.87,96.66,0.0,89.48,16.79,37.41,1.65
5149,Riverside ,92586,-117.1905999,33.6888926,88.7,49.86,49.87,0.0,70.16,53.54,78.02,47.75
6003,San Bernardino,92277,-116.0533058,34.1311448,84.58,4.69,7.83,0.0,4.04,36.24,99.7,93.67
4438,Orange ,92807,-117.763585,33.868626,58.23,83.93,83.24,0.0,93.65,7.47,13.73,14.27
5939,Los Angeles,93535,-117.8431551,34.6298162,91.05,5.85,3.29,2.69,2.65,97.89,89.57,91.52
5397,Los Angeles,91006,-118.0227522,34.1156128,79.99,73.58,32.21,0.0,8.83,13.7,5.11,24.17
3201,Los Angeles,90041,-118.2188456,34.1213123,67.9,67.65,62.17,0.0,57.63,18.62,3.64,54.55
7988,Orange ,92782,-117.7970749,33.7298139,60.66,69.82,71.64,0.0,85.1,11.2,9.38,25.43
2608,Orange ,92831,-117.907682,33.880582,53.73,86.24,14.97,0.0,7.58,51.0,46.42,30.04
1760,San Bernardino,92314,-117.0878551,34.2553357,99.07,15.3,2.59,0.0,3.75,45.56,75.6,53.87
3720,Sacramento ,95610,-121.2669754,38.6711,65.36,20.91,33.75,12.79,74.61,54.29,50.07,85.08
2774,Shasta ,96016,-121.4437132,40.9204305,55.38,0.82,3.21,78.72,0.5,64.77,67.12,48.2
7445,San Bernardino,91730,-117.5626734,34.1202031,95.27,94.57,11.67,0.0,39.69,23.34,57.75,35.15
5617,Yolo ,95691,-121.552211,38.5444338,37.57,34.08,48.06,54.41,24.98,76.81,77.26,35.93
6291,San Diego,92104,-117.1194261,32.7293167,29.89,50.12,83.61,0.0,95.76,42.12,6.89,27.56
7971,Sacramento ,95632,-121.3246535,38.2668947,51.9,35.98,15.41,47.79,1.31,48.4,85.23,41.91
6033,Los Angeles,93551,-118.1753866,34.595584,88.7,10.04,16.89,0.0,45.36,58.54,71.3,41.24
4608,Sacramento ,95673,-121.4661875,38.6838883,59.69,27.28,13.33,0.0,9.04,80.61,89.24,44.07
4367,Riverside ,92203,-116.289198,33.749192,93.63,7.55,84.67,39.79,50.03,13.41,23.82,56.57
2674,Los Angeles,91423,-118.4423602,34.1471798,76.94,64.28,46.76,3.45,42.16,21.25,62.26,27.35
4951,Sacramento ,95662,-121.2128051,38.6853624,69.32,14.24,67.87,44.79,11.78,67.5,75.25,60.21
6192,Riverside ,92881,-117.5489863,33.8446168,79.99,89.17,60.5,0.0,57.15,14.89,80.18,19.38
5883,Santa Clara,95127,-121.8149477,37.3640773,22.19,26.05,17.26,0.0,10.81,67.14,66.77,51.75
4988,Los Angeles,90605,-117.9940889,33.9613945,63.61,71.6,23.17,0.0,73.28,36.09,64.49,1.75
2252,Colusa ,95979,-122.4155716,39.2881333,29.92,3.66,4.19,86.9,1.6,37.77,64.23,65.84
4748,Amador ,95629,-120.7448948,38.4852152,68.18,13.22,4.54,55.24,1.93,34.18,25.87,41.66
2810,San Mateo,94014,-122.4496579,37.6781941,10.57,21.54,47.99,39.76,68.8,65.19,46.9,17.49
6671,Orange ,92704,-117.8941216,33.6996552,53.73,59.15,30.63,0.0,55.65,42.31,34.41,50.24
5909,San Diego,92084,-117.2372592,33.215823,39.99,32.47,28.96,36.34,39.14,21.12,22.4,76.24
5314,San Francisco,94134,-122.4224279,37.7287139,6.38,27.52,96.27,0.0,65.29,55.56,16.94,24.42
2217,Ventura ,91307,-118.7013739,34.2259874,74.23,46.73,10.14,7.83,52.68,26.4,22.23,20.6
4974,Butte ,95969,-121.5862872,39.7589033,71.66,5.95,10.82,0.0,13.71,59.38,82.07,56.67
4194,Los Angeles,90403,-118.4799628,34.0389491,56.96,66.05,33.15,0.0,28.96,11.95,45.97,5.09
7345,Santa Clara,95020,-121.5863496,36.9775458,26.7,3.8,22.66,89.41,50.63,68.13,76.17,37.16
3044,Los Angeles,90024,-118.434157,34.0602409,57.77,64.53,61.07,0.0,92.61,7.56,49.17,23.66
2601,Riverside ,92201,-116.2611913,33.730735,91.05,8.76,57.96,0.0,43.25,60.44,68.27,63.32
7277,Alameda ,94536,-121.9910071,37.5780625,17.65,20.6,58.79,49.48,56.03,40.13,40.54,4.4
6057,Los Angeles,91105,-118.1458929,34.1408046,75.12,55.54,84.33,0.0,49.95,5.21,2.9,49.12
6795,Calaveras ,95252,-120.773333,38.1081725,70.58,38.76,1.06,51.69,1.78,57.84,85.29,63.24
10943,Riverside ,92562,-117.187955,33.5863126,76.94,40.68,34.31,0.0,77.69,31.48,85.68,34.92
4563,Alameda ,94560,-122.0030673,37.5122564,14.92,26.73,72.89,0.0,91.05,49.29,36.28,1.19
4358,San Diego,91942,-117.0386117,32.7765263,46.99,48.26,84.97,0.0,72.0,44.24,32.49,44.87
5326,El Dorado,95667,-120.7656707,38.7557046,74.1,10.38,13.83,75.17,29.53,53.04,28.98,50.24
5099,Los Angeles,91436,-118.4760491,34.157489,79.99,75.26,89.36,0.0,99.9,11.84,31.68,20.6
4939,San Diego,92126,-117.135326,32.9164937,48.45,43.86,39.84,0.0,68.74,33.57,31.24,53.27
7658,San Bernardino,92307,-117.2267112,34.5425661,82.48,7.44,13.75,0.0,11.65,92.07,96.2,85.01
7691,Sonoma ,94954,-122.6179426,38.2544898,10.57,14.18,49.92,52.24,71.06,38.95,52.39,17.49
3630,Solano ,94591,-122.2027379,38.0700529,13.62,35.78,27.01,0.0,22.31,86.9,54.39,27.05
2755,Napa ,94559,-122.2594555,38.2877477,17.65,43.12,50.64,68.07,3.69,29.65,16.33,43.33
7761,Alameda ,94538,-121.9748246,37.5183894,16.78,28.2,88.61,0.0,92.05,56.79,65.72,11.67
4608,Los Angeles,91750,-117.7783303,34.1336074,93.85,89.66,44.94,0.0,17.91,33.18,44.35,6.73
3040,Sierra ,96124,-120.5219926,39.5769252,69.61,4.67,0.92,22.76,1.0,22.2,13.27,56.57
3498,Solano ,94533,-122.0156731,38.2762632,26.7,19.19,36.43,0.0,50.05,98.06,81.09,38.33
6018,Kern ,93561,-118.4817279,35.139486,91.05,4.9,37.2,5.59,11.99,71.66,86.99,65.84
3561,Los Angeles,90272,-118.5401653,34.042438,62.53,58.73,50.58,34.14,76.28,1.93,15.78,14.79
2193,Los Angeles,90732,-118.315013,33.7178352,16.78,63.48,20.57,0.0,18.73,63.91,30.93,33.2
5445,San Diego,91941,-117.0248015,32.7533455,42.56,49.36,71.34,0.0,73.68,36.75,22.05,33.98
2861,Los Angeles,90291,-118.472226,33.9867153,44.98,65.72,30.78,0.0,31.0,32.89,26.3,35.75
3975,Orange ,92653,-117.7057718,33.5930992,67.9,45.81,37.11,0.0,70.44,23.18,31.34,60.21
5352,Los Angeles,91214,-118.2386852,34.2283768,84.58,58.48,32.74,0.0,8.29,16.23,27.85,31.26
2706,San Diego,92004,-116.27356,33.1112185,59.93,7.49,1.24,35.9,1.75,1.63,17.75,66.31
2271,Contra Costa,94530,-122.2980802,37.902246,3.12,37.42,81.03,0.0,21.15,32.4,10.73,19.6
2375,Los Angeles,90291,-118.4599433,33.9933608,44.98,64.14,57.24,0.0,70.48,32.89,26.3,14.79
3660,San Diego,92117,-117.1955335,32.8035298,35.16,44.97,58.52,0.0,50.38,13.38,2.04,69.35
1093,Orange ,92660,-117.8780201,33.6149301,53.73,52.64,67.57,78.97,71.24,8.95,12.79,22.93
5915,Yolo ,95616,-121.7633288,38.5536311,42.56,32.68,42.96,28.38,27.01,17.15,29.24,89.06
6196,San Bernardino,92308,-117.1641151,34.4848736,91.05,6.89,16.38,0.0,12.3,79.36,94.44,88.37
4868,Los Angeles,90403,-118.4978403,34.0274086,55.38,67.89,58.67,0.0,13.74,15.32,57.49,15.83
6584,Solano ,95687,-121.9670749,38.3539248,35.16,9.91,69.89,9.97,67.73,78.41,58.74,61.76
4309,Los Angeles,91350,-118.5288817,34.4426894,93.63,47.31,41.38,0.0,73.5,26.6,58.08,18.71
3174,Santa Cruz,95060,-122.0613064,36.9536393,13.62,3.77,49.74,98.0,10.19,18.38,21.44,73.53
6595,San Diego,92054,-117.3390811,33.1869954,32.15,44.14,58.47,41.17,71.61,31.14,49.34,51.41
12388,Monterey ,93960,-121.2981067,36.4618772,37.62,1.05,6.75,78.52,28.86,42.39,59.38,66.31
5017,Santa Clara,95128,-121.9452892,37.3163751,20.85,23.46,95.27,0.0,95.74,38.35,46.75,35.15
5070,San Diego,92081,-117.2418366,33.1869616,37.57,31.61,64.47,64.76,45.69,34.66,44.53,33.37
6701,San Diego,92069,-117.1773755,33.1511693,42.56,25.09,62.75,0.0,24.53,14.89,52.55,65.84
4335,Orange ,92647,-118.0153188,33.7190914,32.15,59.33,25.54,0.0,53.3,39.66,35.72,39.62
4884,Orange ,92630,-117.6759416,33.6451474,67.9,32.66,36.17,2.38,44.34,17.72,52.16,16.56
6819,Kern ,93555,-117.6538149,35.6086355,75.12,11.11,25.34,0.0,7.1,79.0,97.87,36.8
3266,Santa Clara,95051,-121.9814202,37.3595225,16.78,18.53,58.71,0.0,45.58,19.29,28.83,4.02
3618,Sacramento ,95673,-121.4478452,38.6910378,59.69,28.7,20.58,0.0,9.49,82.6,91.97,49.72
7130,Los Angeles,91387,-118.4409013,34.3909399,97.0,49.61,15.46,28.17,98.89,41.65,34.35,6.48
7801,San Diego,92057,-117.3032478,33.2591005,37.57,38.61,12.22,65.24,41.81,12.72,19.74,73.0
7991,Sacramento ,95758,-121.4672586,38.4113937,39.99,29.1,21.01,0.0,75.85,48.93,64.37,17.49
4103,San Diego,91978,-116.9605154,32.7223766,50.62,50.08,19.05,1.07,64.9,43.94,40.91,53.87
3515,Sacramento ,95842,-121.3466005,38.6994816,62.53,27.88,30.69,0.0,55.6,93.1,87.69,53.62
3236,Solano ,95688,-121.9742566,38.3962812,35.16,12.18,32.83,45.76,4.75,89.18,70.6,4.27
5634,Contra Costa,94553,-122.0713084,37.9821516,16.78,34.19,64.79,0.0,80.69,32.78,22.92,30.29
10885,San Luis Obispo,93405,-120.6470923,35.3053173,14.92,9.16,13.23,54.97,78.49,0.11,2.08,99.94
2975,Los Angeles,91748,-117.9008838,33.9780062,64.73,83.88,27.73,0.0,25.88,22.56,28.45,60.79
3151,San Diego,92116,-117.1521772,32.7606645,32.15,46.91,82.96,0.0,68.05,35.01,7.13,28.42
4191,Los Angeles,91342,-118.407505,34.3213672,97.6,53.9,7.49,0.0,6.05,62.7,43.78,32.79
3318,Napa ,94574,-122.4787754,38.5082184,14.92,11.91,35.47,71.17,31.48,17.82,29.3,43.89
2561,Orange ,92604,-117.7807058,33.6856826,62.53,60.56,45.23,91.03,51.45,7.74,6.33,23.91
4046,Riverside ,92223,-116.9469611,33.976834,98.67,38.69,6.55,27.72,2.83,64.18,91.25,47.11
3600,Los Angeles,90035,-118.3853968,34.064565,53.73,66.22,55.07,0.0,72.84,30.02,18.52,16.82
3317,Contra Costa,94553,-122.1962349,38.0407401,11.56,31.86,28.89,0.0,42.96,32.27,16.84,28.63
7421,Santa Clara,95117,-121.9560416,37.2980229,20.85,17.81,39.04,0.0,67.3,11.58,4.7,61.08
5500,Santa Clara,95126,-121.9279383,37.3299649,20.85,27.85,73.19,0.0,78.39,26.37,16.48,40.34
4441,San Diego,92071,-116.9929396,32.8315369,60.93,45.71,37.76,0.0,40.21,22.94,12.06,62.25
10049,San Luis Obispo,93444,-120.509887,35.0285851,13.62,16.64,31.57,94.86,64.05,48.14,50.9,42.11
3812,Riverside ,92240,-116.5540657,33.9139607,91.05,4.06,13.98,14.34,59.85,50.6,58.69,95.24
4039,Riverside ,92262,-116.5194219,33.8231858,88.7,5.31,7.54,0.0,30.89,55.65,47.37,88.18
4723,Los Angeles,91007,-118.0591183,34.127054,79.99,68.53,21.82,0.0,42.95,6.8,10.36,46.82
6043,San Diego,92019,-116.9264026,32.7921847,65.36,46.86,47.94,0.0,21.5,26.57,26.89,45.74
5627,Riverside ,92557,-117.2543975,33.9671778,98.67,62.89,9.05,0.0,20.31,64.44,80.42,62.35
4154,San Diego,92139,-117.0537791,32.6696208,29.89,51.56,61.79,0.0,65.51,52.21,43.41,42.76
5466,Los Angeles,91384,-118.6002393,34.6330733,82.69,7.79,9.56,21.21,53.09,20.46,24.1,45.06
4739,Solano ,94510,-122.1791737,38.0621001,13.62,36.3,48.77,0.0,10.48,67.25,55.21,27.56
6606,Alameda ,94501,-122.2396733,37.7533266,3.12,37.83,50.45,0.0,32.48,74.0,51.82,28.17
6697,San Mateo,94080,-122.446023,37.6553283,10.57,24.37,63.53,0.0,73.86,70.83,51.1,9.27
3944,Los Angeles,91104,-118.1262387,34.1651965,79.99,58.66,27.74,0.0,36.15,34.56,26.48,41.48
4710,Orange ,92869,-117.7954087,33.7973502,56.96,70.3,9.26,51.59,33.54,29.91,41.61,21.72
3869,San Francisco,94121,-122.497393,37.779204,6.38,26.67,52.48,0.0,21.01,25.22,25.07,40.8
3023,Orange ,92821,-117.9199423,33.9392818,62.53,84.79,36.58,69.03,17.0,29.4,37.18,34.48
2892,Ventura ,91320,-118.9225569,34.1791943,50.54,42.46,85.54,0.0,78.45,11.91,42.4,19.89
4490,Santa Barbara,93117,-119.8716978,34.4129398,20.85,12.57,34.64,0.0,16.65,25.92,41.16,99.25
5784,Santa Clara,95128,-121.9450314,37.301578,20.85,20.01,67.72,0.0,91.79,16.89,14.18,36.28
8150,San Luis Obispo,93405,-120.6876263,35.2910385,13.62,9.92,17.1,57.1,79.23,5.86,2.62,90.3
5346,Sacramento ,95831,-121.5248769,38.5072046,35.16,32.11,69.99,0.0,82.76,46.64,40.99,39.82
2728,Alameda ,94613,-122.1866595,37.7817414,3.83,34.23,83.93,0.0,84.25,69.47,10.08,30.29
4016,Orange ,92627,-117.9035763,33.650871,50.54,56.38,54.03,0.0,90.85,47.81,24.21,33.54
5155,Alameda ,94588,-121.9106268,37.6888608,24.88,23.02,80.3,0.0,90.95,33.25,52.28,4.02
3264,Los Angeles,91214,-118.2402637,34.2206692,84.58,59.49,75.68,0.0,77.53,12.92,25.55,10.72
8311,Orange ,92626,-117.9036273,33.6925273,50.99,58.63,70.55,70.07,94.81,22.0,13.6,35.35
6223,Los Angeles,90069,-118.3720584,34.0918485,62.53,67.85,82.86,0.0,79.89,7.2,17.67,32.79
4413,Sonoma ,94954,-122.6132539,38.2376164,10.57,15.59,74.1,0.0,77.63,41.43,55.4,33.37
5042,Placer ,95678,-121.2862871,38.7796506,65.36,17.5,59.83,0.0,88.08,46.25,83.64,27.85
3312,Los Angeles,90732,-118.3038543,33.7465608,16.78,63.31,32.73,0.0,40.83,40.85,16.61,33.77
3713,Kern ,93309,-119.0825787,35.3457879,93.63,99.38,9.61,0.0,69.18,86.45,79.15,30.04
6767,Riverside ,92260,-116.3737306,33.7251085,88.7,9.07,58.61,0.0,64.26,9.25,25.12,80.64
5574,Santa Clara,95132,-121.8652078,37.3930724,20.85,25.14,84.57,0.0,84.24,17.96,21.52,28.42
7155,Orange ,92705,-117.8278543,33.7667021,57.77,70.89,80.24,12.66,90.58,16.84,9.28,29.03
5199,Fresno ,93611,-119.6728738,36.8157677,88.7,95.64,37.95,21.17,18.7,46.55,31.03,19.38
5292,Ventura ,93065,-118.7508193,34.262391,69.32,43.41,11.47,0.0,19.2,46.49,60.06,31.26
3579,Los Angeles,90069,-118.3719012,34.0850407,59.69,66.76,62.92,0.0,73.91,6.18,14.94,43.73
5361,Sacramento ,95758,-121.4122192,38.4158557,39.99,31.14,22.19,0.0,70.33,59.77,76.76,29.74
8742,Santa Clara,95051,-121.9862817,37.3417866,17.65,17.25,46.58,0.0,70.04,19.29,28.83,15.59
4017,Solano ,94591,-122.2185562,38.0673887,13.62,37.67,46.2,0.0,99.45,87.06,54.71,12.69
2438,Sacramento ,95821,-121.3737088,38.6249563,56.96,46.5,19.28,0.0,36.39,98.7,83.35,25.72
4614,San Mateo,94002,-122.2743513,37.5267107,6.38,24.24,82.31,0.0,91.61,9.4,2.11,18.71
5283,Orange ,92604,-117.7753572,33.6925617,62.53,60.32,78.08,75.86,94.44,10.9,12.56,48.2
2340,Sacramento ,95624,-121.3774487,38.4008878,44.98,34.31,75.94,52.93,66.39,45.78,79.3,25.25
8470,Contra Costa,94518,-122.0267807,37.9515216,20.85,34.11,32.16,0.0,55.2,47.82,46.42,48.03
4139,San Joaquin,95209,-121.3284665,38.0358618,42.56,52.74,14.0,0.0,20.4,45.46,46.06,31.26
3668,Los Angeles,90036,-118.3392739,34.0746639,53.73,72.81,29.16,0.0,79.54,27.33,39.62,10.44
6114,Los Angeles,91326,-118.5474393,34.2619679,93.63,59.42,24.62,0.0,80.88,33.13,66.44,7.55
5052,Alameda ,94501,-122.2582454,37.7698045,3.12,41.66,70.49,0.0,7.24,74.0,51.82,25.25
4704,Santa Clara,95133,-121.8497165,37.383627,20.85,26.76,49.81,0.0,71.2,29.94,26.15,41.48
7661,San Bernardino,92372,-117.6219589,34.4425196,97.1,44.62,6.26,0.0,14.01,26.67,57.89,59.37
3485,Solano ,94589,-122.2787949,38.1510468,16.78,34.72,6.17,0.0,42.83,99.91,90.25,23.66
5410,Solano ,94585,-122.014721,38.2490976,24.88,21.56,41.34,0.0,51.95,95.3,86.83,32.49
2641,Los Angeles,90291,-118.4792291,33.991782,46.99,65.21,20.96,0.0,31.95,30.67,23.13,49.55
3126,San Bernardino,92284,-116.3830579,34.1997524,93.63,1.26,0.31,0.0,15.19,62.09,95.84,82.14
2272,Los Angeles,90601,-118.0208427,34.0017622,68.09,72.61,14.24,0.0,24.88,64.37,91.16,35.57
3232,Riverside ,92506,-117.3611853,33.9557504,97.0,88.13,67.31,0.0,65.25,45.41,41.03,13.04
5886,San Bernardino,91701,-117.5671177,34.1309473,97.0,94.42,72.2,38.31,84.99,17.19,44.77,19.38
7372,Santa Clara,95136,-121.857638,37.2891305,24.88,21.77,70.65,0.0,80.65,29.7,15.78,39.82
2881,Los Angeles,91504,-118.3178553,34.1991485,84.58,68.08,20.01,0.0,3.45,40.38,36.28,9.85
3753,San Joaquin,95220,-121.0980636,38.228354,59.85,44.08,6.61,85.66,3.56,23.43,28.98,44.07
4883,San Diego,92124,-117.0870148,32.8089036,42.56,41.58,45.82,26.28,64.8,3.95,0.09,40.55
6684,Alameda ,94588,-121.8923831,37.6930366,26.7,24.22,81.32,0.0,73.36,27.53,41.16,7.06
4504,Santa Clara,95121,-121.7887699,37.3079908,24.88,20.4,13.76,0.0,58.39,33.96,26.48,37.4
2283,Monterey ,93906,-121.6220696,36.7396574,11.56,1.77,22.44,99.31,12.36,56.24,29.94,52.71
5827,Los Angeles,91301,-118.7424224,34.1602091,66.81,48.25,29.22,25.69,87.63,3.56,20.34,21.51
3734,Contra Costa,94553,-122.1663864,38.0165957,13.62,28.94,59.88,32.24,23.51,67.34,48.92,31.26
4772,Sacramento ,95818,-121.4973382,38.5448312,39.99,36.96,53.22,0.0,59.35,74.9,42.68,3.73
6183,Sonoma ,95476,-122.4926668,38.3258969,13.62,11.69,37.34,62.0,31.46,24.69,22.59,62.84
4284,Los Angeles,90292,-118.460713,33.9719816,42.56,64.38,79.03,0.0,19.69,19.7,27.07,39.82
5687,Sacramento ,95624,-121.3623672,38.4162688,44.98,31.08,49.51,0.0,41.03,45.78,79.3,37.89
5105,Amador ,95669,-120.9500222,38.457356,68.18,21.79,3.16,39.9,1.03,46.51,81.21,24.72
3471,San Diego,91910,-117.0676039,32.6274203,26.7,45.09,22.55,0.0,34.2,52.97,26.67,25.98
3643,Alameda ,94703,-122.2779152,37.8740723,3.12,38.39,63.7,0.0,39.4,71.1,34.01,45.06
4954,Alameda ,94501,-122.2690581,37.7714922,3.12,43.26,65.82,0.0,20.5,74.0,51.82,16.56
3684,Los Angeles,90704,-118.3304567,33.3421559,16.78,13.19,96.2,0.0,,41.92,29.69,52.71
3884,Santa Clara,94085,-122.0247804,37.3851461,16.78,17.75,81.82,0.0,79.81,11.98,18.62,42.24
2587,Lassen ,96056,-120.9674678,40.5011553,55.38,1.47,1.36,3.41,1.85,75.46,57.2,54.65
6022,Orange ,92675,-117.6810904,33.4940632,64.73,46.42,42.49,28.9,50.31,6.57,19.68,21.27
3906,Los Angeles,91773,-117.8007925,34.1467498,88.82,87.18,40.07,15.48,84.1,43.71,52.92,23.3
4367,Los Angeles,90036,-118.3622105,34.0599709,50.99,70.42,86.3,0.0,70.81,24.29,16.33,21.72
5655,Los Angeles,91007,-118.0611057,34.1196211,79.99,68.94,44.92,0.0,22.84,4.13,3.43,42.41
5076,Ventura ,93015,-118.9484382,34.3661561,58.27,31.72,13.11,84.38,7.19,44.43,42.86,31.55
6629,Sacramento ,95829,-121.3629595,38.4586684,44.98,30.75,53.39,0.0,41.18,53.64,76.35,48.44
4215,Alameda ,94555,-122.0506927,37.5594781,13.62,22.38,83.55,29.03,89.45,32.7,40.42,0.2
1779,Contra Costa,94530,-122.3052879,37.901071,3.12,37.8,97.39,0.0,40.11,49.34,9.65,41.03
3943,San Diego,92104,-117.1293851,32.7353586,29.89,49.68,35.31,0.0,6.79,57.08,21.14,51.57
6111,Santa Barbara,93110,-119.778762,34.4463233,22.19,12.83,40.77,48.38,70.19,27.43,15.67,36.98
1495,Los Angeles,90049,-118.4644168,34.066976,62.53,61.85,79.91,1.24,97.46,4.1,18.13,25.98
16789,Kern ,93312,-119.1367966,35.4156972,88.7,98.83,44.27,93.45,10.84,17.6,46.24,44.22
6114,San Diego,92054,-117.3611032,33.1771015,29.89,46.45,82.35,0.0,78.3,26.22,41.4,48.44
6454,Riverside ,92253,-116.2810566,33.6933189,91.05,8.45,47.68,49.28,55.71,25.74,34.62,65.28
3346,Humboldt ,95525,-123.8882723,40.9265049,0.27,2.4,1.93,12.9,5.75,57.86,69.49,61.55
6360,Orange ,92663,-117.9402584,33.6201747,46.99,54.77,76.05,0.0,81.74,15.27,16.33,40.55
3455,Orange ,92870,-117.8625111,33.8923778,55.38,79.49,36.27,0.0,36.9,41.67,61.08,8.38
3843,Santa Clara,95037,-121.653281,37.1159266,35.16,6.3,44.47,18.55,59.89,38.04,62.95,32.79
6072,Ventura ,93010,-119.0878362,34.2350542,32.15,35.37,48.19,98.86,72.78,29.81,35.9,11.95
5410,Orange ,90630,-118.0281903,33.8207314,37.57,69.25,47.39,0.0,49.08,22.88,25.21,30.29
19689,San Diego,91915,-116.9847218,32.6023181,32.26,66.7,25.7,0.0,60.53,15.39,9.73,18.71
2665,Los Angeles,91107,-118.0751792,34.1552247,82.48,64.27,52.33,0.0,77.21,10.42,7.78,13.27
11856,Riverside ,92584,-117.2267409,33.6652208,84.58,47.42,20.6,10.14,19.34,45.83,93.66,41.91
4220,Orange ,92618,-117.7191073,33.6738701,64.73,53.33,55.17,96.34,70.51,3.12,2.75,14.48
3241,Humboldt ,95542,-123.9644534,40.1577117,6.38,0.9,2.1,0.28,0.69,84.05,77.58,52.88
8339,San Diego,92027,-116.9769969,33.1311558,62.7,8.35,9.23,69.17,14.83,37.01,52.39,23.3
3179,Lake ,95457,-122.4595449,38.8608718,21.01,0.1,3.34,50.1,3.74,78.85,42.81,68.94
4276,San Diego,92083,-117.2166255,33.1732234,39.99,30.58,59.12,46.1,72.06,25.66,28.29,61.08
6064,Napa ,94558,-122.2915765,38.3170915,20.85,52.32,29.6,42.62,34.99,37.1,31.75,40.11
4266,Shasta ,96001,-122.3786783,40.5512553,39.99,9.46,43.9,0.0,17.13,58.77,55.73,57.3
1649,Plumas ,96020,-121.1980515,40.2383256,64.95,11.15,3.12,26.03,0.95,81.11,74.99,37.16
3099,Los Angeles,91326,-118.5400017,34.2864236,95.27,54.45,24.98,8.72,74.06,18.53,52.82,7.24
7740,San Bernardino,92308,-117.198857,34.48581,88.7,7.63,8.87,0.0,26.98,77.53,92.62,91.85
5181,Riverside ,92587,-117.2521561,33.7021362,88.7,50.84,2.46,0.0,,41.03,70.3,68.63
2583,Napa ,94558,-122.2812515,38.3152192,20.85,49.41,35.91,57.59,31.45,40.44,36.49,40.34
4035,San Bernardino,92399,-117.0472277,34.0121649,100.0,47.38,6.37,7.38,12.56,35.52,68.82,57.01
7090,Orange ,92653,-117.6918661,33.5987661,67.9,44.19,75.78,0.0,96.59,14.84,21.87,15.59
12463,Los Angeles,93536,-118.2080279,34.6862401,88.7,7.53,9.15,0.0,20.34,69.79,61.98,27.85
3773,San Diego,91941,-116.9893611,32.7692636,50.99,47.53,50.85,0.0,77.86,37.54,23.19,8.98
7207,Sonoma ,95401,-122.8012431,38.4334565,7.52,5.99,38.88,74.62,37.39,54.56,58.86,18.44
4760,Santa Clara,95131,-121.8708475,37.3868655,20.85,28.57,90.07,0.0,88.21,10.56,10.9,19.89
4903,San Bernardino,92252,-116.3126053,34.1074625,93.63,1.19,2.02,0.0,13.25,64.27,98.42,83.66
4965,Los Angeles,90232,-118.3963576,34.0146198,42.56,65.81,82.71,0.0,70.58,34.78,37.18,2.91
5853,Ventura ,93063,-118.6580693,34.2669104,79.99,44.9,32.07,0.0,84.89,54.52,61.58,24.42
8410,Riverside ,92236,-116.2077698,33.6929288,88.7,9.65,36.6,0.0,10.46,35.99,46.16,55.69
9508,San Diego,92071,-116.9489803,32.8358448,65.69,44.34,53.71,0.0,70.3,16.1,6.61,29.21
6604,Kern ,93560,-118.184055,34.8613578,88.7,6.68,19.85,0.0,38.24,76.4,79.97,50.52
7688,Riverside ,92544,-116.90936,33.6871007,88.82,14.82,14.49,74.93,3.58,74.6,83.95,53.04
4304,Humboldt ,95503,-124.178586,40.7593641,3.12,5.05,17.66,0.0,26.14,76.37,82.76,82.36
3020,Santa Clara,95111,-121.8144504,37.2661479,26.7,16.63,68.51,0.0,46.24,75.34,58.54,41.48
6150,San Mateo,94403,-122.2997437,37.5467375,7.52,24.38,94.69,0.0,93.06,45.16,15.45,13.27
4978,Los Angeles,90039,-118.2669741,34.1022274,62.53,78.39,56.24,0.0,57.14,31.36,16.48,4.72
3356,Los Angeles,90732,-118.3228117,33.7208388,16.78,60.26,20.54,0.0,29.09,32.5,26.41,9.46
4801,Orange ,92845,-118.0197653,33.792026,35.16,67.78,35.94,0.0,52.9,15.4,17.75,16.32
3532,Riverside ,92225,-114.5972328,33.6249027,20.85,46.72,19.3,86.07,2.24,82.51,98.18,31.73
6956,Riverside ,92508,-117.3205065,33.9108776,97.0,65.51,12.88,0.0,61.31,16.03,50.37,30.29
6201,San Bernardino,92374,-117.1523161,34.0470121,100.0,54.64,90.84,68.48,69.61,51.42,45.03,15.83
4610,Orange ,92870,-117.8612771,33.9025381,55.38,83.76,48.15,71.07,46.53,34.93,50.93,3.73
3036,Ventura ,93060,-119.2005749,34.3589732,47.04,23.39,1.77,60.93,22.51,19.09,1.86,48.03
2724,Los Angeles,90035,-118.38703,34.0523836,50.54,65.61,36.39,0.0,40.55,21.29,26.22,43.53
1670,Shasta ,96051,-122.3666461,40.9866263,62.7,1.06,9.17,18.45,20.55,29.47,67.93,70.84
1596,San Francisco,94132,-122.4911286,37.7223022,10.57,19.17,89.27,0.0,66.03,37.94,28.61,22.71
3895,Ventura ,93063,-118.684829,34.2697395,76.94,39.08,19.1,0.0,33.64,54.52,61.58,26.67
2640,Orange ,92637,-117.7378821,33.6110236,65.36,49.82,22.83,0.0,56.75,15.02,13.66,53.27
4767,San Diego,92056,-117.3197917,33.1916919,35.16,40.71,58.95,61.21,72.2,23.48,40.83,22.47
4839,Alameda ,94501,-122.2346068,37.7589136,3.12,39.76,42.17,0.0,20.05,74.0,51.82,8.53
2932,Placer ,95701,-120.7181379,39.2241768,71.76,5.26,22.63,0.0,43.14,24.04,13.27,41.03
6278,San Diego,91902,-117.0309545,32.6716968,32.15,52.23,37.1,0.0,69.79,22.83,14.18,11.27
4120,Santa Clara,95123,-121.8376934,37.2583713,26.7,16.7,31.01,43.21,86.78,46.05,28.83,29.03
3969,Los Angeles,90405,-118.4672218,34.0081597,48.45,65.94,42.33,0.0,46.66,31.17,45.46,15.33
6505,San Joaquin,95242,-121.2975153,38.1377405,48.45,52.0,14.55,68.76,12.24,36.34,67.49,53.04
5700,San Diego,92058,-117.3318904,33.2306185,35.16,43.82,49.98,0.0,61.91,36.8,38.24,60.45
3461,Monterey ,93933,-121.7650077,36.6605317,10.57,1.69,6.67,80.97,34.33,38.65,7.69,62.35
3143,Sacramento ,95864,-121.3738164,38.6029975,53.73,45.94,20.46,0.0,25.15,58.04,35.26,33.77
3722,Santa Clara,94086,-122.0409973,37.375919,16.78,14.26,77.44,0.0,62.58,9.06,15.93,8.98
5846,Los Angeles,91007,-118.0608911,34.1422654,84.58,67.73,64.85,0.0,92.29,7.85,11.02,36.98
4625,Alameda ,94536,-121.9620573,37.5852993,17.65,15.74,25.14,39.45,60.33,40.7,42.68,19.12
5187,Santa Clara,95123,-121.8105416,37.240087,29.89,14.49,68.91,0.0,88.48,58.86,43.58,6.48
10975,San Luis Obispo,93444,-120.5577925,35.0282995,11.69,17.31,32.58,98.83,32.58,39.86,16.75,11.67
3225,Los Angeles,91355,-118.5606651,34.4044084,91.05,48.75,46.1,50.83,86.24,29.47,45.2,23.17
4354,Sutter ,95993,-121.6396026,39.1562085,50.99,45.75,77.36,86.14,48.53,12.72,57.17,30.04
9923,San Joaquin,95219,-121.3566706,37.9813779,44.98,52.88,52.52,53.28,78.35,45.89,51.46,7.06
5851,Sacramento ,95624,-121.345268,38.3994014,46.99,31.39,45.0,48.97,15.3,45.78,79.3,12.45
5365,Los Angeles,91711,-117.7152836,34.12744,91.05,93.32,64.24,4.41,85.23,29.44,45.54,7.37
6220,Tehama ,96080,-122.338894,40.2367374,61.03,8.61,4.98,78.0,12.89,73.62,88.75,52.88
5074,Orange ,92646,-117.9585824,33.6756654,42.56,57.2,38.01,69.76,56.46,28.61,40.19,12.45
5821,Riverside ,92508,-117.3464919,33.8972547,95.27,73.8,17.72,44.66,64.6,14.74,38.66,19.12
8274,Santa Clara,94086,-122.0110417,37.3697819,16.78,16.83,79.23,0.0,67.76,9.62,17.63,4.72
4845,Orange ,92649,-118.0546457,33.7097532,26.7,57.17,55.26,0.0,60.31,20.33,43.02,22.71
5449,Los Angeles,91773,-117.8147951,34.088083,78.22,89.93,43.05,6.48,55.7,40.75,46.06,11.95
1711,Siskiyou ,96058,-121.934659,41.8591979,35.16,0.27,1.53,92.59,2.11,2.62,53.9,85.88
3483,Contra Costa,94518,-122.0202412,37.9690383,20.85,33.4,47.12,0.0,51.93,31.01,19.07,34.92
3192,San Diego,92111,-117.1638831,32.7980374,37.57,42.63,91.51,0.0,83.91,38.4,7.07,42.76
7616,San Diego,91935,-116.7818507,32.6637754,63.67,45.9,0.26,8.76,2.98,19.93,28.2,41.24
5923,San Bernardino,91709,-117.7402071,33.971427,68.09,89.68,16.32,0.0,48.51,21.76,54.22,35.15
4305,Los Angeles,91741,-117.8240886,34.1356427,91.05,87.43,15.87,14.52,31.13,29.77,39.21,33.54
7921,San Diego,92084,-117.2567952,33.2415689,42.56,31.18,53.07,93.34,54.11,8.31,7.63,49.72
4134,San Diego,92154,-117.0547796,32.5795147,29.89,92.4,19.81,0.0,19.48,53.03,45.46,65.41
5440,Sacramento ,95864,-121.3915944,38.5698188,50.54,37.69,21.1,1.03,57.26,70.43,38.32,29.21
7112,Alameda ,94560,-122.045728,37.5425433,13.62,23.77,57.54,11.34,20.28,76.12,67.0,15.33
5339,Los Angeles,91016,-118.0038011,34.153182,88.7,72.11,12.43,0.0,18.76,53.95,39.71,31.73
4211,Los Angeles,91354,-118.5391687,34.4354255,93.63,47.94,34.55,0.0,79.43,9.98,21.21,15.33
4793,San Francisco,94110,-122.4235588,37.759168,3.83,23.62,90.53,0.0,38.4,74.21,36.42,17.49
3575,Los Angeles,90210,-118.416559,34.0805214,62.66,63.8,48.99,0.0,64.24,7.65,37.41,5.55
1534,San Mateo,94070,-122.2554355,37.5101395,6.38,19.95,91.13,0.0,90.15,10.66,10.9,14.48
4220,Kern ,93306,-118.8225658,35.4390643,95.27,96.35,3.67,84.69,1.19,67.39,61.17,16.32
7247,Santa Cruz,95076,-121.7979629,37.001101,16.8,3.17,6.0,86.59,53.41,44.74,22.05,24.17
598,Los Angeles,91351,-118.4326143,34.4596282,95.27,48.38,9.89,0.0,,30.36,22.99,61.55
9884,Santa Clara,95119,-121.7964987,37.2389766,29.89,14.55,48.51,0.0,73.04,36.9,55.1,15.33
3156,Los Angeles,91344,-118.5244831,34.3123662,95.27,51.59,12.79,7.17,95.09,48.97,44.01,10.44
3047,Lake ,95423,-122.7065788,39.1620236,15.05,0.15,3.01,26.0,0.48,82.07,56.78,75.3
4947,Ventura ,91320,-118.9441062,34.1863938,46.99,42.2,71.46,0.0,83.88,11.91,42.4,8.53
6424,Los Angeles,91387,-118.4105719,34.4410273,97.0,49.46,12.01,0.0,87.55,42.87,38.48,25.25
3418,Sacramento ,95816,-121.4547432,38.5773838,46.99,38.48,89.38,0.0,46.36,43.83,37.0,6.28
3731,Sacramento ,95610,-121.282751,38.702848,65.36,18.78,47.73,0.0,52.19,57.39,55.65,66.31
6366,Alameda ,94538,-121.9600524,37.5362999,17.65,23.98,57.76,0.0,50.94,56.79,65.72,36.28
2402,Sacramento ,95843,-121.3801503,38.7094156,62.53,29.68,17.08,0.0,52.13,66.87,86.63,74.46
4946,San Diego,91941,-117.0086151,32.7480825,46.99,50.01,66.67,0.0,73.1,29.1,7.25,56.07
5699,Yolo ,95691,-121.5770403,38.5451518,37.57,32.02,63.01,59.41,,76.81,77.26,22.71
2779,San Francisco,94111,-122.3990586,37.8026841,3.12,30.88,99.69,0.0,32.06,57.58,7.14,40.55
3074,Orange ,92708,-117.9760616,33.7084651,39.99,59.24,50.67,30.79,58.5,25.95,46.36,22.47
2971,San Diego,92107,-117.2292656,32.7547551,35.16,49.0,89.96,0.0,69.96,19.9,4.17,47.32
8348,San Diego,92037,-117.2175075,32.8692105,39.99,44.42,85.19,0.0,70.89,1.18,0.19,85.08
1477,Shasta ,96001,-122.4542412,40.5813595,42.76,14.35,5.14,0.0,9.71,73.65,73.18,42.61
3069,Yolo ,95776,-121.7516431,38.670029,56.96,40.75,67.21,0.0,26.5,62.25,83.04,40.8
3196,Santa Barbara,93455,-120.444008,34.8679051,13.62,10.52,38.49,91.17,19.41,43.34,32.42,35.35
2931,Santa Clara,95132,-121.8714503,37.4027856,20.85,23.22,84.89,0.0,79.35,28.4,39.89,10.44
5787,Los Angeles,91107,-118.1123757,34.1413741,76.94,55.21,58.03,0.0,28.99,12.6,10.9,35.15
2086,Contra Costa,94547,-122.2781134,38.0094814,10.57,33.89,91.35,0.0,79.21,38.22,18.26,17.49
4089,San Mateo,94403,-122.297491,37.5331702,6.38,22.04,70.09,0.0,8.68,41.06,12.43,37.16
9593,San Bernardino,92278,-116.1378978,34.4587143,77.09,4.78,8.2,0.0,0.01,34.18,99.29,83.04
10139,San Diego,92057,-117.3191571,33.2385023,37.57,40.63,36.22,14.76,60.66,13.88,23.59,36.8
3229,Riverside ,92506,-117.3713613,33.9390841,97.0,89.07,16.79,48.9,55.44,50.85,47.46,19.6
3543,Riverside ,92880,-117.5896691,33.9048789,78.01,91.96,37.55,0.0,18.46,25.46,83.86,25.25
4147,Sonoma ,94954,-122.579047,38.2329343,10.57,12.77,38.15,72.76,44.3,41.43,55.4,32.79
7435,Fresno ,93657,-119.5874178,36.7864934,88.7,93.64,9.04,88.52,5.35,44.63,21.66,17.49
11983,Santa Barbara,93117,-119.8567703,34.4197213,17.65,12.82,65.24,11.97,48.74,2.38,28.29,35.35
3697,Mono ,93514,-118.5813604,37.6888353,37.65,0.2,0.24,56.31,3.24,47.74,34.01,54.15
5597,Los Angeles,90732,-118.3084871,33.7330618,16.78,62.99,30.68,0.0,15.89,71.67,36.55,24.72
4578,Los Angeles,90066,-118.4422881,34.0037101,44.98,65.86,58.73,0.0,53.03,32.98,46.78,37.64
2766,Riverside ,92596,-117.0778761,33.6665082,84.58,38.84,5.48,86.45,20.91,37.08,71.4,22.22
6652,San Joaquin,95376,-121.4337996,37.7200089,62.53,31.66,12.76,60.03,25.95,89.98,74.58,19.89
9766,San Bernardino,92308,-117.2312048,34.4870247,88.7,9.87,3.71,0.0,57.78,77.02,91.97,37.89
12772,Riverside ,92563,-117.152033,33.6184112,79.99,40.41,31.33,13.55,81.25,31.56,75.96,34.92
4092,San Diego,92057,-117.2609565,33.2550012,42.56,29.38,68.19,98.31,65.31,10.04,16.56,25.72
3920,San Bernardino,92307,-117.2006679,34.5311782,84.58,7.23,22.8,0.0,7.0,92.07,96.2,70.53
20544,Orange ,92618,-117.6863395,33.7077389,65.69,55.17,65.8,65.31,55.31,2.5,5.61,18.18
4957,Santa Clara,94086,-122.0565449,37.3796214,16.78,15.58,77.76,0.0,59.51,2.41,2.97,34.7
7051,Alameda ,94587,-122.0122841,37.5913508,16.78,22.95,65.79,59.48,42.49,47.83,46.32,7.24
7423,Santa Clara,95051,-121.9871421,37.3489609,16.78,17.25,81.17,0.0,76.34,19.29,28.83,20.6
3644,Sonoma ,95441,-122.8056815,38.707649,14.92,2.19,5.58,76.97,6.7,18.03,12.48,36.55
6070,Contra Costa,94521,-121.9851584,37.9689678,26.7,32.63,28.4,0.0,49.68,52.88,41.35,5.8
4421,San Francisco,94121,-122.4921143,37.7758371,6.38,26.67,55.82,0.0,36.48,25.22,25.07,20.95
2191,Los Angeles,91387,-118.439602,34.4234332,97.0,51.18,22.22,0.0,85.8,59.68,58.74,9.46
3365,Los Angeles,90064,-118.4201983,34.0475522,53.73,68.3,43.12,0.0,75.25,12.0,20.6,20.8
2704,Riverside ,92264,-116.5037759,33.8100915,88.7,6.22,20.39,0.0,37.04,18.74,38.87,75.84
10544,San Diego,92082,-116.9903688,33.2533185,64.92,7.37,12.98,69.62,13.5,25.4,24.89,53.87
2736,Los Angeles,91754,-118.1291575,34.0679641,69.32,76.48,58.83,0.0,26.89,16.54,5.21,70.53
6011,Kern ,93561,-118.6581798,35.1962215,95.27,46.01,5.1,81.55,12.79,58.86,75.31,32.27
3314,Napa ,94503,-122.2604602,38.1711971,16.78,35.4,43.83,0.0,84.59,74.41,70.8,33.37
5532,Santa Clara,95132,-121.8525944,37.390685,20.85,22.66,54.74,0.0,74.38,22.36,24.55,23.91
4031,Los Angeles,90265,-118.736699,34.0544607,63.61,48.89,3.8,25.28,68.3,0.09,0.15,17.49
3380,San Mateo,94403,-122.2954266,37.5604085,7.52,28.11,73.74,0.0,97.96,22.66,2.19,10.72
5579,Ventura ,93063,-118.696862,34.2454855,75.36,43.95,4.01,0.76,11.38,44.01,52.55,20.8
3012,Los Angeles,91745,-117.9603912,33.9780615,66.81,72.67,7.24,0.0,51.66,42.65,38.57,25.25
7631,Riverside ,92584,-117.1551086,33.6550902,84.58,46.11,23.53,73.48,95.61,47.92,79.62,21.72
14184,San Bernardino,92399,-117.0805957,34.0435278,100.0,50.21,42.1,56.69,64.95,34.72,64.49,28.17
4542,Los Angeles,91724,-117.8464362,34.0929382,79.99,88.38,20.85,0.0,8.5,37.09,35.23,43.73
3628,Butte ,95966,-121.4669098,39.5302628,71.66,8.94,9.2,22.97,4.24,66.34,95.54,63.52
4124,Alameda ,94609,-122.2647445,37.8485167,3.12,42.81,67.58,0.0,48.68,88.38,38.87,38.13
7099,San Diego,92008,-117.3445439,33.1595744,29.89,44.67,87.77,23.24,85.66,10.59,30.45,66.43
8738,San Mateo,94404,-122.2716583,37.5678278,7.52,25.75,61.43,0.0,69.46,8.13,24.44,10.72
5643,Monterey ,93905,-121.604063,36.6969398,11.56,1.9,20.71,96.52,14.63,77.32,46.59,57.63
5835,Los Angeles,91208,-118.2519312,34.203681,80.09,57.5,8.82,0.0,54.73,6.56,11.44,14.66
4355,Alameda ,94539,-121.9128679,37.4707218,20.85,21.46,86.5,9.72,89.98,10.82,32.71,0.01
7434,San Diego,92029,-117.1270331,33.0939803,47.38,15.03,32.69,45.1,34.28,10.12,50.93,56.85
3825,Orange ,92646,-117.9605421,33.6833874,42.56,58.1,35.64,69.69,40.76,23.02,31.54,33.37
4222,Orange ,92614,-117.8217375,33.6802504,59.69,57.6,72.74,50.28,55.19,9.2,21.14,17.49
3963,Los Angeles,91007,-118.0417222,34.1378016,84.58,70.67,57.75,0.0,80.31,6.04,7.47,27.85
3663,Santa Barbara,93117,-119.845687,34.4401,22.19,13.67,63.62,27.59,46.1,25.92,41.16,13.73
4405,Kern ,93312,-119.1027529,35.3706406,93.63,99.32,54.81,0.0,67.19,21.09,30.8,22.01
4794,Orange ,92604,-117.7840842,33.7011607,62.53,61.56,59.44,0.0,93.38,17.42,22.73,33.0
5515,San Joaquin,95204,-121.3089795,37.9724931,44.98,56.58,36.47,0.0,28.58,65.58,40.0,33.2
4367,Sacramento ,95831,-121.5350905,38.5100755,35.16,29.96,17.77,19.59,22.78,52.12,58.64,24.72
2658,Los Angeles,90049,-118.4662763,34.0549771,59.69,68.14,36.35,6.86,48.4,4.1,18.13,27.05
2841,San Diego,92040,-116.8538493,32.9312875,74.19,20.29,1.85,0.07,19.15,25.76,22.82,37.4
4626,Butte ,95926,-121.8390356,39.7420778,50.99,41.16,74.7,41.28,66.89,64.83,38.11,60.01
3975,Alameda ,94501,-122.2309908,37.765116,3.12,39.94,73.04,0.0,27.13,74.0,51.82,10.44
3958,Los Angeles,90278,-118.3656204,33.876482,26.7,82.07,49.11,0.0,77.93,21.98,21.21,28.63
10106,San Diego,92057,-117.2644348,33.2819773,45.14,23.24,43.63,97.38,27.9,5.61,11.08,28.63
7286,Alameda ,94568,-121.9324146,37.7126931,24.88,25.18,92.92,0.0,85.73,18.27,10.08,13.52
4115,Mendocino ,95437,-123.638408,39.455171,13.62,3.32,2.38,13.76,3.18,79.22,60.33,60.9
6101,Fresno ,93633,-118.8088099,36.8254036,57.16,10.93,1.97,67.0,0.43,49.14,20.78,57.3
3927,San Francisco,94121,-122.4837889,37.7744602,6.38,26.5,61.68,0.0,73.55,25.22,25.07,35.35
9187,San Benito,95023,-121.3738293,36.8303283,20.85,0.96,32.51,0.0,15.09,72.58,97.72,51.41
4299,Sacramento ,95608,-121.3172579,38.6153284,60.93,36.12,18.34,9.45,13.83,86.47,58.54,22.47
4432,San Francisco,94122,-122.4812305,37.7530955,6.38,26.63,87.94,0.0,92.18,6.83,2.9,15.03
5279,Shasta ,96001,-122.4214715,40.5830808,42.56,14.88,25.36,0.0,25.48,73.79,73.37,41.24
5095,Santa Clara,95127,-121.8203847,37.3693396,22.19,22.97,25.23,0.0,15.48,67.14,66.77,55.87
4513,Los Angeles,90275,-118.4075895,33.7558674,22.19,56.5,12.07,21.0,24.04,2.48,12.16,32.05
4553,Los Angeles,91006,-118.0470542,34.1553775,84.58,68.61,44.42,0.0,86.88,5.76,1.01,27.05
5256,San Francisco,94110,-122.4142164,37.7437089,6.38,27.16,95.74,0.0,39.09,74.21,36.42,10.14
4619,Los Angeles,91030,-118.1537015,34.1057393,71.66,61.36,43.93,0.0,47.64,14.0,12.31,32.05
5644,Los Angeles,91501,-118.3073649,34.2073831,82.63,59.51,17.36,0.0,4.88,21.44,16.56,18.18
6109,Riverside ,92240,-116.475985,33.9393724,93.63,4.75,13.02,0.0,11.95,79.34,92.04,79.13
6953,Los Angeles,91301,-118.7391708,34.1211218,66.96,49.45,29.04,23.48,87.85,5.88,18.28,21.27
2570,Ventura ,93066,-119.0253426,34.2547611,37.78,38.62,23.11,88.17,14.6,22.45,18.13,14.79
3482,Riverside ,92544,-116.9389807,33.733193,91.05,35.3,12.27,0.0,7.93,78.04,93.91,56.38
5192,Riverside ,92262,-116.5443994,33.878264,91.05,4.65,49.04,14.1,50.99,45.87,65.39,69.96
6639,San Bernardino,92371,-117.5382643,34.4143078,95.27,48.36,3.98,0.0,25.19,55.03,65.07,77.06
20899,Placer ,95747,-121.3951833,38.8437805,63.66,15.06,14.09,84.34,5.9,26.12,64.26,30.93
3124,Santa Clara,95136,-121.8523356,37.260732,24.88,17.49,47.47,0.0,86.05,43.91,44.85,6.73
4099,San Diego,92102,-117.129657,32.7243369,29.89,50.17,38.46,0.0,5.68,65.67,21.3,54.23
1869,Mendocino ,95469,-123.073864,39.3451859,13.62,3.35,2.87,66.41,8.41,52.84,37.75,68.63
3783,Riverside ,92592,-117.0867251,33.479534,71.66,24.12,21.27,0.0,49.21,30.35,86.63,44.22
4825,San Diego,92069,-117.1700975,33.1418052,42.56,23.96,54.54,0.0,52.99,14.78,52.34,92.02
2284,Inyo ,93526,-117.9007638,36.9449466,55.38,0.37,0.11,37.45,2.61,55.99,78.68,43.89
12184,Kern ,93314,-119.2028983,35.3695847,88.7,98.52,9.21,87.45,13.0,15.13,63.05,26.21
4888,San Diego,92083,-117.2642216,33.1994118,37.57,36.17,52.03,17.28,68.76,40.82,52.34,45.06
4486,Orange ,90720,-118.0798922,33.7799596,26.7,60.8,55.0,46.83,97.21,9.31,12.56,12.69
11767,Contra Costa,94561,-121.7305372,37.9836864,35.16,29.79,14.92,63.21,22.53,83.21,85.38,4.02
5937,Solano ,94585,-121.9964026,38.2500177,24.88,19.71,32.82,0.0,44.35,94.98,85.09,34.48
6357,Ventura ,93023,-119.2836116,34.4427196,57.06,34.57,7.97,46.28,8.28,42.92,28.83,41.48
4069,Los Angeles,90066,-118.4391729,33.9906137,39.99,65.36,48.38,0.0,69.2,14.19,16.33,14.27
4073,San Diego,92058,-117.3334798,33.237618,35.16,44.09,24.59,0.0,54.0,38.05,40.0,67.85
5196,Santa Cruz,95062,-121.9916467,36.9617043,13.62,3.51,24.54,0.0,28.39,27.27,28.45,79.55
2017,Sacramento ,95632,-121.2724934,38.2711241,55.38,35.03,16.64,74.0,25.4,43.54,80.22,38.13
4299,Los Angeles,91364,-118.6102529,34.1590075,76.94,56.55,65.4,0.0,87.14,30.99,49.59,13.04
4031,Riverside ,92320,-117.0032167,33.9837424,99.07,44.43,19.29,0.45,65.04,45.19,75.9,46.18
4679,Monterey ,93955,-121.8432526,36.6015572,10.57,3.06,36.44,0.0,34.03,69.03,43.02,76.24
3963,Riverside ,92860,-117.5749825,33.912597,79.99,91.86,22.59,0.0,25.3,19.6,69.95,11.67
3465,Humboldt ,95514,-123.7194932,40.2182142,3.83,1.14,1.69,1.38,0.91,69.68,68.82,76.87
5729,Santa Clara,94041,-122.0896549,37.3944414,13.62,16.29,81.31,0.0,64.71,3.66,5.02,42.9
4401,San Francisco,94116,-122.4804177,37.7460215,6.38,26.63,88.03,0.0,93.04,20.92,14.52,21.27
9011,Santa Clara,95035,-121.902293,37.409121,17.65,23.7,92.66,0.0,83.26,14.19,23.69,29.03
5059,Alameda ,94536,-122.0049883,37.5481818,16.78,23.82,69.23,0.0,27.38,47.23,52.01,20.6
1463,Riverside ,92561,-116.6712993,33.8025623,93.85,4.62,0.52,0.0,2.08,24.96,55.98,25.98
5906,El Dorado,95667,-120.7951028,38.6568603,76.94,10.6,2.56,46.97,11.81,76.73,56.7,35.75
4341,Los Angeles,90042,-118.1838819,34.097882,66.81,69.67,16.39,0.0,33.38,29.21,11.93,57.63
5452,Orange ,92688,-117.5952959,33.6388098,70.28,50.23,35.27,0.0,36.18,6.47,43.87,27.35
2712,El Dorado,96150,-119.9807563,38.9238251,60.66,0.52,59.65,0.0,17.59,30.2,3.25,66.56
5553,Santa Clara,95123,-121.8243568,37.2550475,26.7,16.28,28.03,25.79,44.51,35.29,17.34,40.11
3354,Orange ,90720,-118.0523303,33.792587,32.15,66.46,59.79,0.0,70.49,25.61,39.12,7.24
1834,Siskiyou ,95568,-123.3041347,41.7477055,13.65,0.04,0.1,0.0,0.1,16.9,31.68,87.76
10135,Riverside ,92555,-117.1908956,33.8800511,98.67,54.86,28.21,7.31,26.08,38.2,53.28,27.05
3358,Sacramento ,95818,-121.4938311,38.5571708,42.56,39.2,87.07,0.0,11.79,81.29,55.58,8.98
6402,Los Angeles,90808,-118.1316155,33.8262896,26.7,65.33,52.13,0.0,52.66,24.59,48.31,17.19
2699,San Francisco,94108,-122.4139142,37.7904728,3.12,28.53,96.96,0.0,33.89,32.6,6.16,14.66
6173,Orange ,92663,-117.9474672,33.6344482,46.99,54.51,83.66,0.0,77.96,10.83,6.63,25.98
4573,Butte ,95966,-121.509062,39.4895646,71.66,10.23,15.78,60.41,8.04,66.34,95.54,49.12
8692,Alameda ,94550,-121.6633595,37.6396925,48.51,12.64,7.08,59.1,66.23,21.62,29.65,2.2
5726,Los Angeles,90278,-118.3699719,33.8873629,29.89,77.96,75.16,39.72,89.83,17.93,28.45,22.01
5753,Solano ,94591,-122.1916422,38.1048794,13.62,36.08,52.11,0.0,15.8,87.06,54.71,39.4
3528,Riverside ,92584,-117.1885988,33.6560933,84.58,46.27,37.72,58.31,70.08,47.92,79.62,22.47
2441,Modoc ,96108,-120.6933431,41.6379522,45.04,0.5,0.14,43.62,0.46,89.49,37.5,56.57
1846,Napa ,94574,-122.4673524,38.476171,14.92,10.48,20.63,77.72,33.4,17.01,4.36,16.56
5083,San Mateo,94066,-122.4345948,37.6190992,10.57,19.94,46.83,0.0,78.58,62.45,42.05,14.05
2558,Los Angeles,91803,-118.141135,34.0638563,66.81,76.53,87.98,0.0,27.0,24.63,11.34,24.42
3010,Ventura ,93001,-119.2736531,34.2739342,26.7,36.24,89.53,0.0,67.53,48.57,14.89,23.66
1653,Marin ,94949,-122.4996767,38.0772539,11.56,22.89,4.42,0.0,97.58,10.9,1.33,18.91
3705,Ventura ,91360,-118.864959,34.1974404,56.96,40.82,48.09,10.21,73.09,14.23,46.16,29.03
656,Siskiyou ,96044,-122.6348078,41.9466483,35.16,0.26,3.22,38.69,4.29,45.45,46.75,78.52
6146,Los Angeles,91104,-118.1005901,34.1655638,79.99,62.43,26.48,57.76,18.41,26.78,18.73,24.92
5414,Riverside ,92882,-117.6207099,33.8647692,74.1,83.86,4.9,0.0,14.99,25.52,67.57,20.1
6537,San Bernardino,92307,-117.1729656,34.5287444,84.58,6.93,7.04,0.0,4.4,92.07,96.2,69.72
3563,Santa Cruz,95060,-122.0424812,36.9946098,13.62,3.6,62.69,10.76,40.73,7.1,10.36,44.41
7286,San Francisco,94118,-122.467999,37.7771137,6.38,27.21,81.8,0.0,86.31,11.02,9.92,32.27
3326,San Mateo,94066,-122.4206868,37.6234201,10.57,26.56,51.66,0.0,79.59,70.26,52.73,13.52
5035,Alameda ,94587,-122.0766119,37.586873,13.62,28.36,44.7,0.0,16.86,69.27,72.78,26.67
4225,Sonoma ,95476,-122.4692305,38.3391382,13.62,11.47,13.06,60.55,37.96,24.1,21.66,50.01
7945,Contra Costa,94521,-121.9882643,37.9600453,26.7,32.28,13.49,0.0,55.38,56.84,46.59,54.03
1820,Fresno ,93619,-119.689719,36.9247612,84.58,92.76,3.62,56.52,4.44,16.28,18.87,18.71
5429,San Luis Obispo,93442,-120.8585435,35.3950312,13.62,8.5,15.33,69.38,29.16,39.97,25.35,35.57
6221,Santa Clara,95014,-122.0012583,37.3163812,20.85,17.11,69.46,0.0,84.84,0.86,5.16,18.91
5760,Marin ,94947,-122.5588729,38.0880631,10.57,21.33,62.4,0.0,81.96,29.32,11.84,38.91
6854,Nevada ,95959,-121.0452762,39.2511145,79.99,1.51,14.62,11.38,24.06,38.3,43.58,63.32
5304,Sacramento ,95864,-121.355268,38.6027461,56.96,44.87,58.36,0.0,17.23,70.38,42.68,22.93
4690,Santa Clara,95148,-121.8050669,37.3320129,24.88,29.53,30.8,0.0,75.4,44.37,37.87,13.73
5819,San Mateo,94066,-122.4484528,37.6324976,10.57,21.36,50.95,0.0,77.94,70.26,52.73,20.95
8127,San Francisco,94116,-122.4834271,37.7381567,7.52,24.39,76.98,0.0,83.04,21.29,14.1,25.43
7415,San Joaquin,95377,-121.4243351,37.7086246,63.29,19.78,72.42,57.69,11.59,44.45,57.13,24.17
5336,Solano ,94534,-122.0937986,38.2199882,17.87,25.28,43.21,85.72,73.64,60.49,27.82,6.92
3385,Alameda ,94550,-121.7291862,37.6833516,42.56,24.48,31.6,0.0,10.66,27.01,33.5,50.01
5784,San Luis Obispo,93401,-120.657254,35.2687981,14.92,13.35,51.39,20.69,35.91,40.55,16.84,53.87
2383,Los Angeles,90048,-118.3656444,34.0727874,56.96,66.91,38.17,0.0,74.76,10.16,27.24,30.04
2722,Calaveras ,95257,-120.449,38.3647246,70.52,8.82,1.41,42.38,0.19,76.66,31.54,70.84
7519,Santa Barbara,93455,-120.1907893,34.743731,11.6,5.49,4.74,80.59,9.24,21.7,22.92,29.21
4414,Alameda ,94587,-122.0648512,37.5937913,13.62,28.19,73.93,0.0,91.19,63.24,66.54,22.01
2981,Orange ,92845,-118.0366697,33.7805697,32.15,66.26,47.08,0.0,92.09,13.0,23.94,6.92
9531,Riverside ,92596,-117.1031008,33.5873473,78.01,38.2,23.37,0.0,13.03,41.3,92.37,10.14
3663,Fresno ,93720,-119.7743534,36.8587761,82.48,95.41,52.84,0.0,57.9,56.42,25.35,9.27
5659,Solano ,94510,-122.1640059,38.0900638,14.92,31.77,10.17,0.0,8.35,54.95,32.12,13.73
5770,Orange ,92646,-117.9766534,33.6444169,37.57,55.37,30.83,0.0,51.31,22.88,30.53,25.25
6539,Sacramento ,95829,-121.3529418,38.47288,46.99,26.32,29.1,0.0,34.38,53.29,75.22,57.79
4885,Santa Barbara,93111,-119.8016253,34.432974,20.85,13.68,35.82,78.21,81.49,35.54,19.35,18.91
9578,Santa Clara,94305,-122.1617917,37.4288379,10.57,15.68,83.71,20.86,45.18,0.05,26.58,68.27
4004,San Francisco,94121,-122.4811913,37.7831165,6.38,27.13,50.44,0.0,62.25,25.22,25.07,32.27
8375,Ventura ,93021,-118.8376218,34.3248248,63.71,34.85,11.77,65.17,30.08,24.54,58.03,24.17
4322,Alameda ,94587,-122.0683607,37.5849858,13.62,28.65,36.37,0.0,26.15,69.27,72.78,36.55
3437,Kern ,93311,-119.1201184,35.3371406,93.63,98.94,34.8,0.0,46.58,47.07,67.49,1.06
3695,San Mateo,94025,-122.1975156,37.4745161,10.57,12.43,48.25,0.0,22.05,30.12,7.94,54.23
4977,Alameda ,94706,-122.3182668,37.8906102,3.12,38.63,99.19,0.0,88.43,18.44,0.31,41.03
4788,Riverside ,92253,-116.3048264,33.6834927,93.63,8.14,46.97,0.0,55.01,30.62,44.13,70.84
3777,Santa Clara,95035,-121.8760953,37.4206966,20.85,20.1,75.23,0.0,80.38,12.46,18.83,6.73
7582,San Bernardino,92284,-116.3943701,34.1033728,93.63,0.92,2.8,0.0,11.0,61.8,95.55,56.07
8421,Santa Barbara,93117,-119.891155,34.4266384,20.85,11.29,55.23,0.0,30.06,25.92,41.16,46.39
2931,San Bernardino,92256,-116.5601965,34.0582671,93.63,2.58,3.75,0.0,46.25,70.28,72.81,68.83
5676,San Diego,91978,-116.9642155,32.7373196,50.99,50.14,47.78,0.0,39.44,31.29,17.34,39.97
9064,Alameda ,94704,-122.259979,37.8667875,3.12,40.47,93.24,0.0,2.28,1.42,9.57,99.46
5376,Fresno ,93611,-119.6757076,36.8456635,88.7,95.02,62.84,34.76,22.11,36.27,18.73,19.12
7695,Alameda ,94551,-121.7418149,37.7129066,42.56,26.21,76.84,7.34,90.74,25.22,36.17,24.17
7895,Riverside ,92595,-117.2249199,33.5912112,76.94,43.45,59.78,0.0,88.56,34.66,89.23,22.71
6217,Los Angeles,91355,-118.5639835,34.387708,93.63,48.66,72.61,27.62,86.59,25.98,38.27,32.49
7811,Riverside ,92508,-117.3019318,33.8944124,97.0,63.85,5.66,0.0,67.95,16.03,50.37,20.6
3979,Los Angeles,91387,-118.4274646,34.435608,97.0,50.07,10.35,0.0,68.01,30.4,17.9,20.38
6057,Placer ,95648,-121.283873,38.9695759,69.57,9.18,3.5,87.72,3.19,13.97,27.41,39.21
2916,Los Angeles,91304,-118.6565649,34.2135699,76.94,50.8,36.02,0.0,15.49,68.23,58.69,9.85
3222,Los Angeles,90807,-118.1970981,33.8334835,24.88,67.16,54.69,27.69,94.23,36.8,20.78,15.83
5081,Santa Clara,95128,-121.9360396,37.3059812,20.85,21.34,66.85,0.0,96.96,29.5,32.32,34.21
2112,Kern ,93311,-119.1055446,35.351304,93.63,99.09,6.94,0.0,68.06,33.21,31.68,61.28
9119,Kern ,93555,-117.6880081,35.6079827,75.12,15.86,20.42,0.0,6.66,79.0,97.87,64.37
4051,Alameda ,94610,-122.2487541,37.8171931,3.12,45.4,81.52,0.0,82.16,43.25,17.24,41.03
3583,Los Angeles,90713,-118.1210795,33.8532314,32.15,65.28,22.35,39.55,46.76,32.33,66.86,29.74
6437,Orange ,92870,-117.8528609,33.8823988,55.38,83.82,35.38,0.0,46.51,45.11,66.56,12.69
3713,San Diego,92024,-117.2770112,33.0422361,35.16,40.45,72.26,3.79,78.74,4.26,13.1,24.42
7185,Los Angeles,90814,-118.1480649,33.7707927,20.85,62.61,24.67,0.0,41.93,29.54,18.98,35.75
6526,San Diego,92117,-117.195777,32.8226369,37.57,43.48,26.11,0.0,64.33,43.05,33.5,23.91
2355,Orange ,90630,-118.0500218,33.8205123,35.16,70.37,29.68,0.0,22.35,32.27,40.64,2.6
2175,San Diego,92028,-117.1450804,33.3908759,64.85,14.3,28.77,78.93,88.5,19.37,51.1,46.82
5348,Los Angeles,91765,-117.8264522,33.9582663,60.93,82.13,60.71,0.0,97.39,17.01,24.66,22.01
5110,San Mateo,94403,-122.2888705,37.5373986,6.38,26.04,84.41,0.0,83.35,45.16,15.45,11.44
5785,Orange ,90623,-118.0450217,33.8418899,37.57,71.03,22.27,0.0,45.4,21.04,24.1,27.56
10005,San Diego,92008,-117.2924294,33.124262,32.15,36.42,49.96,92.0,67.34,2.87,8.89,30.78
2106,Orange ,92649,-118.0656938,33.7193851,24.88,58.78,22.94,0.0,80.11,16.89,37.3,22.93
5728,Orange ,92604,-117.7893092,33.6786721,62.53,55.74,29.84,72.86,56.59,10.56,10.36,34.21
5151,Ventura ,93003,-119.1896449,34.2620831,29.89,35.67,29.21,99.45,25.35,35.06,13.5,38.91
3672,San Luis Obispo,93402,-120.8212246,35.3185487,11.56,9.94,16.48,85.9,29.43,53.41,19.48,71.22
2521,Los Angeles,90505,-118.3338133,33.7863579,20.85,70.64,57.62,0.0,66.11,10.72,18.73,29.21
3384,Fresno ,93730,-119.7386275,36.8885355,88.7,94.44,33.22,47.48,4.49,13.62,13.1,23.91
6654,Contra Costa,94553,-122.102737,37.9885846,14.92,32.06,48.65,0.0,37.21,67.32,48.92,8.68
16968,San Francisco,94105,-122.3923886,37.7877258,3.12,27.92,99.79,0.0,91.75,21.44,1.86,22.01
1859,San Bernardino,92277,-116.0639699,34.1916824,91.05,6.15,4.03,0.0,4.31,36.24,99.7,80.95
4212,Los Angeles,90638,-117.9992604,33.911522,55.38,73.25,52.37,0.0,43.84,26.45,54.49,12.69
6518,Los Angeles,91355,-118.5621967,34.4314807,91.05,47.01,50.75,0.0,81.44,14.76,25.21,11.67
4171,Alameda ,94702,-122.2896443,37.8794799,3.12,39.05,68.61,0.0,25.26,61.02,23.19,20.8
5197,Madera ,93644,-119.5191768,37.5026912,75.12,4.48,2.05,0.0,7.55,32.94,32.9,76.62
3939,Siskiyou ,96064,-122.2927628,41.7845609,35.16,0.14,2.4,59.38,2.48,43.47,58.23,63.02
5059,Los Angeles,90024,-118.4423998,34.0513698,56.96,69.41,84.82,0.21,97.2,3.2,11.08,20.6
4721,Sacramento ,95628,-121.2823391,38.6382215,64.73,23.32,52.61,0.0,68.2,47.41,36.78,40.55
3620,Santa Clara,95148,-121.8140638,37.3426023,24.88,29.27,70.19,0.0,75.94,26.63,13.91,30.46
8225,Orange ,92612,-117.8143677,33.6622148,59.69,56.19,64.7,63.07,95.4,7.23,3.85,25.72
2145,Plumas ,96020,-121.3550493,40.3853218,55.38,8.39,6.91,0.0,1.81,91.82,96.51,42.61
4207,Los Angeles,90066,-118.4316771,34.0096289,44.98,63.92,56.5,0.0,39.56,33.82,48.63,40.34
1424,Riverside ,92276,-116.3795881,33.8530222,91.05,5.82,13.91,40.79,84.68,9.61,8.42,68.48
5021,Los Angeles,90210,-118.4021007,34.0892642,63.66,63.42,52.32,0.0,62.29,4.9,22.4,23.91
5625,San Diego,92021,-116.8941897,32.8295319,70.52,41.83,61.93,0.0,39.94,53.46,49.59,34.7
6153,San Diego,92117,-117.2039519,32.800198,35.16,46.19,72.96,0.0,75.79,27.06,11.5,18.71
4309,Santa Cruz,95062,-121.9783864,36.9761783,13.62,3.27,51.6,0.0,71.04,27.27,28.45,53.48
4863,Los Angeles,91789,-117.851172,33.9883072,64.73,87.6,69.92,0.0,89.44,11.76,19.58,17.49
9761,Riverside ,92253,-116.2834051,33.719326,93.63,8.51,57.44,45.66,70.18,19.78,22.92,46.61
3044,Los Angeles,90503,-118.3586819,33.8537952,24.88,75.72,39.2,74.79,84.41,18.98,33.5,
2327,Sacramento ,95829,-121.3443101,38.4581469,44.98,27.62,38.39,0.0,18.25,53.64,76.35,75.3
2857,Mariposa ,95311,-120.1089266,37.6729487,75.12,12.84,0.2,1.69,0.18,36.84,64.02,67.61
1260,Ventura ,93003,-119.2061965,34.2757404,32.15,34.54,43.75,40.52,70.63,42.25,20.5,38.33
1656,Riverside ,92241,-116.3491585,33.9067325,91.05,4.47,0.63,22.28,,42.65,53.32,71.09
2273,Santa Barbara,93117,-120.028824,34.4809488,17.67,5.92,4.6,50.38,59.64,24.91,38.96,35.57
3485,Fresno ,93611,-119.6601276,36.8304328,88.7,95.13,39.76,48.41,14.25,34.48,17.9,16.82
6379,San Diego,92065,-116.8766106,33.0384857,70.52,8.95,15.0,30.86,18.63,17.31,48.48,44.87
7166,Santa Clara,94041,-122.0625867,37.3786407,16.78,15.47,86.19,0.0,84.53,1.79,3.33,7.55
4122,Alameda ,94619,-122.1931965,37.7765228,3.83,33.59,66.43,0.0,7.4,87.11,24.1,27.05
4060,Madera ,93644,-119.3767852,37.3965946,57.15,6.82,0.75,29.62,7.6,7.1,21.14,44.87
3713,San Luis Obispo,93442,-120.8347297,35.3575843,11.56,10.9,11.87,47.07,42.6,39.97,25.35,44.62
5566,Los Angeles,90045,-118.4003336,33.9713675,35.16,71.44,56.03,0.0,76.94,16.38,38.27,4.4
2229,Riverside ,92585,-117.1724338,33.7304367,91.05,49.25,31.79,27.21,72.29,42.31,74.89,50.68
7108,Lake ,95461,-122.5571962,38.7527742,14.92,0.39,5.12,68.38,3.89,56.89,44.01,35.93
3045,San Diego,92086,-116.6970824,33.2564808,74.24,2.45,0.35,22.62,0.85,9.23,36.28,72.74
2619,San Diego,92020,-116.9501576,32.7707044,60.93,46.52,11.99,0.0,42.99,57.56,56.18,16.04
5119,Sonoma ,94928,-122.6998452,38.3562901,6.38,10.3,38.0,27.83,66.45,38.68,43.87,49.72
5770,Los Angeles,91604,-118.3805891,34.135557,72.83,60.02,47.17,16.03,83.94,12.26,34.88,9.85
2081,Riverside ,92264,-116.5369599,33.812654,91.05,6.1,23.19,0.0,36.83,15.04,21.52,82.14
7491,San Luis Obispo,93446,-120.645087,35.6491478,42.76,6.43,11.44,70.31,15.66,50.47,23.47,31.26
4277,San Francisco,94115,-122.4302666,37.7879139,3.12,27.69,95.38,0.0,86.49,38.56,3.78,36.28
3775,San Francisco,94110,-122.4224695,37.7396295,6.38,25.46,97.11,0.0,12.19,63.32,23.94,35.15
8114,Santa Barbara,93436,-120.4679785,34.7210823,10.6,8.54,12.03,83.17,8.31,48.47,63.14,38.57
2920,Los Angeles,91350,-118.5248234,34.4030093,95.27,46.99,10.58,0.0,74.59,16.1,28.83,28.17
2505,Santa Barbara,93436,-120.4797843,34.65176,3.83,9.26,33.37,87.14,4.23,56.12,71.05,51.09
4769,Los Angeles,91604,-118.3855058,34.1450296,74.1,59.89,34.09,0.0,68.44,7.66,17.58,17.71
6931,Orange ,92835,-117.8940242,33.9038169,55.38,79.25,30.35,0.0,81.29,30.51,30.53,10.72
5956,Riverside ,92530,-117.387881,33.6841829,79.99,52.78,6.8,0.0,,66.65,98.83,44.22
5093,Contra Costa,94530,-122.288182,37.9435402,3.83,32.81,11.45,13.17,36.88,63.55,43.78,42.41
7515,Los Angeles,91307,-118.6570809,34.1918593,76.94,51.71,11.28,0.0,29.18,40.73,55.72,26.67
7388,San Bernardino,92392,-117.3581242,34.4940982,84.58,12.37,9.76,0.0,10.01,88.65,99.85,66.11
9610,Sacramento ,95843,-121.3347764,38.7155123,63.29,23.41,37.6,28.45,36.51,65.62,87.94,41.24
9434,San Luis Obispo,93461,-120.367815,35.619857,51.92,5.51,5.08,73.55,5.54,38.88,21.21,42.9
5909,Orange ,92648,-117.9937244,33.6661556,35.16,57.67,68.4,0.0,21.41,29.06,39.62,18.44
5550,Los Angeles,91791,-117.9166732,34.055737,74.1,83.75,32.06,0.0,14.84,35.38,25.87,38.91
5544,San Diego,92108,-117.1067006,32.7859743,37.57,45.5,60.11,0.0,84.14,15.45,1.37,56.57
2861,Los Angeles,91356,-118.5320785,34.144579,78.22,72.46,15.67,55.1,3.78,43.67,16.94,27.35
4568,Alameda ,94501,-122.2563814,37.756593,3.12,40.06,65.08,0.0,14.11,74.0,51.82,30.93
4441,Contra Costa,94521,-121.9701205,37.9649061,26.7,32.18,63.02,0.0,52.5,56.84,46.59,29.03
4659,Alameda ,94541,-122.0517821,37.6874049,13.62,25.39,46.26,20.62,89.13,58.64,33.21,14.48
5582,Ventura ,93035,-119.2015189,34.1855328,24.88,34.04,39.55,34.97,20.44,29.61,20.92,57.44
3994,San Diego,92083,-117.2759939,33.1965648,35.16,37.4,54.82,24.34,70.96,24.54,28.45,59.08
3655,Sacramento ,95831,-121.5227613,38.4760817,35.16,30.4,54.28,75.03,32.96,50.79,55.98,21.72
3733,Santa Clara,95118,-121.8839525,37.2515075,24.88,15.73,65.14,0.0,88.91,39.26,38.81,26.38
6649,Los Angeles,90025,-118.4245499,34.0525736,53.73,70.26,87.39,0.0,79.38,7.98,16.48,23.66
5405,San Diego,92027,-117.069255,33.1446753,55.38,15.69,23.57,0.0,23.35,23.26,31.68,56.38
7343,Alameda ,94588,-121.8238089,37.718917,32.15,17.27,18.89,56.34,71.34,28.35,23.82,0.55
19462,Orange ,92602,-117.7783403,33.7166338,62.53,62.31,64.53,0.0,84.73,4.37,13.1,35.15
4535,Los Angeles,91001,-118.1154324,34.1809681,82.48,62.44,32.12,7.14,9.76,33.92,16.16,24.92
4365,Santa Clara,95050,-121.9620692,37.347132,17.65,20.25,69.87,0.0,51.13,19.65,31.68,12.16
5127,San Francisco,94109,-122.4198054,37.7943823,3.12,30.38,98.1,0.0,39.25,42.76,11.84,27.05
1733,Siskiyou ,96032,-122.9107552,41.6997334,35.16,0.06,5.05,63.17,0.16,15.83,50.22,68.27
2857,Orange ,92626,-117.9275165,33.6763992,46.99,59.74,55.25,0.0,56.89,29.3,26.15,36.55
5750,Alameda ,94568,-121.8851034,37.7050938,26.7,24.65,94.86,0.0,86.93,28.83,22.23,7.55
5954,Santa Clara,94303,-122.1097683,37.4270192,13.62,19.35,81.67,0.0,82.93,58.97,24.58,11.27
3968,Sonoma ,94952,-122.6798743,38.2576575,7.52,10.59,13.67,48.28,77.3,49.66,64.16,46.61
4398,Ventura ,93003,-119.2416995,34.2706551,29.89,36.25,33.13,91.93,48.76,42.25,20.5,44.62
4723,Sacramento ,95816,-121.4593774,38.5674597,44.98,38.18,76.42,0.0,66.55,53.86,43.64,5.35
2094,Los Angeles,93536,-118.1855819,34.6538718,88.7,7.65,5.24,0.0,18.9,63.9,52.95,23.3
6713,San Bernardino,92345,-117.272407,34.4026561,95.27,34.77,3.73,0.0,5.83,76.33,99.38,56.57
2446,Lake ,95464,-122.8631148,39.120886,14.92,0.7,25.76,33.38,2.5,87.96,54.96,85.34
4495,Kern ,93312,-119.1006532,35.3914329,91.05,99.33,47.74,0.0,55.53,22.77,41.95,36.98
3937,Sacramento ,95826,-121.3548712,38.5505795,50.54,35.46,22.12,0.0,14.1,80.75,62.05,37.64
1982,Amador ,95666,-120.2562561,38.5394172,66.96,1.53,5.54,0.69,1.61,73.14,70.45,78.1
2448,Sacramento ,95818,-121.4817038,38.5543039,42.56,39.07,92.11,0.0,26.63,77.23,49.64,28.86
2417,Riverside ,92860,-117.5759903,33.9319208,79.99,92.71,33.57,11.31,62.49,14.93,61.37,10.14
3426,Alameda ,94703,-122.2680467,37.859365,3.12,41.0,74.19,0.0,28.83,38.47,28.98,67.01
3913,San Bernardino,92313,-117.3016257,34.0312019,98.67,72.69,24.72,40.66,25.56,44.08,67.15,11.27
894,Trinity ,39,-123.2109469,40.0696019,26.71,0.05,0.05,0.0,0.05,30.41,56.46,91.85
7545,Sacramento ,95624,-121.3439364,38.416349,44.98,26.83,15.96,1.86,17.03,45.78,79.3,22.01
7541,Santa Clara,95126,-121.9206557,37.3047197,20.85,22.91,26.26,0.0,31.28,23.31,11.93,57.63
5600,San Francisco,94118,-122.4683889,37.7843252,6.38,24.02,77.49,0.0,78.48,8.75,6.82,25.43
6135,Mendocino ,95427,-123.711243,39.3311449,13.62,3.9,3.85,30.48,6.34,45.78,35.23,53.27
4087,San Diego,92129,-117.1018883,32.9615181,53.73,44.32,82.05,0.0,87.75,7.95,12.6,49.12
7239,Los Angeles,93551,-118.1947725,34.6173553,88.7,8.36,23.75,0.0,26.44,58.54,71.3,25.25
5923,San Diego,92064,-117.0440195,32.9657965,59.69,44.65,20.56,0.0,58.84,15.65,28.12,33.0
7685,Riverside ,92883,-117.4949771,33.7892199,79.99,67.79,67.63,0.0,97.95,14.16,59.5,28.42
4116,Santa Clara,95008,-121.9372417,37.2837629,20.85,18.05,78.01,0.0,86.85,26.43,31.97,19.6
5131,Orange ,90740,-118.0583294,33.7780672,26.7,66.72,70.43,0.0,95.08,13.16,35.41,2.6
3416,Los Angeles,90065,-118.2153417,34.1150031,66.81,69.21,20.68,0.0,5.09,40.58,17.9,41.48
4420,Orange ,92647,-118.0193307,33.7074614,32.15,58.41,15.98,0.0,36.33,30.96,23.94,18.44
4197,Alameda ,94602,-122.2215015,37.8041479,3.12,41.53,79.94,0.0,80.54,77.27,16.94,13.27
2933,Los Angeles,91384,-118.7322957,34.5530069,78.26,13.32,5.49,0.0,95.26,23.87,34.05,2.2
3355,Los Angeles,90245,-118.418063,33.9201935,32.15,71.96,95.61,0.0,62.7,12.76,22.05,23.66
3993,Solano ,95687,-121.956931,38.342413,35.16,10.88,27.03,0.0,26.19,83.44,68.1,44.87
6200,Monterey ,93955,-121.8296281,36.6129213,10.57,3.04,16.25,0.0,5.03,72.48,47.18,44.62
6440,Santa Cruz,95060,-122.0639731,36.9701968,13.62,3.45,52.25,95.17,18.49,18.38,21.44,74.56
3623,Sacramento ,95630,-121.175736,38.6759691,70.28,10.37,16.0,0.0,29.79,18.74,46.93,55.39
2706,Ventura ,93065,-118.7657513,34.2590824,67.9,43.31,19.61,0.0,17.33,46.49,60.06,39.82
4691,San Diego,91902,-117.0387029,32.6499247,32.15,50.94,61.88,0.0,76.95,36.55,15.27,30.04
5028,San Mateo,94030,-122.3977958,37.5995339,10.57,21.28,41.97,0.0,53.33,38.2,27.74,9.64
7589,San Francisco,94121,-122.5098633,37.7824907,6.38,22.55,43.51,0.0,12.55,25.22,25.07,27.35
5466,Inyo ,93514,-118.4055905,37.3648068,17.71,1.08,18.57,35.97,22.94,74.26,60.78,50.52
9342,Riverside ,92562,-117.2443765,33.5246081,69.57,27.22,15.64,58.21,11.69,36.78,91.92,20.95
2573,San Diego,92024,-117.2904158,33.0576984,32.15,44.37,86.92,76.52,84.55,6.94,25.5,20.95
3301,Alameda ,94536,-122.0026581,37.5717252,16.78,22.35,71.92,39.48,55.04,41.58,42.6,12.69
4363,Santa Clara,95124,-121.9230172,37.2556691,24.88,15.12,70.08,0.0,73.24,26.33,23.59,3.54
6196,Los Angeles,91001,-118.1161844,34.1920485,84.58,60.21,13.7,13.59,7.56,35.17,18.39,1.98
4473,Santa Clara,95123,-121.8642681,37.2484923,24.88,14.95,52.5,0.0,48.71,44.24,26.41,29.21
4413,San Diego,92124,-117.1085759,32.8036915,39.99,40.67,57.7,0.0,94.89,15.79,4.32,55.24
6373,Sonoma ,95472,-122.842325,38.4129715,6.38,5.09,32.72,78.86,35.23,31.09,20.6,30.78
3353,Solano ,94534,-122.0643005,38.2655712,22.19,29.41,73.67,0.0,83.53,60.85,29.24,15.03
3476,Orange ,92646,-117.9756484,33.6794766,39.99,57.57,63.73,0.0,40.81,28.61,40.19,15.03
5533,Los Angeles,91302,-118.6726554,34.1607951,72.83,51.57,50.09,23.03,97.64,9.3,8.25,8.07
4041,Fresno ,93611,-119.7202981,36.8448035,88.7,95.98,30.07,0.0,34.46,42.61,24.89,10.72
6000,Los Angeles,91007,-118.0421452,34.1213014,79.99,70.45,19.88,0.0,13.85,4.49,3.58,44.41
4957,Riverside ,92562,-117.3024815,33.5515921,70.62,33.63,8.15,45.62,8.9,25.71,77.58,19.89
4804,Sonoma ,95403,-122.7468491,38.5289806,11.56,7.08,9.74,66.97,44.18,36.95,26.89,48.03
5060,Orange ,92867,-117.8264202,33.8313839,55.38,77.09,65.02,46.34,83.21,12.91,10.48,5.92
4753,San Francisco,94122,-122.4825954,37.7589003,6.38,26.99,75.38,0.0,87.5,14.38,13.6,29.46
3336,Riverside ,92591,-117.136759,33.5297942,74.1,36.03,49.36,0.0,61.04,37.9,94.27,34.21
9762,San Diego,92122,-117.2035171,32.8680772,42.56,43.75,93.99,0.0,79.1,6.29,10.36,51.75
6308,Humboldt ,95519,-124.0533616,40.9331482,0.19,3.68,12.0,19.41,10.24,61.58,80.47,78.28
4225,San Diego,92126,-117.1501108,32.9071751,46.99,43.83,43.26,0.0,48.34,33.57,31.24,48.2
4454,San Francisco,94110,-122.4201527,37.7437059,6.38,26.82,76.83,0.0,22.68,74.21,36.42,19.89
1594,Glenn ,95943,-122.0272696,39.5091976,51.92,14.98,16.27,93.03,1.39,21.37,59.5,57.14
5446,Plumas ,95971,-120.9336052,39.9345095,72.55,40.01,3.97,28.76,6.04,58.42,65.32,51.09
3414,San Diego,92037,-117.2334092,32.8589728,39.99,44.69,84.64,0.0,78.9,2.03,0.26,38.91
7345,San Diego,92117,-117.206765,32.8373057,39.99,42.96,40.45,0.0,55.86,36.9,26.22,55.69
5712,Riverside ,92530,-117.3888925,33.7012951,79.99,53.22,30.47,0.0,,66.55,98.79,26.67
4975,Los Angeles,91775,-118.0740581,34.1180317,78.01,64.82,56.39,0.0,27.06,5.82,13.35,25.98
2783,Napa ,94574,-122.4550323,38.5022881,14.92,12.87,39.29,69.52,38.88,17.35,28.2,41.48
4122,Riverside ,92234,-116.4670932,33.8413521,88.7,6.33,71.8,0.0,27.18,45.96,65.45,62.84
4313,Los Angeles,91748,-117.9023573,33.9700289,63.61,83.07,12.05,0.0,27.34,22.56,28.45,33.98
4075,Butte ,95973,-121.8638042,39.7754009,47.38,40.05,54.93,76.03,32.84,47.43,44.25,55.5
4151,Riverside ,92262,-116.5205082,33.8540687,91.05,4.28,45.51,0.0,30.81,68.03,61.25,39.97
1737,Napa ,94558,-122.2866466,38.6404729,29.99,5.7,2.08,51.62,0.4,49.68,57.89,38.91
5266,Alameda ,94704,-122.2495401,37.8679125,3.12,38.07,34.49,0.0,0.03,1.55,10.12,96.72
1878,Inyo ,93514,-118.5534882,37.3161335,20.86,0.34,0.32,37.86,6.98,71.71,57.69,35.75
7420,Los Angeles,91355,-118.6121724,34.4153573,84.63,45.05,24.41,31.31,87.99,4.31,10.08,5.09
5173,Contra Costa,94803,-122.2944086,37.9689098,6.38,35.38,40.58,0.0,25.68,74.89,62.89,36.55
4838,San Mateo,94070,-122.2658697,37.5077822,6.38,18.73,77.87,0.0,55.03,11.69,13.27,23.91
3661,Los Angeles,90808,-118.0728449,33.8200771,32.15,65.1,91.61,0.0,82.88,10.95,15.33,15.33
5481,Los Angeles,91384,-118.6328469,34.4800849,84.58,32.76,37.75,0.0,91.64,24.29,35.18,23.17
4449,Los Angeles,91367,-118.6541956,34.177348,75.12,52.46,25.74,21.41,27.43,34.6,60.71,11.27
3808,Sacramento ,95837,-121.5936907,38.6578904,55.38,25.08,27.99,76.83,58.05,47.98,66.65,2.6
4830,Santa Clara,95123,-121.854143,37.2544152,26.7,15.71,69.58,0.0,87.86,31.93,13.82,30.78
7487,San Francisco,94116,-122.4978433,37.7425001,7.52,27.87,51.8,0.0,66.14,23.99,18.52,35.75
3153,Solano ,94510,-122.1630224,38.0608147,13.62,35.83,66.01,0.0,28.79,67.25,55.21,35.93
4483,Calaveras ,95222,-120.5609618,38.0706597,74.1,33.02,4.58,27.79,8.05,22.69,46.9,48.73
1202,Santa Clara,95037,-121.5279664,37.248099,35.18,5.33,1.42,58.62,47.71,14.12,10.48,10.44
1824,Los Angeles,91304,-118.651677,34.2382513,79.99,47.74,31.86,4.24,5.4,41.45,37.87,36.11
1930,Alameda ,94610,-122.2520804,37.8095265,3.12,45.4,84.07,0.0,87.29,49.99,24.55,39.21
5026,Santa Clara,95037,-121.6086139,37.1301031,35.16,6.24,31.55,87.52,82.29,37.2,60.28,6.92
5970,Shasta ,96003,-122.3564969,40.6025623,46.99,18.69,45.96,0.0,56.54,52.69,65.18,75.98
3277,Los Angeles,90046,-118.3530199,34.1114184,65.69,62.33,53.35,0.0,64.18,4.7,8.39,45.97
22349,San Diego,91915,-116.9557609,32.6100121,42.76,58.47,19.37,0.0,22.91,17.86,24.44,16.82
4123,Solano ,95688,-121.9967931,38.3622036,35.16,11.97,12.86,28.0,9.68,89.18,70.6,43.73
2383,Riverside ,92595,-117.2478194,33.6430873,79.99,46.63,2.33,0.0,18.99,39.37,93.38,36.28
7226,San Bernardino,92256,-116.4710167,34.077742,93.63,1.52,3.14,0.0,34.08,62.54,95.31,70.13
7007,Sacramento ,95823,-121.4375735,38.4555299,39.99,32.3,23.16,0.0,27.48,98.45,98.74,68.48
12647,San Diego,92010,-117.2771634,33.1585,35.16,30.39,18.97,92.17,47.41,7.29,10.9,38.13
4697,San Bernardino,91709,-117.7824421,33.9791922,64.85,88.1,19.12,0.0,44.66,21.19,53.19,22.22
4516,Contra Costa,94509,-121.8155925,37.9865794,37.57,28.38,8.85,0.0,50.85,99.49,95.83,54.65
3739,Yolo ,95695,-121.7872092,38.6661851,55.38,35.62,15.49,78.59,8.36,63.11,59.12,13.04
6512,Los Angeles,91789,-117.8818963,34.0254501,69.32,86.75,21.63,0.0,47.93,17.35,30.32,24.17
3554,Orange ,92708,-117.9511573,33.7195163,42.56,60.36,44.33,0.0,62.61,27.68,50.72,49.31
2327,Riverside ,92557,-117.2371448,33.967321,99.07,61.8,22.07,0.0,16.79,64.44,80.42,56.85
4447,Contra Costa,94531,-121.7692731,37.967884,35.16,28.62,46.04,0.0,68.39,95.06,82.44,20.8
386,Los Angeles,91390,-118.4302105,34.477891,95.27,47.39,3.81,0.0,3.33,11.68,38.66,81.62
2816,San Diego,92054,-117.3364699,33.2158066,32.15,43.93,73.32,0.0,51.98,8.59,6.61,56.85
7248,Contra Costa,94547,-122.2562999,38.0086578,10.57,31.92,66.72,0.0,50.93,53.88,30.17,26.67
4487,Alameda ,94709,-122.2695878,37.8752396,3.12,40.22,74.77,0.0,16.1,10.9,10.63,63.91
3454,Alameda ,94501,-122.2738461,37.766273,3.12,41.44,27.07,0.0,14.75,74.0,51.82,26.67
3014,Solano ,94535,-121.9458087,38.2790134,29.89,15.97,4.57,0.0,44.08,3.75,19.78,54.79
4263,Butte ,95965,-121.5902502,39.6722796,74.1,9.09,5.85,42.03,3.8,55.42,78.84,56.38
5110,Riverside ,92562,-117.2060351,33.5845532,76.94,41.98,31.81,0.0,25.31,40.2,94.43,48.58
6934,Contra Costa,94596,-122.0630149,37.9062665,14.92,35.92,95.73,10.17,83.5,15.83,11.23,18.71
8662,Sacramento ,95835,-121.532096,38.6780725,56.96,29.99,62.45,56.59,60.88,48.72,70.8,28.63
6956,San Bernardino,91709,-117.7592802,33.9779999,66.81,89.88,42.23,0.0,30.83,21.76,54.22,14.05
5095,San Diego,92110,-117.1885238,32.7677269,35.16,48.09,79.29,0.0,42.7,31.77,7.78,57.3
7700,San Luis Obispo,93433,-120.6127502,35.1183559,16.78,21.13,45.21,94.17,53.35,44.48,6.89,59.37
4012,San Diego,92122,-117.1916155,32.8501753,39.99,41.06,72.47,77.17,80.85,5.16,3.53,36.42
6185,Riverside ,92591,-117.1047166,33.5207723,74.1,28.64,18.82,56.1,24.08,37.72,94.17,11.44
12331,Orange ,92618,-117.7518955,33.6364023,64.73,50.74,41.08,0.0,85.79,11.42,12.79,25.25
2674,Mendocino ,95428,-123.1572763,39.7629881,37.6,0.47,0.44,0.0,0.08,72.02,79.77,92.37
3526,Los Angeles,90069,-118.3878271,34.0876356,62.53,63.95,81.27,0.0,69.39,11.45,27.02,38.33
2889,Riverside ,92506,-117.3385631,33.9418987,97.0,73.45,10.26,0.0,55.74,52.92,52.73,15.33
8604,Santa Clara,94086,-122.0203525,37.3624639,16.78,15.46,65.09,0.0,62.54,4.25,7.54,50.52
3458,Orange ,92870,-117.8479994,33.8939302,55.38,81.21,17.05,0.0,41.56,34.28,55.0,7.83
802,Sacramento ,95624,-121.2951929,38.4098054,52.06,20.46,14.69,84.21,55.73,44.83,77.82,0.83
6679,Orange ,92691,-117.6853236,33.609152,67.9,40.5,77.1,0.0,97.44,13.81,43.46,18.18
5341,San Mateo,94019,-122.4241365,37.5392774,7.52,13.73,7.38,76.41,82.6,41.31,9.23,22.01
7615,San Diego,92040,-116.9197122,32.8364013,69.32,42.95,28.55,0.0,19.51,36.24,28.12,38.13
5275,Orange ,92691,-117.6651142,33.5727477,67.9,45.16,77.96,0.0,97.75,6.21,21.73,26.21
1251,Del Norte,95548,-124.0350111,41.5728126,0.19,1.21,1.31,0.0,4.79,51.55,87.57,85.93
3624,Santa Clara,95037,-121.6429002,37.1331658,35.16,7.04,90.5,49.69,81.1,38.04,62.95,24.42
7107,Butte ,95928,-121.7959706,39.7464744,58.23,34.46,65.36,56.03,18.59,46.68,28.2,49.72
2161,Madera ,93653,-119.8802873,37.1891883,78.22,55.93,0.61,52.38,4.15,21.8,25.12,52.71
3852,Santa Barbara,93111,-119.8068138,34.4465699,22.19,13.48,51.4,54.0,64.74,41.25,25.67,33.98
4801,San Bernardino,91701,-117.6274307,34.146438,95.27,94.72,47.8,8.41,72.99,28.3,60.59,8.98
9956,Santa Clara,95054,-121.9509272,37.3962507,16.78,20.49,97.19,0.0,92.83,11.48,19.07,15.03
10983,Santa Barbara,93455,-120.4257095,34.9079217,11.56,10.85,40.83,95.79,63.14,41.87,29.37,42.9
4179,Humboldt ,95526,-123.7971626,40.5020364,3.91,1.0,1.16,19.28,0.61,47.5,73.47,59.23
6780,San Diego,92131,-117.1057659,32.9282044,50.54,43.0,74.82,0.0,81.76,4.66,10.22,14.05
3017,Napa ,94558,-122.3106008,38.3056856,16.78,49.91,75.26,17.86,73.08,33.89,26.3,41.03
2713,Sacramento ,95670,-121.2455336,38.6306876,66.81,21.23,42.02,0.0,83.24,60.22,59.36,0.6
3097,Alameda ,94501,-122.2593887,37.7601324,3.12,41.66,52.17,0.0,7.99,74.0,51.82,37.4
4541,Solano ,94591,-122.1822552,38.1382068,14.92,32.1,18.47,49.07,67.84,86.89,50.32,17.49
3067,Riverside ,92203,-116.2675281,33.7597156,93.63,7.88,68.43,79.72,36.68,12.14,19.95,66.87
5271,Napa ,94515,-122.5826961,38.5814083,13.62,7.24,34.46,60.07,10.15,36.09,43.28,48.44
2636,Riverside ,92260,-116.3868788,33.7348325,88.7,8.38,26.24,0.0,54.95,5.46,7.51,77.41
2423,Humboldt ,95546,-123.9140107,41.2749037,13.65,0.77,2.13,11.9,0.56,47.62,78.08,66.87
4676,Sonoma ,94954,-122.5331126,38.2110204,11.56,12.0,10.85,67.48,63.79,27.83,32.79,22.47
620,Ventura ,93243,-119.1348137,34.6431476,63.72,4.44,0.06,43.97,0.09,8.62,2.8,28.17
7428,San Diego,91910,-117.0127578,32.6311503,32.15,54.81,9.53,0.0,62.74,51.97,30.75,20.95
1460,San Diego,92037,-117.2318176,32.8797622,42.56,45.84,92.21,0.0,77.24,0.06,0.04,82.46
3668,Placer ,95603,-121.0567377,38.922298,75.12,6.4,55.71,58.41,30.35,55.4,49.25,27.56
3956,Shasta ,96003,-122.3934125,40.6148623,46.99,20.56,31.31,0.0,27.46,52.69,65.18,87.54
11383,Solano ,94534,-122.1486859,38.1649825,17.65,28.79,28.11,56.79,80.74,54.94,19.48,10.9
938,Solano ,94535,-121.9464883,38.2715918,29.89,16.79,8.91,0.0,52.11,1.01,36.17,43.33
2925,Placer ,96143,-120.0195644,39.2468106,60.66,2.73,43.57,0.0,24.35,7.37,10.98,69.08
4457,Orange ,92627,-117.9132613,33.6313413,50.54,53.93,69.53,0.0,45.05,34.45,12.31,6.28
6320,San Joaquin,95242,-121.2979405,38.1075416,44.98,50.7,39.18,69.72,23.45,36.38,67.57,35.15
4826,Riverside ,92882,-117.5997193,33.8502157,76.94,88.33,6.48,0.0,27.16,40.32,84.52,21.72
3542,Mendocino ,95585,-123.6195849,39.7946937,7.6,1.46,2.03,23.55,1.18,47.98,28.12,73.0
2513,San Mateo,94015,-122.4690804,37.6695059,10.57,25.97,74.72,0.0,87.56,24.75,7.99,18.44
6728,Riverside ,92882,-117.5718819,33.8472672,78.01,88.92,8.92,0.0,24.33,15.29,59.93,12.45
6522,Santa Clara,95037,-121.6632327,37.1283447,35.16,6.71,62.14,39.69,20.21,38.04,62.95,25.72
6545,Los Angeles,91748,-117.8885626,33.9591947,60.93,77.88,23.8,16.79,90.84,9.61,8.66,17.19
4511,Sacramento ,95628,-121.2584098,38.643865,65.36,19.59,36.96,0.0,56.69,51.55,45.97,39.21
2721,San Bernardino,91709,-117.7602431,33.9515994,64.85,83.57,11.97,33.03,33.86,19.42,50.15,12.16
8169,Mono ,93546,-118.9835861,37.6379125,47.02,0.24,6.14,39.28,10.74,52.69,27.02,55.24
2049,Los Angeles,91741,-117.8642543,34.1611414,93.85,71.33,3.4,11.76,2.7,41.0,61.08,14.79
4156,Yolo ,95618,-121.7025621,38.5403403,37.57,27.44,74.57,75.52,56.45,20.69,31.84,22.71
4178,Los Angeles,91403,-118.461044,34.138911,75.3,62.66,36.74,14.28,94.33,7.53,16.94,9.46
5068,San Diego,91977,-116.9898629,32.7116102,42.56,52.26,11.43,0.0,40.86,70.5,48.63,70.53
6817,Santa Clara,95136,-121.8655675,37.2700359,24.88,19.05,67.11,0.0,78.69,42.86,43.96,9.27
5125,Santa Clara,94040,-122.0718932,37.370027,16.78,14.34,81.47,0.0,83.9,2.95,11.23,19.38
3937,Sonoma ,95404,-122.7128443,38.4570299,10.57,9.86,36.55,0.0,39.7,48.08,52.78,67.45
4304,San Bernardino,92399,-117.0304418,34.0150028,100.0,45.49,4.72,23.52,5.96,39.33,73.62,44.07
2125,San Bernardino,92305,-116.8684367,34.1433712,98.72,4.43,1.14,4.55,3.04,26.63,44.64,55.87
3282,San Diego,92118,-117.1561371,32.6572021,26.7,51.64,49.57,0.0,57.83,1.67,1.23,33.54
10191,San Diego,92027,-117.05572,33.1878229,58.34,10.08,13.53,63.0,46.38,20.73,36.0,21.27
3176,Shasta ,96001,-122.369751,40.5222011,39.99,24.09,12.15,0.0,21.54,66.56,65.32,33.77
4846,Riverside ,92584,-117.1883088,33.6777927,88.7,48.2,56.2,22.72,51.48,33.16,57.69,12.84
5623,Ventura ,93012,-118.9908667,34.2200185,42.56,43.14,24.08,97.17,77.28,11.35,33.92,33.2
5980,Napa ,94503,-122.2397673,38.1612495,16.78,35.08,16.84,0.0,73.15,79.09,53.14,38.57
3290,Sacramento ,95628,-121.2821976,38.6582631,64.73,22.59,58.08,0.0,52.53,42.35,33.08,42.41
4785,Alameda ,94539,-121.9322534,37.5218333,20.85,22.15,77.93,0.0,68.86,12.59,37.99,1.88
25348,San Diego,92127,-117.1226724,33.031018,48.7,16.35,22.74,60.34,57.76,6.66,14.68,12.45
2302,Santa Barbara,93436,-120.4486596,34.6348033,3.12,9.25,74.47,20.28,14.13,56.12,71.05,59.82
4771,Yolo ,95620,-121.6408756,38.4299171,35.27,18.76,9.7,82.97,26.31,29.11,46.59,28.17
4391,Santa Barbara,93105,-119.7222979,34.4309086,22.19,14.1,59.35,0.0,62.06,16.76,3.3,54.55
4568,Santa Clara,95130,-121.9823777,37.2928225,20.85,15.98,27.67,0.0,45.2,7.94,2.54,22.01
4624,Los Angeles,90045,-118.4248557,33.9571656,35.16,70.83,70.39,0.0,56.9,7.08,12.99,22.71
3532,Riverside ,92583,-116.928542,33.7748145,93.63,23.56,20.62,0.0,15.96,71.49,90.47,82.36
4359,San Francisco,94133,-122.4156811,37.8016201,3.12,30.38,99.54,0.0,25.05,24.81,6.02,24.72
5401,Sonoma ,94952,-122.6647282,38.2087678,7.52,10.01,2.89,44.28,6.21,49.09,63.51,22.47
5006,Contra Costa,94547,-122.2874536,38.0174202,10.57,33.89,76.08,0.0,35.54,55.23,38.73,8.24
3468,San Diego,91910,-117.021233,32.6400015,32.15,53.37,9.99,0.0,48.54,67.63,48.22,21.27
3059,Sacramento ,95610,-121.2790825,38.6948104,65.36,18.93,39.65,0.0,55.69,68.63,68.89,43.53
6037,San Diego,92116,-117.1317978,32.7580745,35.16,47.98,92.3,0.0,65.73,30.71,4.32,56.22
4029,San Diego,92026,-117.0971848,33.1596959,53.73,16.3,48.1,22.03,37.78,27.19,57.96,33.0
5065,Placer ,95678,-121.305388,38.7653645,65.36,18.46,32.87,0.0,70.29,31.97,66.77,47.11
6226,Sacramento ,95662,-121.2146576,38.6722963,69.32,14.77,78.22,42.17,47.0,54.94,59.31,31.26
5202,Orange ,92614,-117.7987172,33.6693462,60.66,55.74,65.74,0.0,90.18,3.56,3.64,26.67
3832,Riverside ,92264,-116.4861035,33.7942098,88.7,6.53,57.37,10.07,45.15,16.58,35.56,65.08
5799,San Diego,91941,-116.9758103,32.7537922,50.99,49.02,16.02,0.0,9.75,42.66,19.35,45.06
2634,San Diego,92037,-117.2341464,32.8680044,39.99,45.29,96.8,0.0,72.11,0.12,0.19,65.93
8008,San Diego,91942,-117.0421575,32.7618944,42.56,48.95,35.53,0.0,38.81,37.66,21.87,51.09
3833,San Mateo,94404,-122.2583149,37.5669749,6.38,25.75,61.99,0.0,80.04,8.13,24.44,10.14
7095,Fresno ,93720,-119.7387266,36.8739461,88.7,94.97,12.87,0.0,13.64,36.58,9.92,20.38
4651,San Mateo,94010,-122.3620094,37.5820548,10.57,23.71,69.0,0.0,43.04,12.36,12.06,21.72
2788,Los Angeles,91307,-118.6261323,34.1903616,78.01,54.65,35.42,23.31,38.08,38.65,55.72,20.95
5262,Santa Clara,95117,-121.9703514,37.3123141,20.85,18.59,78.82,0.0,89.43,16.85,10.98,29.74
4570,Fresno ,93711,-119.8536493,36.829804,79.99,95.1,19.95,0.0,35.61,58.04,21.73,27.35
4458,Sonoma ,95403,-122.759351,38.4702328,10.57,8.55,44.65,52.21,35.79,65.72,61.81,41.24
6218,Contra Costa,94531,-121.7753475,37.978244,35.16,32.33,29.06,0.0,70.23,94.14,77.68,17.71
4488,San Diego,91910,-117.0210214,32.6453703,32.15,52.73,11.39,0.0,52.83,44.98,22.92,39.62
2873,Alameda ,94619,-122.1847835,37.7884276,3.83,36.66,78.23,0.0,81.46,87.43,38.66,19.12
6657,San Bernardino,92308,-117.1945742,34.4570452,91.05,9.89,6.02,0.0,19.21,82.39,96.83,68.27
3237,Santa Barbara,93117,-119.8231719,34.4459283,22.19,16.27,52.01,35.21,46.46,19.65,18.46,9.64
2647,Alameda ,94602,-122.2131962,37.8055076,3.12,40.12,57.32,0.0,6.31,81.03,20.86,37.89
4852,Los Angeles,90277,-118.3878823,33.8113912,26.7,71.13,51.61,0.0,45.76,6.97,15.93,19.6
3726,San Diego,92109,-117.2344938,32.7981576,35.16,47.82,74.36,0.0,39.89,6.42,12.99,57.63
5574,Ventura ,93063,-118.6825555,34.3349364,77.03,40.93,2.51,0.0,6.44,54.52,61.58,20.6
7605,San Bernardino,92371,-117.5382961,34.4739103,93.85,36.74,4.63,0.0,8.3,54.61,64.78,84.7
7481,Alameda ,94536,-121.9732494,37.5647659,17.65,20.83,89.35,0.0,57.68,36.5,36.28,3.33
3702,Ventura ,93012,-119.0440952,34.1672985,32.15,38.26,23.83,92.55,7.3,11.35,33.92,6.92
4840,Los Angeles,90631,-117.945019,33.9575548,64.73,71.64,8.69,0.0,53.9,52.59,66.33,16.56
4943,Monterey ,95076,-121.6841172,36.8477738,14.92,1.66,6.73,95.38,47.16,22.23,5.75,59.37
5576,Santa Clara,94086,-122.0021282,37.3613051,16.78,16.09,45.43,0.0,87.11,1.32,0.79,11.67
2859,El Dorado,96150,-119.9875001,38.9351151,60.66,0.62,55.2,0.0,28.69,30.2,3.25,72.84
4562,El Dorado,95726,-120.5987224,38.7682537,72.83,5.61,6.12,49.55,14.58,55.1,23.82,72.63
3528,San Diego,92037,-117.252727,32.9053825,42.56,45.3,43.53,0.0,63.88,1.21,0.14,19.38
4722,Los Angeles,93510,-118.2228031,34.4705275,93.85,47.54,11.92,0.0,85.99,36.65,33.5,33.0
2565,San Diego,92027,-117.0530788,33.1461143,56.96,17.97,29.71,0.0,13.11,37.9,53.5,44.22
6971,Orange ,92627,-117.8936526,33.6580897,53.73,56.65,43.78,0.0,84.91,30.72,9.0,26.38
2407,Riverside ,92203,-116.2433518,33.7486002,91.05,8.13,3.15,77.45,54.65,22.63,44.64,36.8
5763,Riverside ,92591,-117.1314932,33.5116005,72.55,34.93,18.23,0.0,49.66,37.9,94.27,60.28
6528,Alameda ,94704,-122.2592723,37.8631882,3.12,40.47,92.86,0.0,5.65,5.35,26.15,95.41
3170,Ventura ,93065,-118.7806622,34.2611513,66.81,42.76,11.24,0.0,32.69,46.49,60.06,27.05
7543,Alameda ,94536,-121.9915834,37.5591933,16.78,21.99,85.8,0.0,54.61,40.85,42.05,25.25
4953,Orange ,92845,-118.0222289,33.7774482,32.15,63.7,64.98,0.0,89.93,12.84,21.04,2.12
4658,San Francisco,94102,-122.4295509,37.7760456,3.12,25.26,89.52,0.0,41.5,54.22,6.75,19.6
4449,Santa Clara,95127,-121.801472,37.3487217,24.88,21.84,17.7,49.59,8.88,37.48,27.94,43.89
8936,Sacramento ,95843,-121.3727251,38.7214772,63.29,26.06,13.5,0.0,40.0,71.61,95.7,39.4
3563,Santa Clara,94043,-122.0922777,37.4060297,13.62,18.57,87.72,0.0,52.49,9.04,19.2,34.92
3354,Siskiyou ,96097,-122.6399825,41.7431803,35.16,0.71,17.98,0.0,3.41,76.38,70.15,68.63
3369,San Diego,92069,-117.1650168,33.2134255,42.76,14.05,20.49,71.48,66.44,23.09,33.67,26.38
3754,Nevada ,95728,-120.601709,39.4097111,69.61,4.6,3.06,8.17,10.14,30.89,23.94,62.84
2420,Sacramento ,95610,-121.2885102,38.6709519,64.73,22.96,47.6,0.0,62.04,49.33,46.24,52.71
1642,Riverside ,92264,-116.4919557,33.7045459,88.7,3.73,2.5,2.41,55.78,14.19,33.6,61.65
3797,Los Angeles,91107,-118.0900164,34.15374,79.99,61.54,63.06,69.48,79.09,20.84,22.82,11.95
4054,Riverside ,92584,-117.1494297,33.6962146,88.7,48.29,13.45,0.0,16.56,44.27,75.07,23.66
5664,Alameda ,94568,-121.8911928,37.7208265,26.7,21.05,41.95,0.0,53.14,28.83,22.23,8.07
7092,Riverside ,92882,-117.5826965,33.8372032,76.94,83.27,31.91,0.0,10.36,24.02,66.77,17.49
4400,Alameda ,94709,-122.2603183,37.8773131,3.12,39.55,41.69,0.0,8.99,5.63,4.22,76.43
3535,Santa Clara,95125,-121.9070616,37.3010965,20.85,23.31,16.55,0.0,38.2,38.88,33.92,13.52
3409,San Luis Obispo,93401,-120.6420907,35.2838276,14.92,9.68,28.85,0.0,64.86,37.33,14.36,71.71
1974,Los Angeles,91384,-118.6355485,34.4635721,82.48,33.7,7.12,0.0,,24.29,35.18,15.03
6532,Orange ,92604,-117.7984075,33.684115,60.66,59.4,26.93,0.0,51.34,18.87,25.07,14.27
10263,Sonoma ,95492,-122.8390298,38.5354711,11.56,4.73,19.23,78.38,29.23,34.7,40.64,27.85
5042,Ventura ,93065,-118.7532358,34.2967394,69.32,41.84,36.63,0.0,87.83,35.63,43.41,13.52
5126,San Francisco,94112,-122.4287994,37.7196247,6.38,27.52,88.11,0.0,19.4,55.23,26.15,14.79
2384,San Mateo,94066,-122.4282283,37.620041,10.57,21.98,55.59,0.0,80.5,70.26,52.73,20.1
8810,Santa Clara,95127,-121.8355147,37.3842879,20.85,20.32,16.8,0.0,20.38,56.48,54.09,36.98
6212,Los Angeles,90402,-118.5076229,34.0293136,56.96,61.88,39.93,0.0,38.51,1.68,5.21,18.18
10800,Riverside ,92203,-116.2164629,33.7444899,88.7,8.79,41.13,43.28,53.83,22.63,44.64,41.48
2968,Alameda ,94610,-122.2586656,37.8112134,3.12,46.57,73.75,0.0,41.09,47.53,9.53,42.11
6326,Sacramento ,95628,-121.3008459,38.6709692,63.29,27.02,37.14,0.0,70.5,49.29,51.46,49.31
1650,Modoc ,96056,-121.2561842,41.5000454,45.04,0.44,6.56,73.72,0.35,12.85,22.48,85.44
4314,Orange ,92862,-117.6955373,33.8098494,64.92,64.8,18.38,0.0,95.2,7.91,22.59,12.45
4034,Orange ,92646,-117.9840914,33.664929,37.57,57.67,66.53,0.0,38.48,22.23,29.65,14.66
2679,Orange ,90740,-118.0942214,33.7535479,24.88,60.52,40.52,36.14,53.36,8.7,22.73,0.83
5722,Yolo ,95937,-122.1271651,38.8344702,37.59,6.11,3.09,78.1,2.26,41.08,13.16,69.96
4007,Placer ,95661,-121.2750016,38.7246552,65.36,18.49,58.59,0.0,69.59,47.93,61.08,20.1
3202,Riverside ,92860,-117.6015989,33.9103842,76.94,91.77,7.98,0.0,34.41,13.86,62.26,26.67
4121,San Bernardino,92352,-117.2161238,34.261789,100.0,43.96,11.05,0.0,2.06,49.71,63.72,59.52
2557,Orange ,92648,-117.9924346,33.6509015,35.16,56.3,76.1,0.0,51.33,28.93,39.46,31.26
4104,Orange ,92691,-117.6666498,33.5912214,67.9,44.12,79.48,0.0,95.1,10.92,37.0,20.1
5255,San Francisco,94112,-122.4307918,37.7116589,6.38,27.39,90.24,0.0,22.71,39.01,9.0,34.7
4008,Santa Barbara,93455,-120.4277159,34.8722878,13.62,10.69,18.48,63.24,24.36,43.34,32.42,35.15
8558,Contra Costa,94553,-122.1215423,38.0042221,13.62,32.43,65.9,0.0,9.63,67.32,48.92,15.33
6463,Ventura ,91361,-118.8610975,34.1532016,58.23,40.98,41.12,0.0,87.7,5.32,23.13,12.69
4186,Butte ,95973,-121.894685,39.7660786,46.99,22.44,58.92,98.9,11.89,47.43,44.25,48.44
4129,Fresno ,93711,-119.8416197,36.8461939,82.48,94.65,19.6,75.31,53.34,55.94,23.13,6.08
6035,Los Angeles,91384,-118.6225617,34.4592531,84.58,40.0,70.37,56.21,91.26,20.06,27.63,6.92
3743,Los Angeles,90066,-118.4473996,34.0100779,46.99,65.86,43.06,0.0,47.08,28.24,37.99,12.45
4658,Orange ,92646,-117.9480646,33.6815196,44.98,62.73,57.29,35.62,58.24,19.58,25.21,33.77
6779,El Dorado,95682,-120.937104,38.6377284,76.94,14.28,7.14,19.76,64.2,34.9,29.45,39.21
2825,Orange ,92807,-117.7696789,33.8488293,56.96,80.55,20.16,0.0,39.11,10.06,17.92,29.21
1685,San Bernardino,92314,-116.8619415,34.2352744,98.67,2.8,4.53,0.0,18.13,83.69,99.41,39.97
6726,Santa Clara,95117,-121.9716416,37.3045269,20.85,17.55,41.43,0.0,59.98,21.95,14.89,53.87
3534,Sonoma ,95492,-122.8126591,38.5565372,13.62,5.1,66.78,49.34,69.33,43.15,54.96,3.73
5123,Orange ,92646,-117.9845181,33.6939742,37.57,57.61,56.9,52.17,65.55,10.23,9.83,38.91
6718,Orange ,92660,-117.8827408,33.633742,53.73,54.76,16.95,69.31,77.85,9.4,13.82,28.42
4793,Butte ,95973,-121.8867963,39.7376442,46.99,29.04,45.2,85.79,30.99,46.59,19.95,66.11
6842,Alameda ,94552,-122.0152514,37.7272587,15.05,22.3,19.5,13.72,99.63,13.11,25.07,3.54
2631,Mariposa ,95338,-119.7878947,37.5805409,75.12,7.98,0.3,10.28,0.45,70.51,99.43,57.63
6909,Placer ,95648,-121.303039,38.8903019,66.81,12.42,56.09,0.0,16.33,28.2,63.31,64.72
2720,San Diego,92065,-116.8231087,33.072914,70.58,5.45,2.66,17.1,6.93,16.94,47.52,39.4
4735,San Joaquin,95242,-121.2973297,38.1227092,46.99,51.46,59.42,49.38,25.43,36.38,67.57,22.71
5637,Los Angeles,91750,-117.7540975,34.1305665,91.05,91.09,41.22,6.83,70.78,41.36,58.39,2.47
5460,Los Angeles,91326,-118.564234,34.2868634,93.63,53.84,25.96,0.0,86.08,20.05,63.6,1.98
6104,Santa Clara,95124,-121.9270197,37.2713891,22.19,17.8,26.19,0.0,38.43,18.62,13.91,12.84
4416,Orange ,92627,-117.9411674,33.6642944,46.99,54.98,29.17,55.9,54.63,32.94,13.77,22.47
4832,San Francisco,94115,-122.4293428,37.78334,3.12,27.69,97.36,0.0,70.53,30.65,0.69,50.01
3381,Los Angeles,90403,-118.4898132,34.0339243,55.38,67.44,36.12,0.0,12.99,15.32,57.49,6.48
5033,Sonoma ,94954,-122.6438313,38.2600055,10.57,14.23,82.85,0.0,78.46,38.4,51.61,33.37
5447,Orange ,92620,-117.7543564,33.7169413,62.53,60.2,38.76,82.28,32.55,9.52,40.91,11.03
3911,San Diego,92028,-117.2348433,33.3418007,55.38,21.11,17.31,77.48,16.68,15.84,44.85,29.46
11624,Riverside ,92508,-117.3226083,33.8910477,97.0,76.79,8.29,44.52,35.95,19.73,59.63,19.6
7152,Los Angeles,91355,-118.5503607,34.4105552,93.63,48.85,45.65,15.83,75.84,18.88,28.83,23.3
6262,San Bernardino,91701,-117.5519587,34.1290095,97.0,93.58,67.18,0.0,76.65,14.24,37.44,2.68
6202,Sacramento ,95624,-121.3819931,38.4166717,42.56,30.52,66.88,0.0,83.51,45.78,79.3,42.41
7448,Monterey ,93906,-121.6133637,36.706281,11.56,1.79,32.59,97.62,20.41,59.32,30.53,25.72
6052,Los Angeles,90815,-118.118082,33.7994363,24.88,63.37,68.35,0.0,82.03,14.47,51.61,6.48
3793,Contra Costa,94505,-121.577453,37.9016812,44.98,34.67,11.34,80.9,13.39,31.24,51.32,17.49
5575,San Diego,92129,-117.1190243,32.9493661,50.54,43.5,55.33,0.0,83.78,10.79,18.98,23.17
8953,San Diego,92057,-117.2924241,33.2318552,37.57,37.75,39.61,75.66,57.33,7.64,10.9,22.47
5377,Riverside ,92506,-117.3222402,33.9278407,97.6,68.06,8.01,0.0,53.5,43.53,43.16,10.14
8602,Kern ,93314,-119.1994667,35.4121942,84.58,98.44,34.77,95.93,5.58,9.43,43.16,5.35
7010,Sacramento ,95758,-121.4320545,38.4372393,39.99,29.84,16.1,0.0,35.75,57.96,64.49,28.86
3812,Orange ,92612,-117.8126304,33.6518934,59.69,54.59,24.01,33.86,64.76,2.01,1.03,45.53
7056,Los Angeles,91604,-118.4110998,34.1538507,76.94,62.24,88.6,0.0,97.78,15.37,43.96,24.17
4365,Los Angeles,91007,-118.0586171,34.1300364,79.99,70.24,21.31,0.0,57.99,7.61,11.84,41.03
3505,San Diego,92129,-117.0988796,32.9749586,53.73,42.56,46.78,0.0,56.28,15.75,30.45,55.24
4216,San Bernardino,92307,-117.2606458,34.5196207,84.58,9.14,22.33,0.0,54.1,88.83,91.86,55.11
7692,Tehama ,96022,-122.3353367,40.3210457,58.34,20.05,5.3,80.52,17.7,36.63,65.39,69.35
2948,Orange ,92646,-117.9842913,33.6794349,37.57,57.97,83.63,0.0,52.94,20.2,25.95,14.05
4129,Ventura ,91360,-118.876471,34.2106411,53.73,40.3,21.84,0.0,35.05,17.58,54.71,37.64
3908,San Luis Obispo,93405,-120.7501133,35.2163137,11.69,9.12,4.13,72.38,76.88,23.95,9.23,11.67
5953,El Dorado,95667,-120.8221616,38.6943173,76.94,12.38,10.79,15.66,43.03,49.6,25.6,40.34
5674,Placer ,95648,-121.3490202,38.910134,66.81,11.8,24.9,77.76,3.25,28.2,63.31,30.04
5339,Riverside ,92201,-116.231707,33.6927812,88.7,9.79,46.21,47.31,13.96,64.93,72.41,64.17
4307,Santa Cruz,95060,-122.0633466,37.0197696,14.92,3.16,13.79,15.69,21.23,5.77,9.73,31.26
3213,San Francisco,94107,-122.3835595,37.762479,3.12,22.81,89.84,14.14,68.6,30.43,7.02,3.18
4902,San Mateo,94044,-122.4838992,37.6594652,10.57,22.27,62.7,0.0,42.44,44.93,15.78,15.03
5894,Marin ,94949,-122.5687933,38.0608968,10.57,16.04,17.59,74.31,99.09,27.72,10.58,25.43
5326,Solano ,95687,-121.9245995,38.3191193,32.15,13.07,23.22,74.76,13.93,83.44,68.1,14.48
4274,Los Angeles,90035,-118.3948253,34.0530704,53.73,65.61,30.08,0.0,24.94,17.17,20.78,15.03
2461,Orange ,92692,-117.6404935,33.6324425,67.9,41.99,22.84,0.0,50.23,10.51,45.87,5.35
4461,Sacramento ,95608,-121.3357344,38.6032613,57.77,42.04,9.66,11.14,20.73,86.84,59.25,31.55
7213,San Diego,92021,-116.8418297,32.8701471,75.3,27.57,11.86,32.21,21.73,30.92,20.54,43.14
6250,Contra Costa,94523,-122.0766292,37.9619967,14.92,33.13,18.84,17.62,32.94,31.66,44.77,11.95
5716,Sonoma ,94928,-122.6825544,38.3392841,7.52,10.79,35.4,58.03,17.26,30.55,29.5,60.21
3786,Ventura ,93063,-118.660056,34.2944257,78.22,44.58,17.97,0.0,95.75,54.52,61.58,0.45
6445,Santa Barbara,93463,-120.1378745,34.6243989,15.05,5.59,9.18,62.55,10.45,36.9,30.17,41.66
5619,Sonoma ,94952,-122.752421,38.2711754,7.52,7.57,2.14,47.24,16.94,47.01,59.88,28.86
5112,Riverside ,92203,-116.2852631,33.7366154,93.63,7.92,60.45,74.34,39.68,8.64,9.53,32.49
2391,Los Angeles,90046,-118.3642238,34.0843098,59.69,67.23,55.02,0.0,72.19,5.31,13.91,31.55
6486,Alameda ,94546,-122.0969654,37.7041735,11.56,29.76,60.07,0.0,34.59,51.12,20.54,29.21
10247,San Diego,92129,-117.1186741,32.9332185,50.54,42.58,51.99,0.0,88.95,12.14,8.76,32.79
2755,Santa Cruz,95062,-121.9871043,36.9820909,13.62,2.91,78.95,0.0,72.45,21.25,18.83,46.82
3878,Kern ,93561,-118.5218332,35.1611067,91.05,11.09,19.38,0.0,8.53,71.51,86.76,22.71
4841,Orange ,92808,-117.7497908,33.8639175,59.69,86.93,40.39,0.0,85.95,7.98,22.73,10.72
5072,Orange ,92648,-118.0028204,33.6760101,32.15,58.08,39.3,52.14,23.23,29.06,39.62,15.59
6884,Santa Clara,95037,-121.6367198,37.0997275,35.16,6.36,28.18,54.59,50.56,35.34,55.26,16.04
2289,San Francisco,94115,-122.4393346,37.7867618,3.12,26.25,73.25,0.0,76.39,62.67,12.38,6.48
3367,San Francisco,94107,-122.4019893,37.7609519,3.12,21.73,96.98,18.03,96.11,44.83,10.98,16.82
5051,Santa Clara,94085,-122.0384997,37.3914583,16.78,15.99,85.58,0.0,86.99,2.11,1.58,9.64
5287,Riverside ,92592,-117.1054441,33.5081043,74.1,29.05,46.88,62.72,18.29,15.22,63.51,32.27
4542,San Diego,92103,-117.1751643,32.7453846,29.89,50.42,70.9,0.0,39.49,45.51,25.55,16.32
5489,Los Angeles,90293,-118.4365003,33.9558339,35.16,68.56,57.45,0.0,49.58,11.13,11.02,32.49
4957,Ventura ,93022,-119.3015463,34.4047671,47.14,32.13,17.27,31.1,23.09,43.05,14.38,24.42
4428,Santa Clara,94043,-122.0570303,37.4004244,14.92,16.85,81.22,0.0,89.16,9.04,19.2,16.82
3309,Humboldt ,95536,-124.1962922,40.3610323,7.52,1.22,1.22,15.31,0.11,28.91,86.07,62.47
2700,Monterey ,93901,-121.6776094,36.6701186,10.57,2.29,28.87,98.66,45.08,85.68,37.41,31.26
4536,San Francisco,94133,-122.4075581,37.8022725,3.12,30.88,99.91,0.0,23.48,27.59,6.67,17.71
5143,San Mateo,94080,-122.4504711,37.6398016,10.57,24.78,48.14,0.0,85.44,55.61,30.58,12.16
1039,Alpine ,96120,-119.7989986,38.6176096,62.53,0.07,1.02,0.0,0.55,10.62,13.66,67.45
6320,Alameda ,94619,-122.1574761,37.785376,3.83,28.4,48.89,28.69,71.21,88.21,22.23,15.03
4841,San Diego,92003,-117.1904461,33.2857623,51.99,18.16,35.18,82.72,57.24,9.75,15.93,41.03
2298,San Francisco,94107,-122.3956056,37.7625436,3.12,21.53,93.64,17.93,74.7,48.67,17.8,4.72
2072,Riverside ,92234,-116.4701978,33.7959943,88.7,6.6,33.06,8.62,38.63,37.39,55.72,54.38
2223,San Diego,92036,-116.6289159,33.0526793,78.22,2.96,2.68,18.72,1.86,16.35,48.22,45.2
3665,Orange ,92614,-117.8081717,33.6742426,60.66,57.69,39.81,36.21,22.89,8.62,15.2,34.48
4894,Ventura ,93021,-118.8452329,34.2728016,59.85,39.53,31.06,84.31,67.74,19.57,45.87,7.83
3648,Orange ,92835,-117.9383193,33.8932937,53.73,77.24,20.26,0.0,35.53,31.83,25.55,22.47
5657,Los Angeles,90045,-118.3890198,33.9691783,35.16,72.64,91.2,0.0,94.64,18.84,44.13,3.07
3062,San Bernardino,91709,-117.7223102,33.9861214,70.28,91.81,59.74,0.0,66.53,13.67,32.12,12.84
4863,Santa Clara,95136,-121.8458034,37.2707459,24.88,18.27,43.0,35.1,57.7,46.0,49.0,36.98
3973,Alameda ,94560,-122.0571016,37.536519,13.62,23.47,18.41,0.0,9.86,66.91,55.98,22.71
3461,San Diego,92126,-117.1266054,32.9217552,48.45,44.39,31.77,0.0,49.2,33.57,31.24,18.44
2872,Los Angeles,90291,-118.4512626,33.9927102,44.98,65.31,64.51,0.0,60.24,28.02,21.73,16.56
6128,San Bernardino,92371,-117.4555858,34.4239769,93.85,45.46,3.36,0.0,27.56,58.11,84.32,36.11
3467,San Bernardino,92373,-117.1899517,34.0296989,100.0,56.91,32.35,31.07,4.5,43.66,62.84,10.14
5536,Orange ,92649,-118.0458577,33.7188921,29.89,58.94,29.07,0.0,47.54,20.33,43.02,41.66
5233,Alameda ,94555,-122.0572528,37.5845579,13.62,28.56,93.52,0.0,95.88,24.39,23.28,22.93
4998,Humboldt ,95501,-124.1501286,40.7886073,0.19,5.34,20.72,0.0,11.56,91.14,88.76,51.95
2895,Yolo ,95695,-121.7934889,38.659519,55.38,33.68,30.34,82.62,5.39,63.11,59.12,26.38
7342,San Francisco,94116,-122.5072276,37.7421024,7.52,27.78,50.98,0.0,47.83,24.14,18.73,22.01
6673,Los Angeles,91745,-117.9849873,33.9849218,66.81,74.46,7.02,0.0,27.49,42.35,39.46,14.05
3660,Ventura ,93022,-119.2816961,34.4174987,50.62,31.75,8.49,65.21,29.35,41.97,14.1,31.73
5634,Placer ,95677,-121.2189633,38.78155,67.9,13.59,47.89,0.0,82.19,45.05,58.35,31.26
5837,San Diego,92028,-117.3143417,33.4430775,61.03,16.44,10.24,58.79,73.95,16.08,44.68,31.73
10783,Los Angeles,93536,-118.2759944,34.6784036,88.7,5.68,4.75,0.0,3.16,66.53,58.29,48.44
5165,Los Angeles,90808,-118.1017387,33.8144739,29.89,63.06,15.57,0.0,34.94,11.86,24.89,5.55
1660,San Joaquin,95240,-121.287501,38.1480447,48.45,52.07,16.86,71.52,13.31,39.86,43.49,10.14
3888,Orange ,92661,-117.9129453,33.6045927,50.99,53.01,68.31,0.0,54.69,22.92,10.36,42.11
2503,Ventura ,93003,-119.2248513,34.2719368,29.89,35.86,41.53,38.93,78.78,42.25,20.5,42.41
5145,Orange ,92807,-117.7728166,33.8582082,58.23,84.14,71.05,0.0,95.54,14.67,29.69,10.72
3551,San Francisco,94115,-122.434135,37.7850923,3.12,26.94,93.37,0.0,77.43,37.66,2.42,41.48
5141,San Diego,92024,-117.3060959,33.0772389,29.89,44.85,76.19,44.48,68.81,5.62,20.18,48.44
2507,San Francisco,94121,-122.4885865,37.7880433,6.38,28.29,29.77,0.0,71.01,17.4,14.52,1.98
3423,Sonoma ,94952,-122.6532628,38.2443637,10.57,12.21,38.1,40.34,37.36,49.66,64.16,25.43
3472,Monterey ,93940,-121.8947338,36.6021019,13.62,2.92,26.38,0.0,27.05,35.85,13.1,26.67
1970,Los Angeles,91107,-118.102517,34.1392184,78.01,57.39,14.29,0.0,25.65,20.69,22.99,26.67
4763,Placer ,95602,-121.1106507,38.9522451,76.94,5.76,26.77,0.0,28.49,56.19,17.07,61.08
3583,Butte ,95965,-121.5013525,39.960108,68.18,4.92,0.77,0.0,8.43,54.19,87.31,82.21
1859,Ventura ,93021,-118.8985461,34.2970288,52.06,37.9,12.16,80.34,8.89,26.11,61.69,16.32
4857,San Diego,92064,-117.0283696,32.9677095,62.53,43.57,38.92,0.0,32.05,15.65,28.12,28.86
7432,San Diego,92071,-116.9613512,32.8524426,65.69,44.94,62.18,0.0,57.59,22.77,13.27,39.21
8221,Riverside ,92592,-117.0839947,33.4917233,72.55,20.15,61.51,45.79,20.01,30.35,86.63,12.45
3368,Alameda ,94539,-121.9242947,37.4902675,20.85,19.23,97.96,0.0,81.85,10.97,29.3,5.09
4915,Contra Costa,94547,-122.2654576,38.0000841,7.52,31.95,51.51,0.0,85.41,54.13,37.5,10.9
7034,San Diego,92123,-117.1428842,32.7860364,37.57,44.57,83.14,0.0,82.06,27.53,4.32,18.71
2598,San Mateo,94404,-122.2711802,37.5412238,6.38,24.88,45.84,0.0,48.08,8.13,24.44,4.02
3824,Orange ,92646,-117.9671282,33.6470177,42.56,55.32,33.14,0.0,29.39,28.61,40.19,17.19
4542,Sacramento ,95628,-121.208383,38.6479363,69.32,15.18,8.09,0.0,59.24,44.57,36.86,33.2
6813,San Diego,92026,-117.1308356,33.1749098,47.38,13.78,40.93,68.45,70.25,11.3,29.69,19.38
2959,Orange ,90740,-118.1043364,33.7444635,24.88,60.35,57.93,0.0,33.49,15.98,42.68,8.07
6241,Santa Clara,95008,-121.9547372,37.2856669,20.85,16.94,38.43,0.0,56.0,26.43,31.97,40.34
3069,Los Angeles,90049,-118.4815022,34.0545499,59.69,58.57,46.41,0.0,56.36,4.1,18.13,7.06
4800,Fresno ,93611,-119.6727835,36.8001728,88.7,95.72,40.02,4.93,19.95,45.23,28.49,15.59
4477,San Diego,92020,-116.9699985,32.7743373,58.23,47.6,48.55,0.0,73.3,29.57,16.33,43.33
3978,San Diego,92109,-117.2254607,32.7815696,32.15,49.31,68.54,0.0,76.38,6.28,12.74,48.03
5443,Santa Clara,95117,-121.9614732,37.3197153,20.85,19.79,84.49,0.0,91.54,16.65,10.73,24.72
4927,Santa Barbara,93105,-119.7377491,34.4348903,22.19,12.15,65.76,0.0,77.56,21.83,6.47,34.48
12302,San Joaquin,95377,-121.4447294,37.7096379,62.53,17.37,48.84,5.07,17.4,66.91,78.32,19.12
4982,Alameda ,94536,-122.0305372,37.5635007,14.92,27.07,76.4,0.0,95.39,36.62,35.76,8.68
3687,San Diego,92126,-117.1381437,32.9272107,48.45,44.54,34.51,0.0,9.89,31.56,28.45,45.97
7769,Santa Clara,95134,-121.9437133,37.4054144,16.78,19.86,75.03,0.0,60.03,12.91,37.87,9.27
7745,Yolo ,95618,-121.722018,38.5558571,39.99,32.03,59.3,24.21,32.26,11.94,16.16,61.76
6142,San Mateo,94010,-122.3446065,37.5870019,10.57,26.57,79.0,0.0,84.83,11.09,6.54,2.12
7110,Kern ,93311,-119.1012475,35.3307397,93.63,99.17,20.77,0.0,48.98,37.36,43.87,35.57
3221,Orange ,92869,-117.7811071,33.804727,56.96,67.34,11.04,41.07,42.08,29.91,41.61,6.48
5124,Orange ,92653,-117.6924249,33.5874584,67.9,44.77,29.3,0.0,55.18,22.36,36.6,33.98
4178,Sacramento ,95826,-121.3633877,38.56658,50.54,37.72,70.86,0.0,88.04,47.96,23.59,43.33
6903,Alameda ,94551,-121.8156491,37.6896396,32.15,18.67,74.13,60.48,81.54,24.45,34.96,20.38
6608,Santa Cruz,95062,-122.0156066,36.9739622,13.62,3.75,39.8,0.0,26.28,14.72,12.66,59.23
6608,Lake ,95451,-122.7459162,38.9589037,16.78,0.29,5.55,66.52,6.55,76.71,49.17,43.53
4071,Sonoma ,95446,-123.0092064,38.533659,11.56,2.31,1.78,57.79,8.51,68.69,44.18,55.39
5462,Alameda ,94539,-121.9498322,37.5483239,17.65,23.4,31.56,31.55,61.18,12.59,37.99,1.65
2735,Riverside ,92262,-116.5019562,33.8376004,88.7,4.98,45.25,0.0,45.45,58.31,59.2,36.11
5212,Alameda ,94568,-121.9177415,37.7106983,24.88,24.89,84.22,0.0,86.34,21.66,13.77,17.19
5018,Los Angeles,90505,-118.367527,33.8209956,24.88,70.63,32.88,0.0,44.71,17.82,34.62,2.34
8082,Alameda ,94555,-122.0376753,37.5735681,14.92,26.52,91.86,0.0,91.03,22.56,20.92,15.83
4970,Sonoma ,94928,-122.7001886,38.3342135,6.38,11.0,55.54,6.14,54.21,35.26,35.09,63.52
2599,Butte ,95966,-121.4581641,39.4867836,71.66,7.85,8.95,51.45,2.95,66.34,95.54,30.93
4056,Lassen ,96130,-120.6743,40.3618887,55.38,1.92,2.99,66.21,17.78,56.52,16.84,35.35
3022,San Diego,92040,-116.9106547,32.8479042,70.28,42.7,8.71,0.0,13.04,36.85,35.72,20.38
4142,Sacramento ,95610,-121.2812589,38.714169,65.36,18.9,41.67,0.0,41.88,67.72,67.93,45.53
11119,Alameda ,94588,-121.8430342,37.7163164,32.15,18.21,54.01,9.48,82.98,26.89,20.25,0.74
1891,San Diego,92103,-117.1733775,32.7540028,32.15,49.47,74.49,0.0,18.93,42.81,22.05,47.11
1307,Modoc ,96104,-120.0968999,41.5761782,55.38,0.42,0.02,41.86,0.14,45.05,25.55,79.66
3941,Santa Clara,95008,-121.9470351,37.2790204,22.19,17.46,75.13,0.0,76.06,26.23,31.84,23.66
3424,Sacramento ,95843,-121.3876534,38.7222559,62.53,25.48,12.35,0.0,25.59,64.97,92.1,46.39
3229,Los Angeles,90732,-118.3150067,33.7411716,16.78,63.5,36.2,0.0,33.81,12.19,7.25,18.44
2737,San Diego,92040,-116.9617915,32.8685871,66.81,42.15,28.0,0.0,10.56,21.12,11.17,28.86
5320,Los Angeles,91436,-118.4954117,34.157429,79.99,84.27,66.68,3.34,98.21,19.93,47.18,2.91
6300,Contra Costa,94523,-122.0743488,37.9354669,14.92,34.42,80.61,0.0,67.1,19.18,21.8,18.44
3405,Los Angeles,91042,-118.2901465,34.2677213,95.27,55.61,9.63,0.0,2.89,19.65,55.53,17.49
1767,Ventura ,93065,-118.7879936,34.2533642,65.36,42.22,6.63,0.0,33.13,46.49,60.06,4.57
4835,Sacramento ,95626,-121.4297644,38.7064577,60.66,23.12,4.84,15.55,3.01,51.67,60.17,64.37
6724,Los Angeles,90277,-118.3827737,33.8496251,26.7,73.01,55.78,0.0,34.66,5.11,9.0,9.85
3606,Sacramento ,95864,-121.3578694,38.5829045,55.38,40.66,44.0,0.0,19.54,47.87,28.61,4.57
7298,San Luis Obispo,93405,-120.697843,35.266974,13.62,10.91,13.13,68.34,78.89,6.01,3.12,52.26
3375,San Luis Obispo,93401,-120.620955,35.2430451,14.92,10.49,17.19,80.1,34.15,36.83,14.01,15.59
4038,Solano ,94534,-122.0561706,38.2753544,24.88,22.45,77.11,0.0,91.81,61.3,30.58,33.37
3793,Los Angeles,90703,-118.0774113,33.8520795,35.16,67.01,24.52,0.0,41.41,25.0,23.13,7.37
5316,San Bernardino,92277,-116.0890611,34.1516402,91.05,4.8,3.86,0.0,5.61,36.24,99.7,53.48
7334,Nevada ,95959,-120.875801,39.2304282,77.03,4.21,2.6,14.66,5.56,47.87,34.18,27.85
2119,San Diego,92054,-117.3896198,33.201527,29.89,49.84,72.11,0.0,,29.79,46.78,26.67
4032,Butte ,95926,-121.8235198,39.7578665,55.38,42.68,53.6,12.17,42.98,41.99,15.45,60.01
5860,Santa Clara,95008,-121.9625104,37.2742997,20.85,15.32,47.98,0.0,18.16,26.43,31.97,35.93
3539,Monterey ,95076,-121.6811023,36.8844138,17.65,1.83,9.93,98.59,5.38,24.76,18.26,2.73
3576,San Diego,92109,-117.2417581,32.7965191,35.16,47.82,56.61,0.0,55.84,6.42,12.99,56.38
3909,Alameda ,94538,-121.9678075,37.5424223,16.78,21.02,50.82,0.0,64.35,56.79,65.72,1.26
2648,Riverside ,92201,-116.2337821,33.67104,91.05,8.11,43.46,72.93,9.28,26.84,32.64,40.8
4871,Santa Clara,94086,-122.009868,37.3588302,16.78,16.15,58.05,0.0,74.56,2.98,4.32,13.52
8589,San Luis Obispo,93420,-120.6000992,35.1167592,16.78,19.44,44.04,91.86,45.75,42.29,11.34,40.11
3775,San Mateo,94044,-122.4918058,37.6532841,10.57,24.17,53.57,0.0,32.68,54.22,23.59,23.91
6273,Alameda ,94588,-121.8650777,37.6969336,29.89,22.08,59.28,0.0,90.29,37.04,58.39,4.91
7441,San Diego,92024,-117.2731463,33.0553213,32.15,39.78,54.97,75.69,61.43,6.94,25.5,42.61
5803,Riverside ,92592,-117.0704108,33.5134722,74.1,18.22,33.25,65.38,12.84,25.57,81.52,18.71
3611,Alameda ,94602,-122.1949575,37.7978944,3.12,37.36,69.61,0.0,42.51,69.62,11.84,26.21
5267,Los Angeles,90403,-118.4904213,34.0281567,53.73,66.97,60.35,0.0,36.28,13.61,21.87,30.29
5884,Santa Clara,95132,-121.864835,37.4161016,20.85,20.76,41.79,0.0,35.8,22.37,30.32,6.08
3104,San Diego,92128,-117.0776875,32.9618675,56.96,42.24,15.99,0.0,63.8,2.64,2.18,45.97
5586,San Mateo,94066,-122.417143,37.614031,10.57,22.83,45.77,0.0,76.96,53.03,31.03,13.52
2681,Shasta ,96003,-122.2860952,40.7399422,59.9,13.39,18.99,0.0,19.46,51.86,64.61,61.28
8763,Contra Costa,94519,-121.9977502,37.9817896,24.88,33.22,10.74,0.0,33.85,55.8,38.27,19.89
5865,Fresno ,93619,-119.628777,36.820846,88.7,94.08,32.97,65.03,3.83,17.86,18.62,6.92
3506,Sonoma ,95446,-123.0055208,38.4759155,11.56,2.59,2.18,55.17,5.25,26.5,15.67,57.79
6973,Los Angeles,90277,-118.3797513,33.8350669,26.7,71.29,55.44,0.0,46.74,9.55,23.13,11.95
3188,Orange ,92886,-117.8356725,33.895211,55.38,84.8,60.8,56.55,43.74,13.52,43.96,11.27
1041,Fresno ,93619,-119.6918625,36.8804748,88.7,94.1,12.72,63.34,6.48,20.84,25.5,5.35
2271,Los Angeles,91367,-118.6340417,34.176253,76.94,53.67,16.37,12.97,10.85,39.49,68.71,4.02
5517,Butte ,95973,-121.8375293,39.7670771,50.54,45.04,48.28,0.0,31.03,34.3,21.21,57.44
9421,Solano ,94534,-122.1666634,38.2544469,17.87,25.49,9.94,58.72,75.69,52.75,21.14,2.34
2653,Alameda ,94611,-122.2510667,37.8260219,3.12,45.19,51.1,0.0,26.88,36.74,22.67,48.44
3505,Alameda ,94587,-122.0858459,37.5819265,11.56,26.33,13.65,0.0,11.18,69.27,72.78,0.5
2455,Sonoma ,95421,-123.1933099,38.6435073,11.69,1.98,0.21,45.38,1.38,16.96,13.91,51.57
4160,Alameda ,94536,-121.9976615,37.544306,16.78,24.18,36.93,0.0,63.04,34.23,32.42,13.04
2712,San Francisco,94108,-122.4098067,37.7909959,3.12,28.53,96.93,0.0,29.91,15.69,0.34,29.46
4069,Los Angeles,91604,-118.4000483,34.1321322,71.76,59.78,22.64,0.0,63.76,13.21,38.32,11.95
3789,San Diego,91977,-116.9791564,32.7256572,47.38,50.33,14.67,0.0,21.79,61.24,37.59,28.42
2988,San Mateo,94404,-122.2864296,37.5615414,7.52,25.81,71.19,0.0,70.64,8.13,24.44,21.27
4915,Sonoma ,94952,-122.6258528,38.2010719,10.57,10.96,13.3,53.97,87.18,48.99,63.31,7.55
8070,Kern ,93312,-119.1422863,35.3608118,91.05,98.89,30.65,0.0,35.9,13.58,43.41,8.07
3366,Riverside ,92262,-116.5368326,33.8522106,91.05,3.21,28.31,0.0,23.31,68.03,61.25,52.88
6050,Sonoma ,95425,-123.1049627,38.7861401,16.78,3.05,2.34,50.45,3.91,32.14,41.85,33.77
3048,Alameda ,94536,-122.0081115,37.5371537,14.92,28.71,87.74,0.0,92.65,32.02,28.45,1.65
3308,Alameda ,94539,-121.9198352,37.482983,20.85,20.96,79.2,0.0,87.31,10.71,26.67,1.37
5134,Los Angeles,93551,-118.1984139,34.6069598,88.7,8.65,9.78,0.0,43.76,58.54,71.3,22.22
8199,Sonoma ,95401,-122.7584138,38.4432933,7.52,7.94,17.65,60.31,39.19,44.78,42.6,52.88
3745,Kern ,93312,-119.1188846,35.390736,91.05,99.12,38.23,0.0,29.29,25.57,59.82,39.4
5014,Los Angeles,90808,-118.122827,33.8138403,26.7,64.44,23.42,32.34,40.88,15.9,33.0,11.44
6199,Monterey ,93940,-121.8548464,36.5941325,11.56,2.74,69.57,0.0,70.75,32.7,9.73,59.23
1613,Sacramento ,95818,-121.4812453,38.5455452,39.99,37.19,84.75,0.0,12.68,66.99,36.0,4.91
10015,Sacramento ,95757,-121.4423204,38.3865578,42.56,32.35,29.99,24.66,18.98,50.27,63.4,20.38
3382,Santa Cruz,95062,-121.9911494,36.9745749,13.62,3.19,18.77,0.0,26.24,27.27,28.45,47.11
4916,San Diego,91942,-116.9947059,32.7881451,55.38,47.68,64.56,0.0,62.46,37.24,23.94,42.41
4848,Sonoma ,95405,-122.6913822,38.4427045,10.57,9.38,77.81,19.93,50.71,46.07,32.79,42.9
5029,Monterey ,93955,-121.8319794,36.6034308,10.57,2.78,14.71,0.0,11.06,72.48,47.18,59.52
3487,Tuolumne ,40,-119.6407227,37.9494993,75.12,2.3,0.39,3.76,2.16,23.83,73.65,52.26
4822,San Francisco,94112,-122.4434663,37.7096646,7.52,25.03,61.37,0.0,13.9,38.32,11.84,29.46
3913,Contra Costa,94530,-122.3121629,37.9340267,3.12,36.37,80.0,4.17,30.5,41.64,15.1,13.52
3285,Sacramento ,95843,-121.3948906,38.7139046,62.53,26.26,10.5,0.0,21.11,49.66,69.88,39.62
3869,Sacramento ,95835,-121.5189732,38.6614448,56.96,30.7,50.7,0.0,29.98,58.04,80.67,22.01
4294,Orange ,92672,-117.6066076,33.4308537,59.69,43.29,66.3,0.0,87.46,12.44,41.4,30.46
6491,Santa Clara,95136,-121.8239467,37.2635211,26.7,16.63,58.86,46.38,48.01,35.03,29.45,18.71
7267,Los Angeles,90631,-117.9753443,33.9569184,63.61,70.59,16.47,0.0,39.36,34.11,57.75,12.45
5982,Los Angeles,91106,-118.1269528,34.1384503,76.94,52.35,64.46,0.0,34.1,14.16,14.18,18.18
5524,Santa Clara,94043,-122.0743461,37.4012062,14.92,16.91,93.91,0.0,81.04,8.19,17.34,21.27
3189,Los Angeles,90046,-118.3650891,34.116659,66.96,62.13,21.12,0.0,59.56,9.28,27.33,35.57
3322,San Diego,92065,-116.8935971,33.0328545,70.52,8.4,14.15,0.0,23.26,17.31,48.48,28.17
4028,San Diego,92126,-117.1397621,32.9209153,48.45,44.54,47.21,0.0,19.35,33.57,31.24,45.2
10048,Riverside ,92592,-117.1043423,33.4732265,71.66,21.42,39.19,0.0,70.59,30.35,86.63,24.42
2779,Fresno ,93664,-119.0010211,37.2229999,44.99,1.31,0.6,14.93,0.41,34.72,19.78,22.93
3665,Santa Cruz,95060,-122.0412823,36.9697003,13.62,4.12,66.12,20.52,31.38,18.38,21.44,47.11
3207,San Diego,92103,-117.1518924,32.7529964,32.15,47.21,95.31,0.0,57.08,38.88,17.07,53.87
5517,Sacramento ,95823,-121.4333155,38.4459816,39.99,29.73,17.75,0.0,13.41,98.45,98.74,38.57
5517,Los Angeles,93551,-118.2221613,34.6227294,88.7,7.67,5.41,0.0,7.98,53.64,64.69,14.27
4195,Placer ,95678,-121.2990485,38.783729,65.36,18.31,55.35,0.0,59.2,46.25,83.64,3.33
2606,Sonoma ,95448,-122.9724857,38.6117558,11.69,2.54,4.29,70.03,17.06,24.96,13.27,31.55
3686,Santa Clara,94041,-122.0804482,37.3908176,14.92,15.56,85.12,0.0,71.48,7.74,12.56,38.57
3416,Santa Clara,95123,-121.8246272,37.2411193,29.89,15.33,48.81,0.0,75.33,58.86,43.58,10.14
2380,Orange ,92649,-118.0283992,33.7225855,29.89,58.98,25.28,0.0,36.24,13.86,23.59,37.4
9543,Orange ,92886,-117.7919997,33.9056824,59.85,80.01,48.57,0.0,18.04,9.36,31.09,6.28
8127,Santa Barbara,93101,-119.7302749,34.4120592,20.85,11.41,21.99,0.0,57.91,5.86,1.28,51.75
3182,Trinity ,96041,-123.2643313,40.535597,20.93,0.45,0.27,30.21,0.28,33.33,76.38,78.88
2026,Ventura ,93023,-119.1956252,34.4205324,55.38,29.74,6.07,57.55,11.53,29.74,11.84,38.13
7248,Santa Cruz,95003,-121.9249795,36.9870654,14.92,3.93,63.95,36.52,79.2,10.21,5.58,29.74
3874,Los Angeles,93536,-118.2230412,34.6382723,88.7,7.6,13.96,0.0,6.53,49.25,43.02,13.52
3204,Orange ,92651,-117.7535469,33.6016816,64.73,46.6,16.33,0.0,74.03,4.71,1.36,44.41
6342,Orange ,92630,-117.7046343,33.649152,66.81,47.55,44.85,99.07,51.39,13.47,40.25,10.44
4175,Shasta ,96088,-121.7413167,40.4793626,61.03,2.63,1.0,66.79,0.3,47.73,69.79,60.01
6043,Contra Costa,94564,-122.2510378,37.9837578,7.52,29.55,28.86,5.62,53.63,50.85,33.67,28.17
8108,Sacramento ,95758,-121.4340912,38.4284513,39.99,30.24,18.02,0.0,54.45,59.77,76.76,10.9
4110,Orange ,92630,-117.6944778,33.6397121,67.9,37.01,31.62,1.93,34.09,17.72,52.16,6.92
6437,San Diego,92057,-117.3150563,33.2501756,37.57,41.75,12.66,0.0,30.01,11.55,15.78,44.41
2233,Solano ,94591,-122.2081589,38.1138506,13.62,38.25,11.76,0.0,13.08,87.06,54.71,14.79
6018,Fresno ,93619,-119.6500718,36.7942655,88.7,95.07,83.29,53.17,6.68,16.43,4.62,15.59
6809,Alameda ,94550,-121.7756214,37.6712489,37.57,19.91,62.41,55.21,29.83,23.12,26.89,6.73
3028,Orange ,92651,-117.7847809,33.542518,62.53,46.37,25.53,0.0,64.08,19.52,12.23,22.93
3787,Los Angeles,91775,-118.1107586,34.1081475,74.1,59.0,22.48,0.0,12.03,5.25,9.57,21.51
5606,Nevada ,95946,-121.2138243,39.210354,77.03,6.94,5.64,53.03,6.99,22.48,19.35,59.08
3984,San Bernardino,92397,-117.6226567,34.3550726,98.67,49.57,2.23,0.0,1.63,33.89,68.27,46.39
4965,Placer ,95602,-121.0699172,38.9814721,76.94,6.12,7.53,31.9,31.93,67.37,29.45,28.17
6689,San Luis Obispo,93422,-120.6426906,35.4713741,26.7,4.49,26.25,59.17,60.73,39.72,16.48,54.65
3335,Ventura ,91320,-118.9022684,34.1808192,51.9,42.54,84.9,0.0,82.78,11.91,42.4,43.14
4194,Riverside ,92211,-116.314579,33.7315855,93.63,7.32,34.97,60.28,64.19,11.5,7.89,66.11
5986,Sacramento ,95831,-121.5503432,38.5037812,35.16,31.85,31.19,32.66,8.1,52.12,58.64,23.17
4440,Sonoma ,95436,-122.898855,38.468933,11.56,3.07,14.7,76.66,10.96,23.85,11.34,48.73
3619,Riverside ,92211,-116.3212439,33.7509498,93.63,7.29,27.57,59.86,43.86,17.5,14.74,39.4
3115,San Mateo,94014,-122.4443609,37.7054512,7.52,20.9,44.13,0.0,31.26,61.28,42.22,16.32
1413,Napa ,94515,-122.5282377,38.6339801,13.62,5.19,7.42,66.59,7.13,19.8,15.67,16.56
6182,Alameda ,94550,-121.7489971,37.6849518,39.99,21.43,66.71,0.0,31.09,22.96,26.48,27.35
5424,Santa Barbara,93110,-119.7525641,34.4464541,22.19,12.62,47.92,46.45,56.55,9.48,1.73,29.03
4100,San Mateo,94014,-122.4317733,37.7021372,7.52,22.18,21.18,0.0,17.53,35.17,10.48,13.73
3434,Orange ,92782,-117.7649096,33.7636962,59.69,63.63,15.58,0.0,52.89,11.63,8.19,12.45
8376,San Mateo,94010,-122.3898031,37.5815575,10.57,19.45,34.74,0.0,71.08,9.12,5.86,9.85
4670,Riverside ,92592,-117.0855219,33.4711629,71.66,15.23,41.94,0.0,,30.35,86.63,4.57
1445,Lassen ,96132,-120.5937208,40.8643392,55.38,0.46,0.91,60.38,0.2,49.79,32.32,59.08
4991,Sacramento ,95831,-121.5338651,38.4908393,35.16,29.72,25.86,0.0,13.48,52.12,58.64,35.93
6464,San Mateo,94044,-122.4753009,37.6486936,10.57,21.21,43.52,0.0,38.03,45.23,15.15,11.27
7091,Los Angeles,91351,-118.4870567,34.4394521,95.27,49.17,57.61,0.0,38.68,23.21,30.75,9.46
4946,Sacramento ,95610,-121.2669975,38.6894179,65.36,18.48,36.61,0.0,58.54,49.54,45.54,58.23
6712,San Luis Obispo,93446,-120.6715959,35.609769,42.56,6.86,20.97,16.93,20.33,50.47,23.47,47.32
5465,Santa Clara,94087,-122.0521886,37.333367,16.78,14.92,87.82,0.0,83.13,0.27,1.57,21.51
5480,Contra Costa,94597,-122.0560841,37.9387253,16.78,35.47,76.22,7.52,93.45,9.76,5.43,22.22
4694,Santa Clara,95035,-121.8680063,37.4597212,20.85,13.3,22.71,32.62,85.78,19.82,35.56,10.14
7883,San Diego,92069,-117.1744455,33.1663173,42.56,19.68,26.75,66.9,17.48,7.78,21.87,9.27
4193,Ventura ,93001,-119.2427572,34.2948152,35.27,24.04,39.17,0.0,23.29,37.19,14.61,52.11
9921,San Diego,92056,-117.3079977,33.2136656,35.16,38.01,50.62,46.79,49.34,9.45,14.21,24.17
4788,San Mateo,94025,-122.2036897,37.4321641,10.57,14.97,40.75,69.66,28.91,16.72,5.96,11.03
2625,Butte ,95969,-121.5758491,39.7841664,71.66,5.41,7.68,65.97,16.34,52.48,74.7,45.97
3247,Orange ,92691,-117.6770403,33.6244283,67.9,22.09,43.35,0.0,60.64,20.1,57.25,10.72
5204,Marin ,94901,-122.5368593,37.970285,7.52,20.35,51.86,0.0,45.81,17.49,18.17,28.86
7093,San Diego,92078,-117.2174731,33.1321296,37.57,23.51,39.34,56.66,59.03,4.52,17.58,52.11
6746,Santa Clara,95125,-121.89284,37.2931927,24.88,23.76,27.77,0.0,26.29,38.88,33.92,4.02
1339,Sacramento ,95624,-121.339287,38.4381518,46.99,22.07,25.85,39.97,17.35,26.0,47.76,33.2
6901,Marin ,94903,-122.5475788,37.9988992,10.57,21.94,34.15,9.9,59.01,17.37,23.73,50.01
4178,Sacramento ,95662,-121.2010755,38.6652033,69.32,14.11,8.16,0.0,50.13,44.27,44.64,23.17
7862,Riverside ,92592,-117.1030729,33.4952197,72.55,30.02,45.35,22.14,14.3,30.35,86.63,20.1
5229,Humboldt ,95503,-124.1072319,40.8053674,0.19,4.99,12.36,0.0,39.99,77.39,69.11,63.64
2432,San Diego,92019,-116.9069289,32.794632,68.09,44.82,45.59,0.0,11.86,29.55,32.71,27.85
2826,San Diego,92084,-117.2360535,33.237727,42.56,29.17,19.94,91.9,20.64,25.46,30.53,31.73
4007,Alameda ,94609,-122.2574628,37.8482107,3.12,42.81,79.1,0.0,38.0,55.98,14.28,36.42
4188,Mendocino ,95468,-123.5431611,38.8883615,14.92,2.86,0.95,32.79,1.05,11.1,54.4,52.53
3125,Santa Clara,95051,-121.9734997,37.3461125,17.65,18.29,75.11,0.0,70.26,19.29,28.83,12.16
3936,Nevada ,95945,-121.0072079,39.160347,78.22,4.58,5.95,26.45,5.06,62.64,35.18,45.36
4752,Santa Clara,95050,-121.9622644,37.3378469,20.85,20.47,44.59,0.0,51.11,24.64,41.3,25.25
4371,San Mateo,94044,-122.4859426,37.6364758,10.57,21.18,23.2,0.0,30.3,60.47,30.03,21.72
3774,San Mateo,94025,-122.20315,37.4227203,10.57,14.31,41.01,77.66,78.16,11.05,2.99,21.72
4807,San Diego,92118,-117.1785782,32.6973819,29.89,52.17,88.04,0.0,46.8,14.67,3.43,17.19
3840,Los Angeles,90064,-118.4122005,34.0444598,50.54,66.63,28.16,0.0,85.64,28.45,53.03,4.91
4157,San Diego,92110,-117.1956419,32.7878017,35.16,45.28,53.33,0.0,35.94,34.6,12.23,17.19
2635,Riverside ,92506,-117.3455477,33.9416673,97.0,77.05,11.56,0.0,83.68,50.01,47.32,5.09
6966,Los Angeles,91301,-118.7795834,34.1504051,64.73,45.15,58.53,15.28,87.79,6.99,36.49,8.98
4309,San Diego,92081,-117.2317331,33.1575866,37.57,28.77,26.72,28.21,41.34,22.79,27.82,29.21
4856,Solano ,95687,-121.9655186,38.3258768,32.15,12.73,32.84,0.0,39.8,83.44,68.1,17.71
2599,Los Angeles,91390,-118.3532786,34.4595477,97.0,49.1,12.31,0.0,86.29,33.69,32.49,4.57
4585,San Bernardino,92314,-116.7540769,34.2724679,97.6,1.68,4.41,11.0,1.35,63.56,92.92,67.01
7393,Santa Clara,95050,-121.9571425,37.330263,20.85,21.97,48.45,0.0,52.35,11.28,11.65,16.04
5418,Ventura ,93003,-119.1820881,34.254839,32.15,36.73,23.67,98.41,53.65,35.37,14.44,23.66
2885,Shasta ,96002,-122.3147793,40.5547633,44.98,34.1,16.96,61.0,15.84,79.47,85.98,27.35
5115,San Diego,92010,-117.3081967,33.175329,35.16,36.9,56.79,30.38,71.94,4.59,12.99,32.49
3403,Contra Costa,94518,-122.0148138,37.9572014,22.19,32.72,19.46,0.0,61.13,40.1,35.23,24.92
8999,San Mateo,94062,-122.3672183,37.4513441,7.52,12.51,6.27,81.0,55.85,32.78,5.96,24.72
4927,Shasta ,96003,-122.3138239,40.5793577,44.98,24.57,34.01,40.45,23.19,48.88,60.21,50.68
3960,San Diego,92057,-117.3272179,33.2187427,35.16,41.8,35.99,40.31,57.58,10.67,17.5,65.7
4530,San Diego,92123,-117.1278103,32.7912089,37.57,44.49,45.5,0.0,55.5,27.12,4.32,15.59
6540,Los Angeles,91206,-118.205989,34.1691011,75.3,58.2,14.9,0.0,40.16,12.16,22.59,3.33
4966,Sonoma ,95448,-122.8131351,38.6062691,14.92,3.65,13.32,72.1,48.94,27.72,16.33,12.16
2446,Riverside ,92879,-117.5246107,33.9024569,84.58,92.12,33.32,0.0,38.14,18.13,47.64,18.91
4722,Santa Clara,95148,-121.7889643,37.3206847,24.88,23.48,14.54,0.0,54.19,31.21,21.04,14.05
1479,Santa Cruz,95076,-121.6753872,36.9339389,17.87,2.68,20.25,98.28,11.15,43.58,22.4,33.2
5267,San Francisco,94117,-122.4477884,37.7741958,6.38,24.69,68.48,0.0,58.55,43.86,13.16,31.55
3781,Sacramento ,95742,-121.2333489,38.5533886,64.73,17.1,10.62,0.0,34.65,35.99,90.62,24.17
4864,Sacramento ,95864,-121.3743962,38.5863007,53.73,42.59,20.8,0.0,44.93,59.83,53.94,9.27
6916,San Diego,92081,-117.2369006,33.1719277,37.57,30.91,45.13,68.41,49.1,23.69,30.21,36.55
5885,Placer ,95603,-121.1180058,38.9192661,75.12,6.02,11.4,34.0,11.13,47.37,36.83,38.91
4780,Los Angeles,91364,-118.5910501,34.1488008,76.94,58.76,10.11,0.0,26.61,30.53,43.71,18.71
5090,Santa Clara,95051,-121.9858241,37.3268108,17.65,18.94,35.02,0.0,72.01,15.65,23.13,12.45
5535,Sacramento ,95628,-121.2391074,38.6490292,66.81,17.35,14.8,5.79,34.6,51.51,45.97,39.4
8067,Orange ,92672,-117.6052417,33.4071994,58.23,44.04,75.17,0.0,78.93,10.85,39.12,30.29
7389,Placer ,95747,-121.3225905,38.7573511,64.73,19.0,50.18,0.0,25.55,28.3,69.74,39.21
8493,Tuolumne ,95370,-120.2986345,38.0191545,75.12,12.36,5.25,0.0,11.23,75.55,72.62,32.49
6065,Los Angeles,91302,-118.6846964,34.115237,69.43,51.39,13.8,7.97,54.36,12.66,17.07,20.6
3874,Orange ,92647,-118.0199636,33.7372031,32.15,62.68,55.42,0.0,41.39,36.25,31.46,18.18
3623,Los Angeles,91775,-118.0861118,34.120367,76.94,62.53,18.46,0.0,31.8,8.24,25.87,19.89
3625,Santa Clara,95148,-121.7892724,37.3276397,24.88,21.38,15.89,0.0,29.1,44.37,37.87,23.17
3978,Riverside ,92234,-116.4711902,33.8269186,88.7,6.2,27.8,0.0,43.05,45.96,65.45,60.21
6272,Santa Barbara,93117,-119.8606431,34.4130776,20.85,12.35,58.39,0.0,21.44,9.35,19.52,99.92
6447,Los Angeles,91436,-118.509738,34.136387,76.94,67.94,9.73,28.83,34.8,6.01,7.34,9.46
2741,Contra Costa,94530,-122.3022455,37.9089588,3.12,36.98,75.48,0.0,17.89,41.97,19.48,35.75
5620,Alameda ,94539,-121.9266869,37.5313765,20.85,23.05,78.12,10.83,78.01,12.59,37.99,2.2
7487,Santa Clara,95014,-122.0226572,37.3166376,17.65,15.35,27.84,0.0,56.61,0.83,5.0,3.73
6575,Santa Clara,94087,-122.0260528,37.3573031,16.78,14.74,64.01,25.76,65.26,2.22,11.63,11.03
6295,Los Angeles,91355,-118.577517,34.4525395,88.82,44.79,53.45,41.93,85.65,10.94,22.23,2.34
2883,Riverside ,92234,-116.4495502,33.826972,88.7,6.42,23.26,0.0,54.25,43.83,62.41,50.01
5386,Los Angeles,91354,-118.5628759,34.4493505,91.05,45.68,67.52,0.0,65.09,8.28,14.18,16.32
5009,Los Angeles,90808,-118.1094908,33.8262637,29.89,62.97,21.9,0.0,37.14,24.56,47.88,10.9
3535,Sonoma ,95404,-122.7070355,38.4483381,10.57,10.09,46.81,0.0,47.79,44.57,46.36,47.5
6768,Santa Clara,95014,-122.0233152,37.3302918,16.78,16.18,98.51,0.0,79.7,0.81,4.72,3.54
3012,San Mateo,94030,-122.3981723,37.5892866,10.57,20.19,31.49,0.0,70.56,16.49,6.33,20.95
4786,Santa Clara,95131,-121.8767483,37.3828815,20.85,31.35,48.9,0.0,50.7,19.72,29.89,2.73
3644,San Francisco,94112,-122.4262823,37.7261197,6.38,27.52,66.32,0.0,4.61,47.62,16.56,34.48
2895,Los Angeles,90291,-118.4526783,33.9983793,44.98,64.14,52.05,0.0,66.49,24.02,15.93,30.78
5244,San Francisco,94122,-122.5061466,37.7613974,6.38,28.31,47.9,0.0,17.01,7.69,4.44,35.57
4306,Orange ,92705,-117.8028407,33.780868,57.77,68.45,11.19,0.0,17.21,14.16,10.08,23.66
3103,Los Angeles,91103,-118.1823685,34.1648035,75.3,57.34,31.08,20.72,72.98,9.05,1.65,6.73
6024,Los Angeles,91214,-118.2526054,34.2510958,91.05,55.89,16.75,0.0,13.28,15.34,26.41,13.52
5187,Santa Clara,95136,-121.8670355,37.2604228,24.88,17.16,81.83,0.0,87.51,25.04,15.15,43.33
3408,Santa Clara,95014,-122.0049293,37.3303283,17.65,17.44,87.34,0.0,86.79,9.41,15.99,8.38
2399,Los Angeles,91350,-118.5164043,34.4435485,93.63,49.26,46.94,0.0,64.0,26.6,58.08,4.4
5322,Mendocino ,95470,-123.2073085,39.3242759,13.62,5.94,7.5,63.28,17.61,44.3,43.08,51.57
4352,Santa Cruz,95010,-121.9458186,36.9784081,13.62,4.03,64.87,35.0,70.38,31.43,30.21,52.41
3998,Riverside ,92234,-116.4669443,33.8341094,88.7,6.7,31.04,0.0,35.29,45.96,65.45,63.52
5180,San Diego,92021,-116.8631385,32.8179291,72.86,35.69,13.85,27.38,20.48,46.83,41.24,40.55
6155,San Diego,92109,-117.2243397,32.8039041,35.16,46.88,82.22,0.0,83.44,6.42,12.99,47.11
5431,Los Angeles,90803,-118.1387992,33.7556821,20.85,62.29,38.12,0.0,39.98,8.52,27.02,9.85
3198,Orange ,92646,-117.9672387,33.663539,39.99,55.03,16.69,0.0,30.8,28.61,40.19,27.56
4088,Los Angeles,90402,-118.4943488,34.0412036,58.23,61.49,19.24,0.0,30.78,1.74,5.36,7.83
5302,Riverside ,92240,-116.4887516,33.9732868,93.63,3.55,8.62,0.0,5.91,66.38,77.37,78.63
8917,Orange ,92606,-117.7951518,33.70863,60.66,63.39,72.13,0.0,86.6,2.93,4.59,35.57
5211,San Francisco,94122,-122.4807924,37.7624848,6.38,23.14,81.74,0.0,86.18,12.87,10.9,30.46
7756,San Diego,92128,-117.0696419,33.0328463,53.73,18.12,65.48,12.83,73.03,3.71,4.36,33.54
7099,San Diego,92024,-117.2649644,33.0221644,37.57,39.44,74.74,59.62,84.7,3.66,9.11,27.56
5971,Santa Clara,95014,-122.0408528,37.3285223,16.78,14.5,72.03,0.0,79.24,1.11,8.1,15.33
5039,Santa Clara,95037,-121.6732158,37.1141601,35.16,6.05,13.17,65.41,9.6,36.58,58.92,10.14
4158,Santa Clara,95051,-121.9714315,37.3314684,20.85,19.65,57.98,0.0,68.91,17.63,25.95,3.18
4488,San Diego,92071,-116.9795653,32.8477575,64.73,45.1,25.69,0.0,48.6,35.63,30.17,16.56
5854,San Diego,92106,-117.2219519,32.7430417,32.15,48.91,66.22,0.0,37.73,7.18,0.71,27.35
9755,Riverside ,92563,-117.1229937,33.5472159,75.12,35.16,14.18,0.0,61.45,21.1,70.6,35.15
3636,Orange ,92672,-117.593146,33.4194887,58.23,41.63,41.11,0.0,73.11,15.02,48.22,23.66
4418,Alameda ,94555,-122.0464869,37.5647793,13.62,22.38,94.95,21.86,99.88,32.78,40.48,4.4
3841,San Diego,92126,-117.1487913,32.9166879,48.45,44.11,44.69,0.0,52.46,33.57,31.24,12.16
6480,San Diego,92019,-116.9434877,32.7472342,58.23,48.8,24.74,1.41,68.1,13.83,7.28,41.03
7457,Sonoma ,95405,-122.660775,38.4493765,10.57,8.67,45.3,24.28,49.03,47.31,30.17,46.61
4280,Marin ,94901,-122.5305318,37.9815305,10.57,19.14,51.44,0.0,83.84,23.26,25.87,25.72
3935,Los Angeles,90803,-118.1618264,33.7618269,20.85,62.86,26.68,0.0,42.94,5.73,9.0,48.58
10588,Riverside ,92596,-117.1151886,33.6252032,79.99,37.95,44.37,0.0,16.44,29.8,78.36,41.48
12628,Riverside ,92881,-117.5567013,33.8282363,78.01,80.96,11.79,0.0,12.74,13.57,79.3,8.24
3811,Los Angeles,90068,-118.3567733,34.1291853,69.43,62.79,86.14,8.38,92.96,2.65,4.4,15.59
7291,Alameda ,94538,-121.9630732,37.5500775,17.65,20.24,58.88,0.0,59.05,43.59,48.22,7.24
1142,Plumas ,95981,-121.0251013,39.8314906,75.36,7.87,2.04,3.0,3.28,34.56,22.05,59.08
1818,San Diego,92025,-117.0160101,33.078589,58.27,11.06,8.25,83.1,31.41,42.32,42.49,29.46
4556,Mendocino ,95482,-123.2304257,39.1424071,13.62,10.44,11.31,34.28,,85.53,39.62,48.2
4503,Madera ,93644,-119.6159177,37.3197594,75.12,12.28,2.39,0.0,10.3,19.95,8.57,59.52
5137,Sacramento ,95630,-121.1811222,38.6508815,69.32,13.09,72.82,0.0,84.76,20.59,50.56,9.46
5188,Alameda ,94551,-121.7689116,37.7347438,37.78,20.06,8.9,52.66,89.58,24.34,34.18,8.68
6330,Solano ,95687,-121.9428965,38.3334133,35.16,11.61,26.7,75.07,15.01,83.44,68.1,15.03
7375,Los Angeles,90278,-118.3791618,33.8620063,26.7,73.32,29.73,0.0,52.91,21.37,35.9,1.37
7193,Los Angeles,91765,-117.816738,33.9789045,63.61,88.03,6.62,0.0,68.53,18.16,27.63,24.92
3908,Amador ,95666,-120.5707489,38.4649441,69.32,10.78,1.37,15.79,2.59,57.37,50.56,34.7
5554,Contra Costa,94549,-122.10407,37.8896916,11.56,33.08,60.85,14.69,60.75,17.98,18.13,20.6
2314,Los Angeles,91789,-117.8726572,34.0386078,71.66,79.37,26.2,0.0,42.15,14.54,24.1,18.44
7573,San Bernardino,92399,-116.9746005,34.0414168,99.07,33.04,3.32,41.55,5.2,37.36,70.84,2.47
6847,San Diego,92069,-117.1529162,33.1623466,44.98,20.7,40.47,57.45,8.76,13.55,49.34,59.66
4840,San Diego,92027,-117.0549135,33.116245,53.73,12.96,29.72,72.41,20.88,31.74,38.73,9.64
4763,Santa Clara,95148,-121.7916431,37.3336993,24.88,23.06,15.71,0.0,21.1,44.37,37.87,15.59
3000,Santa Clara,95125,-121.9083909,37.308305,20.85,24.59,19.58,0.0,44.05,21.86,9.83,20.95
5670,San Francisco,94118,-122.475543,37.7767698,6.38,27.21,69.01,0.0,88.14,10.21,6.89,14.66
6204,Los Angeles,90505,-118.3712041,33.8068011,24.88,68.39,50.34,0.0,34.84,8.85,16.53,17.49
5459,Sonoma ,95403,-122.7607066,38.4611543,10.57,8.08,32.33,65.1,37.09,53.49,46.65,26.67
5217,Contra Costa,94583,-121.9526849,37.7570354,22.19,26.65,70.14,0.0,83.99,22.08,18.39,16.04
5397,San Diego,92084,-117.2174758,33.195293,39.99,23.91,14.3,67.17,17.11,26.46,30.75,45.97
3495,El Dorado,95709,-120.6900981,38.7487648,74.1,8.46,28.9,77.83,17.18,50.85,28.12,43.73
3023,Mendocino ,95466,-123.4663027,39.1072742,13.62,4.87,2.71,49.52,1.89,18.42,28.12,73.0
3263,Humboldt ,95546,-123.6758045,41.0928236,0.27,1.11,4.64,0.0,0.39,20.87,97.76,95.0
2260,Kern ,93314,-119.1515136,35.3510229,91.05,98.87,17.86,0.0,38.75,15.13,63.05,12.84
4040,Sacramento ,95829,-121.3162322,38.4732642,50.54,21.06,29.23,0.0,15.61,53.64,76.35,26.21
2631,Sonoma ,95476,-122.4269124,38.1968029,14.92,15.93,27.39,79.69,32.86,21.81,17.34,14.05
11136,San Diego,91915,-116.960394,32.6390207,42.56,55.53,21.32,0.0,30.1,15.78,21.21,36.8
3286,Santa Cruz,95003,-121.913426,36.9717451,13.62,4.32,45.29,24.59,82.84,17.53,15.2,32.27
1529,Los Angeles,90266,-118.4218562,33.9033703,32.15,72.32,87.93,0.0,35.84,1.53,9.0,8.98
4268,Los Angeles,91741,-117.8287768,34.1537602,93.85,77.42,3.46,21.14,6.16,42.06,63.6,17.19
7277,Alameda ,94502,-122.2406697,37.7334484,3.83,33.62,66.46,0.0,21.83,40.73,17.58,4.02
5188,Orange ,92656,-117.7237974,33.5765214,65.36,43.52,67.9,0.0,68.59,11.28,27.5,27.05
13434,San Bernardino,91739,-117.516112,34.1510649,97.6,91.79,48.85,0.0,81.61,15.58,64.42,4.02
6571,Riverside ,92587,-117.2255846,33.692413,88.7,49.99,35.76,0.0,34.18,27.48,47.62,25.25
5783,Tuolumne ,95335,-119.849589,38.1866222,69.57,1.13,0.56,0.0,1.91,33.4,29.45,30.04
4098,San Luis Obispo,93405,-120.6569365,35.2929314,14.92,12.5,56.71,38.17,75.21,4.14,0.66,99.71
5704,San Francisco,94122,-122.5104339,37.7566148,6.38,28.87,49.26,0.0,27.75,7.45,3.93,31.73
6868,Santa Clara,95138,-121.7683503,37.2569417,26.7,11.95,32.78,59.59,84.51,36.99,30.86,2.91
3023,Placer ,95648,-121.2561132,38.876759,69.32,10.75,14.36,79.03,12.6,28.2,63.31,30.46
4416,San Mateo,94065,-122.2561516,37.5256571,6.38,21.82,22.69,0.0,53.8,3.19,9.92,7.83
8489,San Mateo,94080,-122.4610254,37.6462394,10.57,22.05,45.81,0.0,63.81,27.53,7.13,15.03
5254,Fresno ,93611,-119.6730789,36.8302668,88.7,95.54,48.18,0.0,18.21,46.55,31.03,33.0
6265,Sonoma ,95472,-122.8881919,38.4205809,7.52,4.0,19.79,77.07,19.66,35.47,13.73,36.11
5167,Kern ,93312,-119.1014197,35.4094908,91.05,99.02,31.16,0.0,30.86,22.99,42.86,26.21
3472,Orange ,92629,-117.6965584,33.4800989,63.29,47.85,35.36,15.0,36.61,13.75,32.9,17.89
3351,Alameda ,94610,-122.2416233,37.8148343,3.12,44.02,77.26,0.0,67.38,49.99,24.55,18.18
2480,Santa Clara,95014,-122.0102662,37.3171027,17.65,15.84,51.67,0.0,44.56,1.11,8.1,19.38
7069,Sonoma ,95404,-122.6518817,38.3855179,7.52,8.09,8.4,63.48,17.85,43.15,29.5,34.7
4112,San Diego,91942,-117.031084,32.786443,47.38,47.52,19.35,0.0,18.95,31.79,16.94,56.57
1709,Alameda ,94551,-121.7322556,37.6979083,42.56,24.54,70.59,0.0,76.85,24.2,29.37,1.26
2798,Riverside ,92264,-116.5231199,33.8054921,88.7,5.97,34.03,0.0,36.53,18.89,39.81,48.2
3668,El Dorado,51,-120.4220948,38.8821468,68.23,1.95,0.78,21.93,4.63,24.65,10.08,48.44
8904,San Francisco,94118,-122.4480069,37.7789154,3.83,25.41,71.38,0.0,60.85,14.97,0.85,31.26
2987,Sonoma ,94931,-122.7071979,38.3184467,6.38,10.13,68.89,42.59,70.15,34.48,17.67,45.06
3615,Los Angeles,90024,-118.4327259,34.0558599,56.96,69.41,78.03,0.0,82.83,4.03,25.07,27.85
4122,Yuba ,95925,-121.1797405,39.4524525,75.36,3.11,0.07,30.97,0.15,7.93,10.73,62.47
5664,Butte ,95926,-121.8161641,39.7502541,55.38,39.65,52.96,45.83,51.16,64.83,38.11,22.71
4115,Los Angeles,90293,-118.4345193,33.9637725,37.57,64.39,38.03,0.0,63.85,6.66,8.39,19.6
5503,Fresno ,93720,-119.7567596,36.8592568,84.58,95.08,9.98,0.0,31.6,51.48,21.04,20.1
2998,Los Angeles,90049,-118.4693771,34.0595085,59.69,61.85,52.77,0.0,66.88,4.1,18.13,15.59
5716,San Diego,92026,-117.0966729,33.2304835,55.38,11.31,15.62,54.38,47.14,23.4,41.85,25.25
2011,Trinity ,96010,-123.2441079,40.8228066,20.93,0.56,0.86,37.28,1.79,36.42,22.4,55.5
5741,San Diego,92104,-117.141957,32.7518529,32.15,48.41,41.78,0.0,24.54,51.12,17.75,51.75
3668,Sacramento ,95758,-121.4407559,38.4151398,39.99,28.15,18.95,0.0,67.2,38.46,50.02,16.82
5695,San Mateo,94066,-122.4599881,37.627813,10.57,17.83,24.22,0.0,48.9,63.7,43.41,5.35
2405,Shasta ,96019,-122.3597887,40.6628518,53.73,21.78,53.67,30.34,19.86,73.63,92.9,55.39
4106,Yolo ,95616,-121.7731005,38.5524621,42.56,32.87,55.18,0.0,43.29,17.15,29.24,81.62
7614,Sacramento ,95630,-121.1274845,38.6395899,72.83,13.15,66.6,0.0,66.81,20.59,50.56,12.69
3841,Sonoma ,94928,-122.6932768,38.347139,6.38,10.8,16.42,10.97,28.26,55.55,66.94,44.62
4174,San Diego,92120,-117.0846348,32.7987225,42.56,44.6,42.64,8.1,37.48,34.02,21.61,21.27
5598,Marin ,94903,-122.5028113,38.0055686,10.57,21.85,15.54,0.0,96.24,17.24,23.28,12.69
5630,Alameda ,94568,-121.8611155,37.7053403,29.89,20.78,94.14,0.0,88.09,28.83,22.23,10.72
3492,Orange ,92651,-117.7424655,33.4991773,63.29,40.4,13.69,0.0,75.15,6.63,2.8,19.38
5123,Shasta ,96065,-121.994176,40.8731168,61.03,1.75,0.85,25.34,0.99,14.74,20.5,59.82
3451,San Bernardino,92314,-116.8254603,34.2429726,98.67,2.9,5.31,0.0,2.25,75.66,87.96,81.49
8784,Santa Clara,95037,-121.6188759,37.1535256,35.16,6.92,39.12,86.41,83.7,30.2,50.82,8.07
3524,Los Angeles,90046,-118.3749964,34.1035086,65.69,63.0,27.22,0.0,85.75,4.9,10.82,5.92
2733,Los Angeles,90275,-118.3683615,33.7751416,24.88,63.1,46.73,0.0,53.56,0.64,1.69,7.06
6663,Nevada ,96161,-120.1706073,39.331005,57.77,42.55,42.75,45.97,25.93,19.9,1.98,45.74
6859,Ventura ,91360,-118.8551917,34.2334607,58.23,40.19,24.6,45.07,63.26,10.66,35.18,23.66
1234,Marin ,94930,-122.5974613,37.9207112,3.91,13.52,4.83,0.0,75.36,9.9,5.16,25.72
3528,Orange ,92646,-117.9754563,33.664956,39.99,56.02,28.51,0.0,31.89,28.61,40.19,9.64
5848,Los Angeles,90803,-118.15344,33.7601259,20.85,61.61,32.32,0.0,51.2,7.78,22.23,32.05
2637,Los Angeles,90274,-118.357906,33.788578,22.19,65.08,36.32,51.93,58.26,0.6,1.0,10.44
7896,Orange ,92675,-117.6510741,33.4854137,64.73,46.22,44.62,0.0,96.56,8.91,39.81,20.1
5591,El Dorado,96150,-119.9602888,38.9313103,60.66,0.55,36.13,0.0,32.04,30.12,3.25,58.51
23390,Orange ,92602,-117.7352311,33.7430213,62.66,60.06,53.79,79.38,53.1,5.78,17.5,6.48
5861,Los Angeles,91001,-118.1374464,34.2022911,84.58,59.04,9.46,41.34,5.36,49.0,34.26,4.27
5981,Ventura ,91362,-118.8055945,34.1828488,63.61,42.43,14.05,16.55,61.34,6.01,8.33,4.4
4259,Orange ,92886,-117.8282554,33.8764203,55.38,86.62,17.22,6.0,19.36,9.88,16.75,5.8
5279,Los Angeles,90266,-118.3862707,33.8941912,29.89,72.48,75.02,20.79,78.28,1.84,10.48,3.07
2503,Ventura ,93023,-119.2618887,34.4587926,62.53,36.44,7.22,28.07,9.43,42.92,28.83,39.82
3722,Riverside ,92506,-117.3755877,33.8873245,95.27,77.95,28.8,41.76,57.39,41.54,34.72,12.45
6063,Santa Clara,95129,-122.028113,37.3026314,17.65,14.64,48.44,0.0,59.23,2.24,7.02,21.51
3987,San Diego,92071,-116.9900899,32.8465152,62.53,44.73,43.72,0.0,45.26,35.63,30.17,29.46
2995,Fresno ,93611,-119.7018656,36.8446768,88.7,95.82,46.77,0.0,23.69,44.94,28.49,15.33
5555,Santa Barbara,93103,-119.6891123,34.4372104,22.19,9.81,20.37,0.0,7.69,40.75,11.17,31.55
8035,Fresno ,93619,-119.6539846,36.8105831,88.7,95.23,62.31,58.93,7.95,24.68,13.6,24.72
6489,Orange ,92677,-117.6933882,33.5264817,65.36,41.05,22.3,0.0,43.9,8.4,22.05,43.89
5126,San Francisco,94118,-122.4613476,37.777583,6.38,26.19,75.56,0.0,45.8,11.02,9.92,17.89
6221,San Diego,92026,-117.1089828,33.1505524,47.38,17.14,57.22,0.0,40.46,19.17,43.64,24.92
1848,Riverside ,92241,-116.431917,33.9177524,91.05,5.87,0.19,0.0,,46.34,57.2,86.12
5065,Alameda ,94539,-121.9271478,37.5071611,20.85,24.41,83.15,0.0,68.31,12.59,37.99,0.6
5246,Yolo ,95616,-121.7588849,38.5764422,44.98,27.77,13.64,76.31,11.8,17.15,29.24,78.52
7600,Santa Clara,94087,-122.0049605,37.3449022,16.78,16.8,51.03,0.0,82.49,3.29,7.22,1.43
4850,Contra Costa,94596,-122.0458632,37.8931242,16.78,30.99,47.83,8.66,24.31,24.38,24.89,25.72
5118,Sacramento ,95843,-121.3548798,38.7226029,63.29,26.89,16.53,0.0,28.5,71.61,95.7,46.18
4071,Los Angeles,90045,-118.4095017,33.9668881,35.16,69.58,50.86,0.0,11.35,14.81,34.81,14.27
5469,San Mateo,94010,-122.3482883,37.5765511,10.57,20.92,68.18,0.0,44.61,11.03,7.02,33.0
2334,Los Angeles,90265,-118.6668993,34.0576239,62.66,52.31,15.18,27.93,71.45,2.69,9.07,24.42
3612,Los Angeles,91030,-118.1627758,34.1100789,71.66,61.06,50.17,0.0,26.45,13.93,12.06,8.53
3625,Siskiyou ,96031,-123.0110405,41.327554,20.93,0.01,1.13,48.72,0.04,14.1,18.73,67.17
4319,Los Angeles,91016,-117.9882851,34.1747468,91.05,62.27,6.21,1.83,7.74,39.79,23.28,5.8
2636,Orange ,92627,-117.8996392,33.6441646,51.9,53.83,42.51,0.0,42.1,11.62,2.04,15.59
7876,Humboldt ,95519,-124.1129005,40.9390795,0.19,4.37,27.63,0.0,11.04,66.96,85.23,63.02
3062,Los Angeles,91741,-117.8524608,34.1408729,88.7,80.63,9.4,0.0,6.11,42.1,63.72,14.48
15355,Orange ,92651,-117.7988845,33.585416,60.93,48.51,15.4,19.17,77.73,4.29,4.84,14.66
5450,Nevada ,95959,-120.9405534,39.3058929,79.99,3.3,3.92,0.34,5.21,32.98,46.47,48.73
8902,Riverside ,92503,-117.4099689,33.848967,91.08,67.87,8.08,18.17,16.64,43.73,52.31,12.16
4457,San Francisco,94122,-122.4906443,37.7526805,6.38,27.31,53.58,0.0,66.76,6.78,2.68,27.85
4529,San Francisco,94122,-122.4737784,37.7628146,6.38,26.99,73.99,0.0,84.23,14.38,13.6,12.16
3640,San Mateo,94404,-122.2676162,37.5485489,6.38,25.75,19.17,0.0,38.26,8.13,24.44,4.17
4997,San Diego,92122,-117.2229262,32.8654716,39.99,44.8,43.36,0.0,41.66,7.15,12.06,73.53
4473,Santa Clara,94086,-122.0504683,37.378603,16.78,14.19,53.2,0.0,51.05,3.78,5.75,10.72
1302,San Diego,91910,-116.9983443,32.6383744,35.16,54.92,19.02,0.0,72.43,21.6,5.96,8.07
2798,Contra Costa,94805,-122.3152847,37.9457334,3.83,37.32,70.38,22.79,9.03,80.07,46.75,26.21
4542,Santa Clara,95118,-121.9014215,37.2478149,24.88,14.66,53.9,0.0,75.46,19.9,12.31,27.05
4451,Santa Clara,95123,-121.8534641,37.2436327,26.7,15.77,23.46,0.0,21.88,58.86,43.58,15.59
1835,Los Angeles,91748,-117.8687084,33.9765828,62.53,84.64,7.94,0.0,32.34,9.37,8.42,16.04
1631,Los Angeles,93532,-118.3864277,34.6789981,91.05,3.24,0.58,0.0,1.41,32.64,31.09,58.79
3456,San Diego,92104,-117.1330809,32.74474,32.15,49.37,43.04,0.0,11.91,56.02,19.85,17.49
5235,Santa Clara,95008,-121.9375772,37.2708696,22.19,16.48,63.61,0.0,58.6,13.26,9.33,18.18
5362,Alameda ,94550,-121.7607445,37.6683795,37.57,20.68,22.5,73.24,25.69,26.84,33.21,8.24
5824,Orange ,92677,-117.6797302,33.5378006,66.81,42.49,35.0,2.28,92.63,3.38,8.16,14.66
3487,Kern ,93225,-118.9619081,34.8027858,77.03,1.27,2.73,0.0,2.1,23.42,39.62,88.62
3697,Los Angeles,90815,-118.1251759,33.7921434,24.88,62.8,23.72,0.0,58.51,14.47,51.61,17.71
3143,Nevada ,95949,-121.1014847,39.068005,79.99,6.88,7.18,17.79,30.53,31.34,21.61,36.11
5852,Santa Barbara,93117,-119.8865542,34.4364505,22.19,12.1,52.94,51.24,17.81,25.92,41.16,36.8
2940,Orange ,92886,-117.7528373,33.8994154,60.93,81.59,11.94,0.0,35.39,5.57,17.5,21.27
1639,Orange ,92676,-117.6126068,33.7525125,70.58,54.67,1.54,0.0,5.34,0.88,2.14,27.05
5051,Alameda ,94618,-122.2544365,37.8405983,3.12,43.9,89.77,0.0,42.48,26.57,20.11,10.9
7387,Santa Cruz,95010,-121.9654587,36.974907,13.62,3.71,46.47,24.41,68.18,23.52,19.85,47.32
3606,Riverside ,92260,-116.3642057,33.7523547,91.05,8.57,21.97,0.0,55.21,6.11,12.23,72.58
3664,Santa Clara,95118,-121.8820556,37.2446789,24.88,14.16,28.15,0.0,45.83,19.4,14.01,43.14
1902,Humboldt ,95503,-124.0475318,40.7128464,0.3,2.95,1.17,0.0,26.11,55.48,62.19,40.55
3665,Placer ,95603,-121.0643371,38.883438,75.12,7.26,30.53,0.0,5.66,55.4,49.25,32.27
4461,San Diego,92078,-117.1882353,33.1292602,37.78,19.03,51.3,43.38,63.2,6.52,33.08,23.17
4478,Sacramento ,95662,-121.2324674,38.6986392,66.81,15.37,20.73,32.93,20.83,70.66,78.68,41.24
6428,Sacramento ,95821,-121.3570367,38.6362404,59.69,41.79,35.15,0.0,17.49,85.74,42.6,35.75
4971,Los Angeles,91016,-117.9422558,34.1722232,93.85,59.55,6.57,2.07,20.9,25.71,8.25,8.98
2133,Napa ,94558,-122.3325087,38.2915986,16.78,43.2,13.78,70.76,2.31,36.94,31.46,32.79
3675,Solano ,95687,-121.9660433,38.3417484,35.16,11.76,23.77,0.0,32.49,83.44,68.1,40.34
3682,Placer ,95747,-121.3194929,38.7822691,64.73,17.6,30.54,0.0,70.7,30.35,72.52,22.22
4661,Santa Clara,95123,-121.8102526,37.231546,29.89,13.38,12.26,0.0,33.88,43.42,29.37,3.73
5407,Alameda ,94555,-122.0398734,37.5823791,14.92,26.53,82.75,0.0,86.21,24.3,24.89,1.19
1702,Mariposa ,95389,-119.5740176,37.6979738,75.12,4.42,0.16,0.0,1.15,20.33,82.07,56.07
6778,Santa Clara,95117,-121.9568721,37.3089211,20.85,19.99,58.93,0.0,83.05,22.41,14.28,8.38
3494,San Mateo,94010,-122.3766383,37.5834198,10.57,24.06,41.66,0.0,15.69,12.36,12.06,5.55
4274,Contra Costa,94521,-121.95812,37.9598119,29.89,31.91,12.12,0.0,62.64,51.55,40.48,19.89
8766,Contra Costa,94513,-121.595891,37.9347243,42.56,31.29,27.85,81.62,21.39,26.92,37.44,18.18
2947,Los Angeles,90803,-118.1351139,33.7629063,20.85,62.29,29.67,0.0,18.38,8.52,27.02,47.75
5388,Santa Clara,95118,-121.8850395,37.2674809,24.88,17.91,31.39,0.0,41.83,39.18,38.73,11.27
3874,San Bernardino,91784,-117.6437002,34.1364816,95.27,95.52,55.52,45.45,83.14,15.09,38.24,12.16
3449,Ventura ,93010,-119.0633871,34.2416836,35.16,40.31,5.34,66.38,11.66,32.79,41.75,3.07
6011,Orange ,92656,-117.7106408,33.5707126,66.81,42.75,30.6,0.0,62.55,8.74,18.48,25.72
5662,Orange ,92610,-117.6498083,33.6829142,67.9,52.66,23.48,38.41,52.06,3.84,22.4,1.26
2658,Marin ,94952,-122.8017782,38.183308,7.52,6.96,1.57,36.03,17.28,7.29,2.72,33.2
6575,Sonoma ,94928,-122.6768449,38.325999,7.52,10.86,18.59,52.76,20.74,42.77,48.92,34.48
6842,San Diego,92008,-117.3441023,33.1753118,32.15,41.41,69.76,33.9,54.75,11.85,35.9,20.6
2454,Orange ,92646,-117.9514232,33.6640382,44.98,54.97,21.44,59.34,64.41,25.22,34.72,16.04
5054,Santa Clara,94086,-122.0289165,37.3727789,16.78,14.91,68.44,0.0,67.4,7.05,12.43,14.27
1605,Alameda ,94705,-122.2573724,37.8547152,3.12,40.55,77.55,0.0,32.56,23.09,9.07,19.89
7473,Alameda ,94539,-121.9421767,37.5345605,17.65,22.69,83.86,35.03,81.93,12.46,37.59,7.83
5334,Riverside ,92234,-116.449391,33.7942301,88.7,6.98,6.15,0.0,39.06,21.25,23.24,85.24
2926,Santa Clara,95051,-121.9984125,37.3562527,16.78,16.98,69.71,0.0,91.15,3.64,2.54,14.27
3852,Monterey ,93923,-121.9250324,36.5294601,11.56,1.84,50.38,0.0,30.34,14.52,4.47,8.07
12415,Riverside ,92596,-117.0955335,33.6119888,79.99,36.38,60.0,0.0,6.51,41.18,92.25,15.33
3811,San Mateo,94030,-122.4100389,37.6061891,10.57,21.08,29.27,0.0,43.24,28.91,12.99,12.45
4856,San Diego,92040,-116.92865,32.82831,66.81,45.07,13.14,0.0,19.64,24.29,13.27,58.51
2775,Humboldt ,95570,-124.0324312,41.1893421,0.19,1.78,5.16,0.0,2.69,48.4,61.08,72.4
3998,Santa Clara,94301,-122.1622059,37.4480602,10.57,15.13,72.3,0.0,33.74,0.34,5.75,31.73
9105,Santa Clara,95020,-121.6351266,37.0355435,29.89,4.36,10.86,64.31,12.18,68.13,76.17,1.19
4853,Santa Clara,95032,-121.9811671,37.2575105,22.19,11.28,53.23,0.0,80.76,2.08,1.81,4.27
4560,San Francisco,94118,-122.4618142,37.7851543,6.38,24.02,69.17,0.0,22.85,8.94,7.13,22.01
7424,Alameda ,94502,-122.249779,37.7439709,3.12,36.86,57.87,0.0,28.3,28.84,20.86,2.47
4381,Santa Clara,95051,-121.984583,37.3341541,17.65,19.18,29.76,0.0,67.05,19.29,28.83,8.68
4123,Santa Clara,95125,-121.8920033,37.2840451,24.88,20.16,38.89,0.0,55.54,38.88,33.92,5.55
4992,Los Angeles,91765,-117.7963291,34.0052004,66.81,90.11,6.72,0.0,61.96,16.18,24.55,20.38
4656,San Diego,92069,-117.146847,33.1460671,44.98,20.62,78.99,0.0,44.58,14.89,52.55,32.79
3747,Napa ,94558,-122.2620126,38.3111988,20.85,45.87,35.93,66.55,9.83,32.15,20.34,22.01
4421,Los Angeles,91107,-118.0858736,34.1729248,84.58,61.57,14.4,41.69,16.45,11.39,8.28,9.85
3771,Mariposa ,95338,-119.8405416,37.4300671,75.12,19.08,0.83,18.41,1.3,70.01,99.4,57.63
2107,Shasta ,96088,-121.8497344,40.5780793,57.09,2.64,0.73,30.45,0.88,25.34,41.85,65.7
10486,Santa Cruz,95064,-122.0590224,36.9911069,13.62,3.29,93.4,0.0,19.61,0.07,16.65,73.89
4042,Shasta ,96007,-122.343672,40.4075321,48.6,50.5,2.48,32.0,9.29,38.91,72.47,42.76
6869,Orange ,92677,-117.6948206,33.5589577,66.81,40.95,37.69,0.0,68.88,3.5,5.82,31.55
4377,Marin ,94965,-122.4787962,37.8556031,3.83,25.29,59.75,0.0,98.4,31.95,22.92,17.19
5338,Riverside ,92591,-117.1188981,33.5318882,74.1,34.3,42.04,0.0,19.89,37.9,94.27,10.14
3111,Sacramento ,95831,-121.5288152,38.4819076,35.16,29.94,15.36,0.0,13.35,52.12,58.64,23.91
3936,Sonoma ,95436,-122.9155637,38.5199533,11.56,2.79,5.44,73.21,21.74,27.75,18.01,45.2
3332,Alameda ,94706,-122.2974624,37.8944611,3.12,37.93,73.53,0.0,25.21,17.93,5.0,25.72
2861,San Francisco,94118,-122.4754787,37.7833793,6.38,27.13,58.16,0.0,84.49,7.43,4.08,6.08
4279,Santa Clara,95128,-121.9440215,37.3316017,20.85,23.97,75.82,0.0,82.48,24.9,24.89,8.38
7469,San Luis Obispo,93420,-120.5681372,35.1292608,16.78,15.4,27.23,84.86,55.0,46.07,15.67,9.27
3492,Alameda ,94709,-122.2701843,37.8819398,3.12,38.79,43.88,0.0,3.81,13.09,8.49,42.9
5568,Santa Clara,95129,-121.9864204,37.3136592,20.85,18.26,83.26,0.0,90.45,7.03,24.44,16.04
2846,Los Angeles,91711,-117.7176795,34.1521556,93.85,92.27,11.26,0.48,58.73,22.47,35.23,0.5
7144,Santa Clara,94087,-122.0562245,37.3626565,16.78,14.15,68.01,0.0,73.18,2.22,11.63,8.68
5453,Marin ,94925,-122.5231563,37.9240154,6.38,23.42,50.96,0.0,93.33,3.27,14.61,5.35
4170,Alameda ,94546,-122.0822257,37.7060949,11.56,30.48,17.61,0.0,15.91,70.6,58.21,20.8
5567,Santa Cruz,95060,-122.0333899,36.9550263,13.62,4.02,36.1,22.17,18.79,18.38,21.44,32.79
4534,Orange ,92691,-117.6420514,33.6575536,69.32,47.93,31.7,0.0,45.61,5.1,17.07,13.73
4906,Orange ,92663,-117.9165233,33.6209027,50.54,54.19,36.89,0.0,76.04,11.45,8.39,16.82
6631,Los Angeles,90815,-118.1000457,33.7873397,26.7,62.23,70.07,12.24,90.89,10.08,37.99,10.14
4190,Los Angeles,91007,-118.0426347,34.1100947,79.99,68.9,44.82,0.0,16.19,4.96,4.6,15.59
2699,San Diego,91935,-116.8687112,32.6847916,62.76,49.74,7.74,0.0,5.93,6.07,34.35,9.27
4523,San Francisco,94110,-122.422849,37.7515789,6.38,25.8,97.6,0.0,34.76,70.41,31.84,22.47
3491,San Bernardino,91784,-117.6804289,34.1272011,93.63,95.03,48.7,0.0,93.95,14.56,38.24,0.05
4318,San Diego,92109,-117.2397403,32.8025162,35.16,47.41,63.75,0.0,39.63,6.42,12.99,51.95
2849,Lake ,95451,-122.7736029,38.8709539,16.78,0.12,2.31,50.9,4.34,51.56,44.53,54.03
3001,Lassen ,96130,-120.6668987,40.4756078,55.38,0.72,2.35,23.62,8.86,59.37,18.98,59.37
6902,Los Angeles,91024,-118.052919,34.162053,84.58,67.27,16.05,0.0,7.21,9.75,7.07,14.05
2656,Butte ,95928,-121.7616429,39.7203605,62.66,18.44,19.83,51.34,53.79,53.68,37.87,22.22
7365,Riverside ,92882,-117.5884128,33.81566,71.8,64.54,8.03,0.0,99.33,6.74,40.42,12.69
7973,Butte ,95973,-121.8785043,39.7558816,46.99,35.06,29.82,97.9,44.04,35.42,19.95,31.73
3643,Ventura ,91361,-118.8899584,34.1696864,55.38,40.39,30.91,11.03,95.11,3.38,11.93,17.71
9318,Riverside ,92592,-116.9898216,33.4497328,74.23,5.3,4.17,48.17,11.43,26.61,81.42,36.98
3671,Orange ,92688,-117.5842869,33.6425298,70.28,50.09,18.1,0.0,39.76,4.81,34.48,34.92
3853,Los Angeles,93551,-118.3063029,34.6300267,91.05,5.77,1.05,0.0,2.74,32.08,34.96,16.82
4255,Ventura ,93010,-119.0450209,34.2293596,35.16,43.02,31.97,59.9,32.6,35.78,47.18,22.01
3530,Butte ,95926,-121.864319,39.744651,50.54,38.23,47.57,32.14,47.43,64.83,38.11,43.14
4488,San Diego,92064,-117.0571307,32.9677362,57.77,45.08,20.75,0.0,61.86,15.65,28.12,17.89
5393,Butte ,95973,-121.8185603,39.7680605,53.73,40.09,82.97,76.79,10.18,38.41,29.5,27.05
5685,Contra Costa,94597,-122.0540951,37.925633,14.92,34.96,71.56,4.69,85.24,14.94,9.33,10.14
3923,Santa Clara,95008,-121.9693371,37.2821666,20.85,15.96,29.12,0.0,41.2,25.26,29.94,15.03
1696,Orange ,92672,-117.6336425,33.4385746,60.66,47.43,81.26,0.0,90.16,11.08,37.3,20.38
6414,Marin ,94925,-122.4958083,37.9402451,6.38,26.86,68.41,0.0,95.19,1.89,6.61,24.72
5572,San Luis Obispo,93422,-120.6548827,35.4934879,32.15,2.94,12.67,45.0,30.61,39.72,16.48,48.92
3575,San Diego,92071,-117.0126279,32.841342,58.23,43.77,56.0,0.0,53.69,24.18,17.75,15.59
5982,San Diego,92075,-117.2633676,32.9903701,37.57,38.83,80.57,9.62,91.59,0.91,2.84,47.11
6280,Santa Barbara,93117,-119.8562324,34.4128391,20.85,12.35,49.18,0.0,20.35,15.55,29.24,99.9
8759,Placer ,95650,-121.164918,38.805202,70.52,9.84,18.74,40.59,38.7,9.71,28.2,24.92
4086,Los Angeles,90254,-118.4011692,33.8703091,29.89,73.44,50.54,0.0,79.98,4.46,14.01,6.73
4251,Los Angeles,90245,-118.40383,33.9274666,32.15,71.56,81.06,5.03,74.68,11.94,20.18,13.27
3559,Shasta ,96003,-122.4132103,40.6042154,42.76,16.88,19.08,0.0,44.4,46.96,56.88,52.11
4057,Orange ,92648,-118.0104837,33.6625961,32.15,58.86,27.93,40.1,33.66,29.06,39.62,30.04
5832,Santa Clara,95032,-121.9563811,37.242205,24.88,12.2,55.99,0.0,77.46,7.43,10.82,13.27
5453,Orange ,92677,-117.7049711,33.5603852,66.81,39.68,26.06,0.0,45.84,4.16,8.57,41.91
4818,San Diego,92040,-116.8973197,32.8465129,71.66,42.1,41.02,0.0,14.85,22.36,12.06,45.97
4860,Fresno ,93619,-119.6931658,36.8592846,88.7,94.77,19.48,75.76,8.95,15.1,13.1,1.65
4796,Alameda ,94611,-122.2406227,37.824626,3.12,43.68,46.96,0.0,16.74,30.92,12.66,1.32
3897,San Diego,91977,-116.9900814,32.7222385,46.99,49.88,7.62,0.0,23.79,70.5,48.63,20.38
5724,Sacramento ,95630,-121.1501466,38.6804975,71.66,10.39,7.9,0.0,34.14,20.59,50.56,30.29
2024,Los Angeles,91350,-118.5295463,34.4558936,93.63,46.75,12.42,0.0,37.86,18.69,43.78,13.27
2721,Contra Costa,94553,-122.1074312,37.9987257,14.92,33.09,75.41,0.0,21.19,67.32,48.92,0.35
2964,Los Angeles,93510,-118.1943718,34.5244096,91.05,31.59,9.88,0.0,98.2,29.67,25.67,48.44
4634,San Francisco,94118,-122.4524293,37.7887307,3.83,24.99,62.95,0.0,27.33,9.22,2.99,24.17
7867,Orange ,92705,-117.7854284,33.7789497,58.23,64.12,6.99,33.24,16.91,25.3,21.3,4.02
2754,Inyo ,93514,-118.2425011,37.3448259,48.46,0.35,1.49,26.83,6.03,74.26,60.78,54.15
3254,San Francisco,94114,-122.4324782,37.7670961,3.83,24.82,73.09,0.0,20.29,16.35,9.0,18.44
4365,Orange ,92869,-117.7562327,33.8168761,58.23,67.24,9.71,0.0,61.74,10.28,10.36,11.03
7911,El Dorado,95634,-120.8675255,38.9478957,71.76,6.41,1.64,35.69,2.39,8.47,5.11,71.71
8420,Sacramento ,95835,-121.489582,38.663527,56.96,32.17,8.34,0.0,12.71,51.46,71.83,7.83
4934,Santa Clara,95120,-121.8096939,37.1974738,26.7,9.51,6.7,39.03,17.65,9.92,6.13,17.19
4013,Santa Clara,95070,-121.9995034,37.2818643,20.85,13.24,31.85,0.0,77.26,1.23,2.13,15.33
5040,Los Angeles,90278,-118.3649588,33.8622408,24.88,76.43,39.75,32.97,71.81,12.65,19.07,1.19
2454,Los Angeles,90024,-118.4288483,34.0737147,60.93,64.99,77.19,0.0,76.0,3.43,30.03,24.92
5376,Orange ,92637,-117.7260302,33.601944,66.81,46.89,27.42,0.0,61.23,11.39,18.83,16.82
3940,San Bernardino,91784,-117.6602406,34.141776,95.27,95.15,45.34,49.83,81.09,14.84,49.83,3.18
6088,Butte ,95973,-121.9334044,39.7860101,45.14,12.17,26.12,93.66,8.79,36.12,26.41,22.01
2919,Riverside ,92270,-116.4015518,33.7631302,88.7,7.36,26.56,0.0,51.29,20.38,16.75,41.66
2070,Los Angeles,91387,-118.4042026,34.4087694,97.0,50.06,7.26,0.0,82.2,33.7,23.47,4.17
1291,Los Angeles,90815,-118.1067858,33.7781493,24.88,60.98,50.53,0.0,78.08,3.07,9.83,24.72
4731,Fresno ,93657,-119.3805297,36.9057665,84.58,52.89,1.11,55.03,1.28,14.93,4.59,27.05
3305,Solano ,94510,-122.1828721,38.0801267,13.62,33.81,24.48,0.0,47.4,67.25,55.21,4.91
3023,Orange ,90740,-118.1069698,33.7393938,22.19,60.35,38.06,0.0,8.81,15.98,42.68,10.14
3910,Sonoma ,95472,-122.7996795,38.3806559,6.38,5.72,23.6,60.79,24.15,29.34,18.62,15.03
8039,Marin ,94947,-122.5643084,38.0792992,10.57,17.65,16.81,0.0,78.5,30.84,12.66,46.61
3944,San Mateo,94060,-122.3140903,37.2768483,10.6,7.16,2.12,78.48,1.11,7.88,3.25,25.98
3241,Santa Clara,94043,-122.1006423,37.409233,13.62,17.69,88.92,0.0,54.7,5.3,9.83,5.8
5691,San Francisco,94117,-122.4474539,37.7704942,6.38,24.69,68.64,0.0,41.64,51.93,19.35,17.19
3159,Riverside ,92260,-116.3457042,33.6569608,91.05,5.89,7.23,36.45,47.75,11.14,15.27,10.9
3383,Santa Clara,95014,-122.0405535,37.3124131,16.78,14.39,49.67,0.0,74.64,0.96,5.86,0.11
5288,Napa ,94508,-122.4283032,38.5549587,15.05,7.48,5.53,60.69,7.8,3.94,7.65,27.56
6535,Orange ,92807,-117.8062222,33.8715008,55.38,86.04,62.6,22.38,65.49,10.81,21.61,9.46
9578,Ventura ,93012,-119.011877,34.2262262,37.57,42.14,27.82,91.31,60.94,9.47,24.73,12.69
2671,Alameda ,94705,-122.2587175,37.8588968,3.12,40.55,80.06,0.0,36.54,17.82,7.22,33.0
9584,Riverside ,92592,-117.0898477,33.4616244,71.66,13.85,47.22,0.0,51.28,30.35,86.63,7.24
7364,San Diego,92128,-117.0877455,32.9526715,55.38,41.93,59.04,0.0,80.83,4.39,6.37,6.28
6175,Alameda ,94555,-122.0532609,37.5729294,13.62,27.63,66.86,0.0,89.33,32.78,40.48,4.72
3806,Santa Clara,94306,-122.1144543,37.4069811,13.62,16.1,87.67,0.0,72.08,1.61,4.44,14.27
4072,Placer ,95661,-121.2401149,38.738963,66.81,15.88,28.24,0.0,55.88,50.06,65.27,22.93
5882,Los Angeles,90049,-118.4768543,34.0472018,58.23,64.06,32.08,1.34,42.2,2.08,7.8,22.93
4561,Sonoma ,95476,-122.4621638,38.2775446,13.62,15.49,39.22,75.93,9.18,24.75,22.59,28.86
7100,Sacramento ,95835,-121.499765,38.677579,57.77,31.52,10.69,0.0,4.93,50.01,70.3,49.55
3740,Los Angeles,90277,-118.3900604,33.8340991,26.7,71.31,62.43,0.0,54.66,9.67,23.82,11.27
4059,Orange ,92604,-117.7907468,33.6926896,60.66,61.29,39.49,0.0,59.84,18.78,24.78,15.83
4653,San Luis Obispo,93446,-120.6735277,35.6208944,42.56,7.47,21.57,0.0,28.41,50.47,23.47,29.03
4660,Fresno ,93619,-119.7204462,36.8594085,88.7,95.28,8.77,34.03,17.9,17.39,17.24,0.62
2051,Mendocino ,95449,-123.1199446,38.9359453,14.92,3.26,5.07,65.0,4.9,84.04,9.53,69.72
4160,Sacramento ,95608,-121.3017946,38.642939,63.29,30.28,9.72,0.0,15.28,74.63,40.25,23.3
3589,Santa Clara,95125,-121.8872658,37.2768712,24.88,19.3,39.78,0.0,54.83,19.84,10.73,9.27
4352,Sonoma ,95409,-122.6567845,38.4655784,10.57,8.91,61.17,1.72,52.31,39.22,23.47,39.21
3557,Riverside ,92270,-116.4468892,33.742521,88.7,6.45,10.44,12.55,71.09,22.92,19.85,52.41
5854,Ventura ,93023,-119.1567105,34.4750754,65.72,11.62,3.2,55.14,3.13,40.38,26.3,27.35
15361,San Diego,92127,-117.1044271,33.008998,50.99,29.47,56.42,31.76,69.86,7.51,17.11,8.38
5035,San Diego,92084,-117.1972424,33.1781581,42.56,21.47,18.15,66.24,21.58,23.67,27.94,29.46
3132,Placer ,95747,-121.3472556,38.7756083,63.29,18.37,12.82,0.0,19.78,31.62,74.64,42.9
5240,Santa Clara,94306,-122.128161,37.41742,11.56,17.76,73.33,0.0,70.65,3.13,5.82,20.6
3194,San Diego,92110,-117.1959381,32.7798721,35.16,47.44,59.09,0.0,87.1,34.38,10.01,16.56
4137,Riverside ,92253,-116.3122385,33.6549641,91.05,8.16,6.97,0.0,50.08,30.62,44.13,56.07
7978,Fresno ,93730,-119.7573517,36.8842337,84.58,94.67,40.04,0.0,9.06,26.17,9.11,10.44
5229,Humboldt ,95524,-124.0379,40.8054567,0.27,3.42,3.6,0.0,36.0,32.33,37.41,49.72
4924,Santa Clara,95139,-121.7615938,37.2236023,29.89,10.7,40.06,58.52,15.59,40.6,11.84,14.48
4216,San Diego,92124,-117.1102052,32.8336423,42.56,21.22,63.98,0.0,69.08,18.66,6.89,20.38
4026,Shasta ,96002,-122.334715,40.5471256,42.56,20.93,10.6,31.86,11.44,80.31,87.04,52.26
8163,San Diego,92128,-117.0854107,32.9403015,55.38,42.99,25.72,0.0,77.55,1.84,2.01,4.27
4186,Solano ,94510,-122.1678515,38.0752525,13.62,33.42,26.3,0.0,6.13,67.25,55.21,26.38
4897,Santa Clara,95132,-121.8548247,37.401826,20.85,22.84,20.02,0.0,13.98,28.4,39.89,28.42
7103,San Francisco,94127,-122.4682602,37.7283108,7.52,25.85,63.17,0.0,80.44,23.93,11.63,8.38
4880,San Luis Obispo,93465,-120.557377,35.5048639,42.59,4.84,11.74,62.86,4.48,23.7,16.16,11.03
3659,Humboldt ,95519,-124.0875839,40.9875461,0.19,3.25,7.59,48.55,10.88,65.54,83.95,56.38
5783,Sonoma ,94928,-122.6996034,38.3705141,6.38,8.97,46.89,34.24,58.94,36.99,40.91,27.56
5635,El Dorado,95726,-120.5909221,38.707909,72.83,5.4,2.43,36.86,3.43,49.76,17.63,34.21
8339,Placer ,95747,-121.331297,38.8007142,64.73,18.0,46.38,0.0,66.86,29.57,71.68,2.47
5339,Ventura ,93021,-118.8749096,34.2697479,56.96,41.12,19.03,34.31,36.14,26.11,61.69,3.54
5786,Orange ,92692,-117.629962,33.6394474,69.32,45.45,17.29,0.0,49.23,4.35,22.4,6.73
4080,Los Angeles,91390,-118.3048498,34.5152531,93.85,42.5,4.51,0.0,98.5,10.24,35.76,18.71
2624,San Francisco,94109,-122.4234011,37.7874457,3.12,27.69,99.9,0.0,85.74,42.76,11.84,13.73
7893,Orange ,92620,-117.7621304,33.7055501,63.29,61.83,35.01,0.0,26.65,9.52,40.91,23.91
5159,Alameda ,94602,-122.2022249,37.8033164,3.12,38.88,56.27,0.0,17.63,74.07,13.6,33.77
3308,Orange ,92807,-117.7923658,33.8407667,55.38,77.34,11.16,0.0,29.88,20.92,37.67,5.55
2677,Marin ,94945,-122.5352269,38.1289471,11.56,16.34,13.22,34.9,87.73,45.83,34.88,11.44
2610,San Diego,92115,-117.0929252,32.7645572,37.57,46.87,35.83,0.0,61.55,36.17,8.84,39.97
4858,Riverside ,92882,-117.5871952,33.8513313,78.01,89.57,9.51,0.0,21.8,40.32,84.52,2.47
4312,Ventura ,93010,-119.0320318,34.2331848,37.57,41.92,39.08,75.97,28.55,35.78,47.18,34.48
2294,Los Angeles,91765,-117.8483535,33.9779399,62.53,84.82,54.92,0.0,94.93,4.2,3.58,15.83
5762,Ventura ,93010,-119.0425597,34.2409148,37.57,41.89,7.21,0.0,33.59,35.78,47.18,33.77
4354,San Diego,92056,-117.2628851,33.1620932,35.16,33.8,11.6,63.76,14.81,20.64,35.41,15.33
5178,San Diego,92104,-117.1420277,32.7447819,29.89,48.41,28.36,0.0,10.29,40.8,9.78,34.92
2812,San Diego,92057,-117.3237639,33.2523944,37.57,39.03,7.43,43.1,27.79,10.78,9.0,2.91
6813,Orange ,92673,-117.6410286,33.470188,63.61,47.04,57.17,0.0,87.3,4.72,9.78,14.05
2606,San Francisco,94115,-122.4325551,37.7908976,3.12,29.61,77.83,0.0,86.43,62.67,12.38,17.19
4548,Yolo ,95691,-121.5653106,38.5075686,35.16,24.42,23.14,71.62,1.88,75.54,75.69,5.55
2235,San Diego,91916,-116.6067039,32.9424839,78.22,4.79,0.47,0.0,1.46,17.9,11.39,18.18
3560,Calaveras ,95247,-120.4761869,38.1257461,75.12,18.1,4.02,40.03,7.88,5.06,51.48,49.12
4924,Orange ,92831,-117.9021254,33.8908928,53.73,80.07,15.35,0.0,43.28,29.67,18.01,15.59
4476,Contra Costa,94523,-122.0727158,37.9504131,14.92,35.01,24.89,12.28,34.13,31.66,44.77,7.37
5133,San Diego,92126,-117.133675,32.9328144,48.45,43.24,12.99,0.0,26.91,13.31,8.33,30.04
9602,El Dorado,95682,-120.9950293,38.5829792,74.19,16.68,5.15,23.45,50.66,12.96,27.74,13.27
4486,San Francisco,94109,-122.4205531,37.7980418,3.12,30.38,94.31,0.0,35.0,30.75,5.0,27.85
6501,Los Angeles,91390,-118.4998492,34.4737154,93.63,45.35,6.24,0.0,26.93,12.62,33.29,36.55
4309,Los Angeles,90808,-118.0984125,33.8242122,29.89,64.83,23.98,26.72,49.61,23.04,44.77,4.02
3739,Solano ,94510,-122.1542954,38.0696665,14.92,32.91,45.7,0.0,7.84,67.25,55.21,12.84
7540,San Diego,92107,-117.235253,32.7451404,35.16,48.43,49.68,2.79,32.61,13.88,8.1,42.11
5011,Riverside ,92260,-116.3648175,33.7653336,91.05,7.38,30.85,0.0,57.56,13.17,25.87,56.07
3506,San Francisco,94118,-122.4564254,37.7782427,6.38,26.19,69.5,0.0,32.3,10.73,9.07,37.89
5522,Contra Costa,94553,-122.1903986,37.9544588,6.41,29.35,14.14,31.52,16.83,35.51,14.99,4.17
5951,San Francisco,94118,-122.4510358,37.7843608,3.83,25.41,65.99,0.0,44.84,21.46,6.82,7.24
2979,Placer ,95658,-121.1494119,38.8878788,74.1,7.27,23.41,55.41,47.45,14.67,18.48,13.27
5686,San Diego,92007,-117.2792618,33.0216822,37.57,42.73,76.54,36.9,84.75,8.01,22.82,25.43
3998,Santa Clara,95008,-121.9793326,37.2706408,20.85,13.81,54.7,0.0,82.1,16.48,14.89,2.68
4388,Sonoma ,95403,-122.7812918,38.5331527,11.56,7.28,54.62,77.24,48.66,26.22,21.44,43.89
7457,Sacramento ,95757,-121.4255447,38.4014985,42.56,31.5,11.01,0.0,54.26,48.16,60.42,24.17
6290,Riverside ,92253,-116.3111037,33.6653271,91.05,8.44,8.35,0.0,50.0,30.62,44.13,63.02
6903,Placer ,95631,-120.5640417,39.0828051,67.03,3.34,1.23,7.03,10.28,28.5,37.3,46.39
6031,San Diego,92122,-117.2274041,32.8599014,39.99,42.84,68.99,0.0,74.14,6.88,11.23,64.9
1026,Los Angeles,91008,-117.9688184,34.1531592,91.05,62.91,48.5,25.38,20.69,5.36,4.62,24.17
4685,Placer ,95678,-121.2771141,38.789047,65.36,16.6,62.76,0.0,84.74,33.37,66.15,28.63
3672,Yolo ,95616,-121.7510359,38.5645014,42.56,31.16,55.48,76.34,13.18,17.15,29.24,73.89
2898,San Diego,92024,-117.2920275,33.0402437,32.15,44.46,78.39,4.72,78.86,5.55,19.78,30.93
4103,Ventura ,93004,-119.1790275,34.2736288,32.15,37.11,38.53,93.72,35.78,36.14,14.89,10.72
2308,Alameda ,94551,-121.7842334,37.6912085,37.57,19.51,53.76,0.0,24.03,25.22,36.17,8.38
3076,Los Angeles,91748,-117.9256372,33.9760426,65.69,78.66,7.92,0.0,22.6,22.43,28.2,27.85
4061,San Francisco,94109,-122.4247493,37.7937758,3.12,29.61,99.07,0.0,67.11,16.59,0.75,5.92
2150,Riverside ,92264,-116.5735745,33.7649103,91.05,4.07,30.24,20.21,18.08,27.78,45.97,24.72
3915,El Dorado,95682,-120.9937862,38.6862022,76.94,17.57,4.8,3.86,14.89,32.5,30.27,57.01
4082,San Diego,92071,-116.9800224,32.8584892,64.73,44.88,12.78,0.0,30.2,35.63,30.17,26.21
3666,Sacramento ,95831,-121.5470459,38.489903,35.16,28.18,12.84,0.0,1.59,52.12,58.64,31.55
4894,Monterey ,93940,-121.9042032,36.6114328,13.62,2.76,39.33,0.0,24.45,32.78,10.52,36.8
4517,San Diego,92069,-117.124725,33.1471367,46.99,21.72,24.85,0.0,12.39,7.7,26.67,41.66
4753,Butte ,95942,-121.6693104,39.9107695,61.05,6.07,2.44,50.62,5.71,25.22,21.73,22.01
3848,Sonoma ,95465,-122.9858107,38.3754621,7.52,3.12,2.24,56.93,4.58,2.39,4.91,33.77
5606,Santa Clara,94024,-122.0894803,37.378811,14.92,13.91,49.88,0.0,59.81,3.05,11.93,5.92
6762,Orange ,92692,-117.6482115,33.5758253,67.9,44.56,17.4,0.0,58.38,9.65,43.08,19.89
4643,Shasta ,96003,-122.3425603,40.6326814,48.7,23.07,32.17,40.48,19.83,52.42,64.82,48.73
6669,Madera ,93614,-119.6833367,37.2553569,78.22,44.75,1.79,0.0,11.05,28.71,9.73,39.62
3082,Santa Clara,95139,-121.7707427,37.2293402,29.89,12.78,49.84,24.31,26.69,20.01,8.76,3.18
7074,Santa Barbara,93455,-120.425077,34.8861824,13.62,11.13,33.8,97.76,37.6,43.34,32.42,23.3
3601,Marin ,94904,-122.5282641,37.9456796,6.38,21.89,65.55,0.0,74.29,3.45,17.07,40.8
3270,Yolo ,95618,-121.6965388,38.5598935,39.99,28.9,48.95,75.41,54.79,20.69,31.84,20.95
4832,Sacramento ,95628,-121.2582304,38.6584824,65.36,20.04,48.92,32.45,50.39,44.01,35.41,23.3
6519,San Mateo,94019,-122.4708033,37.521253,7.52,13.29,8.51,89.83,24.11,62.71,63.83,15.33
6227,San Diego,91941,-116.9481393,32.7589751,59.85,47.9,10.54,0.0,35.33,22.88,10.48,32.05
4397,Santa Cruz,95062,-122.0044552,36.9696357,13.62,3.43,54.4,0.0,45.7,25.97,26.58,48.03
5691,San Diego,92126,-117.1629598,32.9147375,46.99,43.85,14.77,0.0,47.76,25.74,21.04,14.05
5244,Alameda ,94568,-121.9154401,37.7224552,24.88,22.22,36.29,0.0,36.45,19.38,11.63,14.79
3088,Los Angeles,90293,-118.4523916,33.9583368,37.57,68.56,45.72,0.0,52.3,9.18,7.42,6.73
7830,San Diego,92071,-117.0146944,32.8277308,57.06,43.81,45.95,0.0,49.0,22.15,11.84,36.42
3431,Ventura ,91360,-118.8823319,34.1996069,53.73,40.81,10.33,0.0,53.88,17.58,54.71,14.27
5599,San Bernardino,91737,-117.5932585,34.1550888,97.0,93.69,16.7,3.97,15.44,16.13,66.01,2.47
4126,Los Angeles,91356,-118.5563556,34.142864,76.94,67.95,5.5,4.31,10.53,45.43,31.46,16.82
4331,Santa Barbara,93109,-119.710835,34.39838,20.85,11.59,23.7,0.0,20.78,4.5,8.25,61.76
1431,Calaveras ,95223,-120.3311458,38.2341994,74.1,8.6,3.3,0.0,7.5,34.85,67.7,33.0
7741,Sacramento ,95757,-121.4434549,38.4013466,39.99,31.03,20.88,0.0,52.15,44.8,55.82,32.05
5576,Sonoma ,95401,-122.7983695,38.472322,10.57,6.47,35.66,79.17,29.86,31.06,19.95,15.83
2799,Sacramento ,95662,-121.2087748,38.7023418,69.32,13.18,12.5,39.24,9.25,53.32,60.59,27.35
6636,San Diego,92019,-116.9177769,32.7537863,63.61,48.54,21.68,0.03,42.26,30.07,34.18,33.98
6023,Sacramento ,95819,-121.4396846,38.5616628,44.98,38.59,74.06,6.28,81.84,18.08,20.25,18.44
3525,Alameda ,94566,-121.8685809,37.6736928,29.89,22.1,44.9,0.0,56.29,19.65,14.62,5.8
4234,Los Angeles,91307,-118.64714,34.202023,78.01,52.01,12.28,0.0,28.19,37.36,34.05,6.08
7132,Los Angeles,90254,-118.3992831,33.8575404,29.89,73.34,67.28,0.0,71.59,2.93,8.19,14.27
3258,San Diego,92008,-117.3499851,33.1547915,29.89,44.74,75.32,11.79,33.73,11.73,34.81,18.18
3914,San Diego,92122,-117.2117936,32.8521593,39.99,42.64,45.87,0.0,60.35,7.15,12.06,41.91
1277,Placer ,96143,-120.0403968,39.2614322,59.69,3.57,26.01,0.0,17.08,2.68,0.69,58.51
3270,San Luis Obispo,93420,-120.5776435,35.1084099,16.78,18.97,40.6,97.79,46.33,48.72,18.01,33.54
94,El Dorado,95720,-120.2657696,38.7295194,67.02,0.78,1.1,0.0,6.94,40.95,23.13,27.05
2741,San Luis Obispo,93428,-121.0083144,35.5566755,20.88,5.48,3.19,58.76,8.14,8.77,0.81,32.27
3064,Orange ,92887,-117.7309183,33.8940999,62.53,82.03,27.95,0.0,14.74,12.79,39.71,20.1
5671,Fresno ,93619,-119.7387496,36.8593795,88.7,95.3,43.41,0.0,18.74,27.87,5.96,11.95
4927,Sonoma ,95476,-122.4393662,38.318835,14.92,13.12,15.06,53.9,27.04,20.25,15.15,18.18
3638,San Joaquin,95242,-121.3204173,38.1305265,46.99,49.43,40.81,69.21,11.28,36.38,67.57,6.28
3213,Napa ,94558,-122.3302221,38.3307724,16.78,44.41,40.11,72.34,11.09,53.79,55.98,13.73
6561,Sacramento ,95630,-121.1676024,38.664694,71.66,11.81,33.78,0.0,37.03,20.59,50.56,40.8
4897,Orange ,92649,-118.0609493,33.7222298,26.7,59.1,13.08,0.0,36.08,20.33,43.02,9.64
3505,San Diego,92029,-117.0871019,33.0829769,50.54,15.42,58.17,57.66,80.06,7.05,45.03,4.02
4188,Placer ,95661,-121.2454961,38.7523499,66.81,16.24,73.03,21.34,81.24,41.03,53.55,20.38
2530,Ventura ,93021,-118.887996,34.2705998,53.73,41.47,39.05,66.31,20.03,26.11,61.69,4.57
2918,Yolo ,95616,-121.783716,38.5499958,42.56,32.87,15.44,72.17,3.53,17.15,29.24,83.17
3254,San Bernardino,91784,-117.6779015,34.1406476,95.27,94.54,36.4,0.0,84.96,11.8,38.96,10.72
5134,San Mateo,94402,-122.3257186,37.5614107,10.57,23.45,70.42,0.0,51.55,14.32,1.41,5.09
5275,Orange ,92646,-117.9582847,33.6425324,42.56,55.28,39.56,0.0,37.76,28.61,40.19,3.73
5585,Sacramento ,95628,-121.3002417,38.656309,63.29,29.01,32.36,0.0,44.43,46.09,34.88,27.05
6833,Orange ,92691,-117.6660675,33.6141596,67.9,37.16,40.46,0.0,51.74,15.27,47.18,7.37
5275,Riverside ,92587,-117.2550898,33.6866739,84.58,49.96,3.48,0.0,51.09,32.55,58.8,30.78
2828,San Diego,92111,-117.1810994,32.8034143,37.57,44.23,26.33,0.0,25.46,54.1,17.5,6.28
2781,San Mateo,94030,-122.4066696,37.5936829,10.57,20.31,20.35,0.0,62.81,38.2,27.74,8.68
5430,Los Angeles,91207,-118.2629218,34.1823785,78.26,59.5,10.8,0.0,49.31,3.24,18.01,14.05
6698,San Diego,91913,-116.977811,32.6499238,37.57,54.49,11.71,0.0,45.3,8.97,7.89,23.17
1590,Riverside ,92264,-116.536936,33.8050178,88.7,6.52,58.29,0.0,48.11,20.25,46.16,35.35
5937,Alameda ,94536,-122.0194346,37.5693426,14.92,22.51,44.26,0.0,67.75,31.89,29.94,12.45
5416,Santa Clara,95118,-121.887468,37.2564702,24.88,16.58,62.33,0.0,81.78,39.26,38.81,10.44
5426,Santa Barbara,93101,-119.7101634,34.434415,22.19,11.89,17.9,0.0,14.18,40.43,16.48,24.42
2152,Los Angeles,91104,-118.1135074,34.1609655,79.99,59.56,24.29,0.0,18.01,40.63,34.72,5.35
3741,Orange ,92656,-117.7222319,33.5648054,65.36,43.88,50.13,0.0,57.71,11.28,27.5,34.21
4468,Santa Clara,95008,-121.9687764,37.2902052,20.85,15.96,42.18,0.0,60.29,12.06,7.38,40.8
6898,San Francisco,94122,-122.4911676,37.760167,6.38,25.38,48.21,0.0,63.13,14.38,13.6,12.69
4297,Orange ,92630,-117.665172,33.644694,67.9,25.3,16.44,0.0,59.11,9.96,31.46,20.8
3546,Marin ,94904,-122.5253506,37.9505815,6.38,23.09,50.01,0.0,83.41,1.78,3.3,10.9
4882,Orange ,92692,-117.6356879,33.6200601,69.32,42.65,12.38,0.0,52.18,6.56,32.42,18.91
3156,Alameda ,94568,-121.9419571,37.7068544,24.88,25.04,79.53,0.0,65.6,28.83,22.23,2.2
4018,San Diego,92011,-117.3269889,33.1220083,32.15,47.32,83.31,95.45,86.63,3.8,11.08,26.67
5889,El Dorado,95684,-120.5343814,38.6035985,69.57,5.35,1.59,37.38,1.2,23.65,20.5,46.18
3628,San Mateo,94070,-122.2567366,37.4991014,6.38,17.45,72.97,0.0,64.63,13.3,16.16,5.55
3149,Nevada ,95949,-121.0640131,39.1531128,79.99,5.24,19.0,14.07,29.84,33.16,28.29,55.69
4555,Monterey ,93907,-121.6749633,36.8176147,14.92,1.57,12.33,89.72,62.2,35.99,7.02,16.04
2144,Alameda ,94703,-122.2782006,37.8802854,3.12,38.39,45.05,0.0,7.7,65.65,28.98,18.44
5677,San Diego,92065,-116.9387595,33.0052699,68.23,12.52,6.38,59.93,13.89,11.83,30.0,33.77
3422,Yolo ,95616,-121.779714,38.5577814,44.98,31.26,29.89,51.86,12.23,17.15,29.24,69.72
4674,Riverside ,92586,-117.2157958,33.7141447,91.05,50.4,11.9,5.66,7.29,37.33,59.55,43.14
6097,Contra Costa,94518,-122.0080941,37.9402165,22.19,32.88,11.41,0.0,61.65,26.77,24.55,10.72
3015,Marin ,94945,-122.5402875,38.0982314,11.56,19.04,25.58,0.0,86.28,46.1,35.26,16.56
1479,Riverside ,92260,-116.3969632,33.7156735,88.7,8.87,9.16,0.0,45.5,12.14,34.81,52.41
4402,Placer ,95661,-121.2390477,38.7658974,66.81,14.4,81.97,16.86,84.48,34.82,43.08,17.89
2615,Shasta ,96003,-122.2824461,40.661072,55.38,18.77,1.48,59.0,5.18,47.07,55.48,39.21
2622,Ventura ,93001,-119.2710679,34.2875031,29.89,29.87,77.29,0.0,10.43,60.63,26.58,19.38
3818,San Mateo,94404,-122.2576522,37.55112,6.38,25.75,15.73,0.0,38.53,8.13,24.44,20.38
2722,San Mateo,94030,-122.4181536,37.6002391,10.57,20.31,22.39,0.0,82.58,32.1,17.8,8.07
8452,Santa Clara,94087,-122.0369674,37.3448183,16.78,14.47,34.32,25.9,66.38,1.18,6.13,44.41
3893,Alameda ,94566,-121.8820197,37.6721031,26.7,21.31,22.78,11.55,32.01,20.15,15.1,9.27
3742,San Francisco,94115,-122.440799,37.789849,3.12,27.24,70.23,0.0,74.9,62.67,12.38,1.37
4190,Alameda ,94587,-122.0746719,37.5773806,13.62,25.51,39.74,0.0,7.54,69.27,72.78,21.51
4423,Orange ,92688,-117.5883002,33.6485439,70.28,50.72,22.79,0.0,27.31,6.47,43.87,17.19
11906,San Diego,92029,-117.1842996,33.0651162,40.05,15.25,17.92,70.52,22.08,1.26,5.16,21.27
5402,San Bernardino,91739,-117.556851,34.152255,97.0,93.18,18.72,16.28,82.75,6.04,32.03,7.83
3164,Los Angeles,90068,-118.3211428,34.1200812,65.69,67.52,20.76,0.0,,10.18,22.4,8.07
9244,Kern ,93312,-119.1199953,35.4102215,88.7,98.93,24.03,33.76,16.85,21.37,53.03,13.04
2915,Orange ,92867,-117.8056228,33.831656,55.38,73.35,11.21,26.31,32.09,12.23,14.52,19.38
6700,Orange ,92673,-117.6162586,33.4573102,62.53,44.48,37.39,0.0,60.89,5.81,23.69,19.38
3501,San Mateo,94402,-122.3309033,37.553366,10.57,20.98,41.23,0.0,44.6,26.89,10.36,0.09
5299,Shasta ,96007,-122.4406002,40.4595005,42.76,39.33,1.83,0.0,0.84,41.82,66.44,38.91
6269,Los Angeles,90275,-118.3868772,33.773572,24.88,61.69,26.57,0.0,44.14,1.36,6.47,20.38
5615,San Francisco,94116,-122.4901861,37.7461534,6.38,26.63,52.12,0.0,79.56,24.14,18.73,11.44
3519,Riverside ,92587,-117.2596623,33.6784416,84.58,49.73,5.74,0.0,46.16,40.91,70.23,27.05
2560,Ventura ,93001,-119.3336301,34.4083052,47.04,21.29,3.7,53.59,2.93,32.64,5.67,37.89
4806,Sacramento ,95610,-121.2615645,38.7139956,66.81,18.43,27.47,0.0,41.85,67.87,67.81,25.25
4966,Orange ,92886,-117.7948035,33.8780654,55.38,81.03,32.67,3.17,55.48,13.36,43.71,8.07
7787,Nevada ,95949,-121.0414065,39.0593586,76.94,6.73,4.14,18.66,14.06,41.18,10.52,26.21
4384,Shasta ,96073,-122.2576122,40.5229657,48.7,41.54,4.24,60.97,5.1,11.53,36.69,30.04
3065,Orange ,92691,-117.6565092,33.6322217,67.9,28.08,32.98,0.0,50.29,10.28,34.76,17.71
6275,Orange ,92660,-117.8983938,33.6281163,51.9,53.44,21.94,0.0,53.15,2.59,0.54,14.05
5067,San Diego,92122,-117.2175882,32.8626551,39.99,42.84,54.21,0.0,61.5,7.15,12.06,70.53
3534,Santa Clara,95014,-122.0493596,37.3185985,16.78,14.21,39.66,0.0,69.0,0.8,5.21,12.69
4167,San Francisco,94109,-122.4229252,37.8058607,3.12,30.38,99.96,0.0,28.15,27.57,3.85,4.02
6543,Los Angeles,91301,-118.773167,34.1610356,65.69,44.84,13.94,15.59,35.88,5.7,32.79,16.32
7443,El Dorado,95682,-120.9574313,38.6856815,78.01,14.04,7.11,38.48,41.94,24.05,22.73,37.89
6726,San Diego,92056,-117.2750748,33.229935,37.57,34.62,22.54,31.93,35.81,15.58,26.89,23.91
3623,Orange ,92692,-117.6399964,33.6452845,69.32,42.91,22.87,0.0,37.7,10.51,45.87,11.44
3370,Los Angeles,90803,-118.1232111,33.7551714,22.19,60.67,71.01,0.0,48.38,8.52,27.02,18.91
2067,San Diego,92082,-116.9122434,33.2118604,70.62,6.09,1.61,38.55,5.23,17.75,16.61,36.8
3111,San Mateo,94403,-122.3046302,37.5272052,6.38,19.56,32.3,0.0,10.06,33.72,7.83,6.73
4829,San Diego,92111,-117.1881489,32.8093223,37.57,44.36,53.65,0.0,52.51,30.07,4.46,22.22
2210,Mendocino ,95432,-123.6926693,39.1633261,13.62,4.22,1.52,0.0,0.74,13.78,17.07,55.69
6108,San Mateo,94038,-122.4994673,37.5417779,7.52,14.54,30.02,82.79,21.06,38.61,20.86,6.73
3816,San Diego,92103,-117.164543,32.7360508,29.89,49.66,66.87,0.0,20.04,41.28,14.89,19.38
4312,Solano ,94534,-122.0507327,38.2950726,26.7,19.22,45.6,15.38,91.65,60.36,27.02,2.68
1881,San Diego,92071,-117.0043675,32.8456215,59.69,44.59,55.57,0.0,24.79,35.63,30.17,23.66
3627,Riverside ,92260,-116.382169,33.7488598,88.7,7.8,47.65,0.0,58.43,5.2,7.99,47.5
4144,Contra Costa,94598,-122.031045,37.9314923,17.65,35.74,43.91,0.0,53.74,18.69,20.18,7.55
3017,Alameda ,94611,-122.2497952,37.8300772,3.12,42.69,50.16,0.0,44.26,25.65,9.65,9.27
2497,El Dorado,95682,-120.984193,38.6628212,78.01,18.41,10.65,15.34,63.03,44.64,42.02,37.16
7188,Placer ,95713,-120.952832,39.0578866,74.1,7.72,14.19,0.0,26.34,36.42,8.84,42.61
5996,Orange ,92648,-118.0201434,33.6791148,32.15,58.32,21.42,66.62,40.03,29.06,39.62,2.68
7344,Santa Clara,95124,-121.9143194,37.2427781,24.88,13.64,23.06,0.0,59.46,16.38,11.65,12.69
6737,Orange ,92656,-117.7339145,33.5791773,65.36,44.17,33.93,0.0,53.76,11.28,27.5,19.89
7185,Los Angeles,90275,-118.3131837,33.7616705,17.65,63.22,35.33,0.0,61.2,3.84,5.75,15.83
5139,Los Angeles,91011,-118.1988193,34.1933667,79.99,57.3,52.47,0.0,56.86,5.67,5.67,4.27
5048,San Francisco,94122,-122.4597306,37.7642357,6.38,23.21,53.73,0.0,37.28,23.93,4.75,29.74
7389,Santa Clara,95129,-121.9904291,37.3011234,20.85,15.53,25.38,0.0,50.55,4.6,14.63,4.72
5160,San Diego,91902,-117.0130151,32.6602275,32.15,52.79,16.73,0.0,45.41,16.67,9.53,13.52
3467,Ventura ,91361,-118.8464045,34.1376331,60.93,42.25,37.0,0.0,74.36,5.23,22.1,14.05
5696,Los Angeles,91354,-118.5520012,34.4538482,91.05,46.15,7.88,0.0,53.39,7.45,17.58,23.66
1985,Placer ,95747,-121.3197295,38.7668105,64.73,18.51,40.56,0.0,61.03,14.38,40.54,50.85
5338,Orange ,92648,-118.0288122,33.6926411,26.7,58.02,13.2,35.34,38.69,16.29,26.15,2.91
5376,San Francisco,94117,-122.4377358,37.7703481,3.83,25.26,74.01,0.0,52.95,41.34,10.9,15.83
5933,Tuolumne ,95346,-120.0887219,37.9292989,75.12,6.06,0.72,49.0,8.63,41.6,36.0,39.4
4495,Santa Clara,95148,-121.7977322,37.3413456,24.88,20.42,17.01,7.28,15.75,44.37,37.87,27.35
3388,San Mateo,94044,-122.4730154,37.6187444,10.57,17.22,10.32,0.0,55.56,56.64,25.21,4.57
2097,Riverside ,92234,-116.4514939,33.7835901,88.7,7.18,11.11,0.0,60.79,22.92,26.76,55.11
5691,Santa Barbara,93455,-120.4066431,34.8571727,13.62,9.52,19.14,81.24,36.78,43.34,32.42,29.74
3425,Orange ,92648,-118.0028287,33.6610404,32.15,58.34,45.86,0.0,22.49,29.06,39.62,20.1
7141,Orange ,92808,-117.7320838,33.8373291,59.85,68.21,7.37,0.0,63.25,5.51,9.38,2.6
6947,Santa Clara,94087,-122.0416426,37.3646098,16.78,13.84,60.78,10.41,53.68,2.22,11.63,3.07
3195,Santa Clara,95129,-122.001903,37.3019066,20.85,16.07,45.04,0.0,40.36,4.51,14.57,0.45
4244,San Diego,92107,-117.243159,32.751974,32.15,49.12,48.2,0.0,66.18,13.92,8.1,61.65
5257,Ventura ,91320,-118.973834,34.1645363,42.76,39.29,3.47,2.76,12.9,9.52,34.35,1.19
4114,Contra Costa,94505,-121.6070438,37.9005821,44.98,26.45,11.09,75.21,17.41,32.55,54.71,21.51
3024,Napa ,94558,-122.2799612,38.4071166,17.87,19.46,9.28,68.31,21.7,43.42,41.85,5.35
4035,Solano ,94533,-122.0150107,38.2840121,26.7,18.72,8.5,0.0,6.45,98.06,81.09,10.72
7844,Los Angeles,90266,-118.3876372,33.8802482,29.89,74.82,57.65,5.14,73.79,1.82,8.84,7.24
2996,Sacramento ,95624,-121.3121535,38.4344264,47.38,19.37,11.06,65.72,11.26,28.91,51.38,19.89
2937,San Benito,95023,-121.360018,36.80466,22.19,0.98,5.84,54.69,6.4,72.58,97.72,5.8
3633,Sonoma ,95476,-122.451008,38.2867715,13.62,15.21,30.5,66.03,10.54,24.75,22.59,35.93
6862,Los Angeles,90275,-118.3696354,33.74354,17.87,57.77,6.2,37.03,22.25,1.43,5.87,7.06
4446,Ventura ,91362,-118.8320102,34.1843442,59.69,41.27,35.13,0.0,65.76,14.96,19.68,1.43
4500,Ventura ,91362,-118.8063659,34.2093962,62.66,41.1,4.62,0.0,45.95,13.43,16.75,16.82
4145,San Francisco,94117,-122.4290086,37.7713294,3.83,24.82,82.54,0.0,48.45,33.28,3.66,27.85
4472,San Diego,92116,-117.1417318,32.7603326,35.16,47.69,55.86,0.0,39.3,33.82,6.02,37.4
6004,Orange ,92673,-117.6277736,33.4663648,62.53,46.46,30.79,0.0,71.75,5.81,23.69,8.07
5742,Orange ,92692,-117.6288774,33.651777,69.32,48.74,27.37,0.0,42.53,4.81,27.82,8.98
4788,Solano ,95688,-122.0115118,38.3703216,35.16,12.01,6.71,59.69,4.41,89.18,70.6,14.05
7992,Santa Clara,94305,-122.1679203,37.4143048,11.56,15.66,76.35,46.48,52.08,0.25,4.46,11.27
732,Los Angeles,91362,-118.7998264,34.1572716,63.29,43.92,46.86,0.59,81.66,7.84,9.33,9.85
1836,Los Angeles,91326,-118.5460083,34.2943135,95.27,53.17,9.45,0.0,2.15,19.34,55.45,
5437,Ventura ,93012,-118.942056,34.2406625,48.6,38.9,8.79,94.72,70.0,7.23,20.25,6.08
5145,Sonoma ,94954,-122.6437532,38.2766584,10.57,11.74,13.88,26.55,50.06,35.95,46.42,6.73
7420,Riverside ,92883,-117.4191978,33.7167372,78.22,55.23,7.6,0.0,97.03,16.14,60.71,38.33
7213,Los Angeles,90290,-118.6226938,34.0891923,69.57,52.91,4.31,44.83,32.65,2.78,3.66,11.95
1359,Plumas ,96103,-120.6678548,39.7565884,69.61,8.92,2.15,41.66,1.65,47.52,31.03,38.13
4092,San Francisco,94123,-122.4447181,37.8049898,3.12,29.83,74.92,0.0,63.58,4.01,4.1,5.35
8367,Sonoma ,95404,-122.7071615,38.4857501,10.57,7.5,18.13,56.14,40.9,33.61,24.89,1.75
6673,San Diego,92128,-117.0511483,33.0414758,56.96,15.16,17.3,74.59,15.16,5.33,7.28,24.42
4684,Santa Cruz,95017,-122.1775027,37.102398,14.92,3.76,4.26,82.86,10.1,4.54,3.88,44.87
4896,Santa Clara,95121,-121.788561,37.3011016,24.88,20.66,8.75,0.0,39.9,35.11,29.05,7.55
11078,San Diego,92130,-117.1889651,32.9511062,46.99,42.4,59.4,24.0,43.53,0.75,1.65,14.66
2124,Marin ,94920,-122.4672874,37.8713791,3.83,29.02,54.18,0.0,15.46,8.55,11.44,1.75
3704,San Diego,92026,-117.0867344,33.1501424,53.73,16.38,21.62,0.0,22.98,15.88,32.54,47.75
5783,Nevada ,95975,-121.1801765,39.24605,79.99,5.79,3.0,9.1,,27.38,27.85,44.62
4621,San Luis Obispo,93446,-120.9347036,35.7303268,29.94,3.52,0.36,39.31,6.5,36.7,14.94,30.78
4030,Los Angeles,91024,-118.0567151,34.1748536,91.05,65.07,8.3,0.0,4.95,6.82,3.88,4.4
2620,Santa Barbara,93441,-120.0260903,34.70434,22.22,2.23,0.93,54.52,1.84,22.31,11.17,30.04
4238,Orange ,92886,-117.7814573,33.8969724,56.96,83.21,57.3,0.0,17.95,14.1,45.8,8.38
5024,Los Angeles,90278,-118.3749726,33.8764601,29.89,82.07,35.81,0.0,76.93,21.83,36.86,15.33
7956,San Luis Obispo,93422,-120.6714705,35.4779752,26.7,3.83,23.86,34.59,67.16,39.72,16.48,34.92
2895,Alameda ,94611,-122.2536542,37.8232774,3.12,45.19,85.02,0.0,66.25,28.5,11.93,26.38
4292,San Francisco,94115,-122.4387455,37.7936676,3.12,27.24,85.0,0.0,30.74,24.34,1.76,1.75
4387,Santa Clara,95130,-121.9693447,37.2973663,20.85,16.84,43.85,0.0,61.78,10.02,2.26,32.05
7290,Marin ,94947,-122.5861373,38.098306,10.57,16.59,15.21,0.0,7.45,44.09,28.98,30.78
3760,San Mateo,94044,-122.508165,37.5910371,10.57,18.38,10.68,10.48,62.09,61.35,31.03,4.17
8487,Orange ,92660,-117.8557753,33.621174,56.96,52.63,28.74,0.0,74.95,2.75,1.92,15.33
4259,Los Angeles,90503,-118.3702822,33.8530266,24.88,71.8,57.05,0.0,43.85,5.61,7.02,23.17
4067,Orange ,92656,-117.7170668,33.5832392,66.81,41.26,64.52,0.0,72.35,11.28,27.5,27.35
4254,Orange ,92626,-117.9136205,33.6619896,50.54,56.9,55.89,0.0,56.01,21.92,13.82,15.33
3014,Santa Barbara,93108,-119.6388981,34.4256454,22.19,10.94,43.43,71.9,43.44,1.52,3.07,16.32
6813,San Diego,91901,-116.7811501,32.8287974,78.01,11.25,26.0,0.0,18.44,12.41,17.34,45.74
6597,San Diego,92025,-117.0388245,33.0998055,55.38,11.16,23.92,67.52,32.21,31.74,32.12,8.07
10803,Orange ,92675,-117.6004507,33.5436042,66.96,44.7,20.55,64.97,54.01,3.14,25.35,6.92
5761,Santa Clara,94306,-122.1302624,37.4087599,13.62,15.22,63.9,28.14,75.34,1.87,3.43,24.92
4721,Placer ,95747,-121.3640005,38.7391442,63.29,21.26,14.98,7.48,13.95,27.14,65.79,41.91
4205,San Bernardino,91784,-117.6607959,34.1280325,93.63,96.64,34.23,0.0,86.11,14.69,40.19,5.55
5108,Los Angeles,91030,-118.1449225,34.108241,71.66,58.92,33.96,0.0,41.19,10.56,7.74,21.51
6215,Orange ,92677,-117.695926,33.5170508,64.73,42.45,12.51,0.0,27.89,8.4,22.05,53.48
7668,Placer ,95650,-121.1999804,38.8271204,69.32,10.43,41.33,27.1,40.63,16.05,47.88,18.44
2659,Yolo ,95616,-121.7555757,38.5536229,42.56,32.07,33.19,33.17,15.76,17.15,29.24,78.88
3871,Sacramento ,95819,-121.432632,38.5777705,46.99,38.29,66.38,1.52,44.2,26.48,20.86,19.12
3342,Riverside ,92211,-116.3388596,33.7388712,91.05,7.06,18.07,7.93,53.73,21.19,18.98,44.87
5653,Santa Clara,95123,-121.8352576,37.2384727,29.89,15.01,21.19,0.0,67.69,58.37,43.02,6.28
2748,Riverside ,92264,-116.5369045,33.7941045,88.7,6.8,8.6,0.0,34.19,20.25,46.16,51.09
3271,San Diego,92116,-117.1196457,32.7696657,35.16,45.99,84.11,0.0,88.33,29.61,4.22,13.52
7827,San Diego,91902,-116.9849399,32.6833235,40.05,52.21,13.55,0.0,29.26,8.24,6.37,22.47
5217,Fresno ,93619,-119.5618119,37.004659,84.58,57.78,1.07,26.41,4.86,10.99,5.3,39.21
3674,Orange ,92691,-117.6540509,33.6185325,67.9,34.95,45.71,0.0,52.36,9.12,32.9,21.51
2522,Trinity ,96052,-122.7826336,40.8451769,48.51,0.88,1.44,28.79,0.33,38.3,36.71,69.08
2666,Nevada ,95949,-121.1052406,39.1744248,79.99,4.57,3.77,15.17,8.25,25.65,17.5,39.97
3482,Los Angeles,91355,-118.545361,34.3971022,93.63,48.01,51.54,0.0,69.75,23.99,36.69,5.55
9456,San Diego,91935,-116.9017298,32.7210437,61.08,47.65,5.56,5.76,21.85,5.43,13.68,10.72
3760,San Diego,92037,-117.2778263,32.8329093,39.99,47.49,24.87,0.0,14.48,5.05,1.52,22.22
6455,San Diego,92071,-117.0284232,32.9019274,58.34,38.03,10.94,42.52,69.21,0.82,1.05,10.14
4027,Santa Clara,95148,-121.7629797,37.3488066,26.7,11.56,5.28,29.45,2.04,27.38,12.74,20.8
6000,Placer ,95648,-121.3262772,38.8545204,64.73,12.32,34.66,48.0,13.75,28.2,63.31,12.69
3389,Los Angeles,90210,-118.4005365,34.1171681,66.96,58.58,23.68,0.0,55.55,3.48,12.79,8.24
6073,Los Angeles,91108,-118.0983767,34.1273015,76.94,58.52,10.04,0.0,29.38,1.05,1.57,10.9
8131,Orange ,92688,-117.6187322,33.617141,69.32,47.22,16.23,0.0,61.26,6.47,43.87,16.32
7041,Orange ,92807,-117.7654493,33.8356458,56.96,74.03,7.44,0.0,25.28,16.44,27.24,6.73
3187,Los Angeles,90066,-118.4382414,34.0166822,46.99,63.19,63.45,0.0,46.04,22.08,29.77,11.03
834,Santa Barbara,93117,-119.8811091,34.4174077,20.85,10.11,31.89,0.0,7.63,25.92,41.16,50.01
9613,Orange ,92688,-117.6147713,33.663982,69.32,51.47,15.27,39.17,35.4,3.85,25.74,4.02
7493,San Diego,92065,-116.8524089,33.0396539,72.83,8.15,9.86,41.21,8.49,17.31,48.48,29.21
3876,Sonoma ,95448,-122.8571471,38.618985,16.78,5.23,20.3,52.0,30.84,35.32,24.1,11.95
3305,San Diego,92064,-117.0315378,33.0012075,59.69,34.45,5.89,0.0,24.29,15.65,28.12,1.19
2735,Santa Clara,95125,-121.9206788,37.2980264,20.85,21.57,21.06,0.0,58.78,13.42,4.8,27.56
3408,Santa Clara,95120,-121.8583281,37.2147347,29.89,12.63,43.62,0.0,40.23,6.62,16.33,1.19
3445,Los Angeles,91387,-118.395844,34.4620693,97.0,49.09,4.22,0.0,82.96,30.0,26.41,15.83
6833,Santa Clara,94303,-122.1218431,37.4375758,11.56,19.69,67.34,0.0,85.2,42.06,10.98,1.98
9116,San Francisco,94122,-122.4991499,37.7576269,6.38,28.87,52.0,0.0,37.63,11.3,8.76,17.89
5543,Santa Clara,94303,-122.1325201,37.4457476,10.57,17.62,53.52,0.0,76.68,49.33,16.94,3.54
2444,Mono ,93517,-119.1246145,38.2185656,47.02,0.02,0.49,24.14,0.75,1.98,16.65,39.62
4170,San Diego,92127,-117.0847186,33.0281424,53.73,20.65,65.92,52.48,64.84,6.11,14.1,31.26
1378,Los Angeles,90803,-118.1289701,33.7508616,20.85,60.67,50.72,0.0,7.34,8.52,27.02,17.89
8746,Santa Cruz,95066,-122.0142312,37.0741254,17.65,4.09,14.96,15.9,73.34,12.04,22.99,16.04
2990,Contra Costa,94598,-122.019661,37.9200316,17.65,35.07,47.72,0.0,44.95,20.2,33.0,0.83
6113,Orange ,92705,-117.7699603,33.7768438,58.23,64.87,7.64,0.0,24.48,31.51,36.83,10.14
5953,Sacramento ,95693,-121.1689727,38.3858209,57.09,15.52,3.68,74.45,1.1,20.03,37.08,28.17
7688,Contra Costa,94583,-121.982097,37.7679943,17.65,22.74,71.71,10.9,87.76,18.54,14.74,4.02
7226,San Diego,92014,-117.2502783,32.9516034,42.56,44.29,63.35,0.31,94.2,0.36,6.13,4.91
5727,Butte ,95954,-121.6191977,39.8274126,69.32,5.58,2.22,0.0,4.2,56.37,89.05,46.39
7277,Orange ,92656,-117.7293374,33.5601414,65.36,44.72,29.94,0.0,45.86,11.28,27.5,9.85
5431,Orange ,92708,-117.9736643,33.6940356,39.99,60.05,27.72,49.66,40.93,15.85,26.76,11.27
3835,Orange ,92663,-117.944056,33.6463408,46.99,55.41,54.61,0.0,61.58,9.93,0.79,20.38
1308,Contra Costa,94530,-122.3087345,37.9274762,3.12,36.22,33.4,0.0,31.4,41.97,19.48,11.95
2782,Orange ,92886,-117.7692769,33.8986741,59.69,85.66,7.28,0.0,22.34,7.29,24.21,0.74
4107,Alameda ,94539,-121.9027992,37.5273674,20.85,16.45,23.36,15.72,86.15,10.33,32.24,9.27
2551,Santa Clara,95035,-121.8706784,37.4335965,20.85,19.39,14.08,50.0,5.44,23.83,42.81,19.38
3168,San Diego,92116,-117.133414,32.7652989,35.16,46.38,96.53,0.0,81.18,31.88,5.36,27.56
2811,Kern ,93312,-119.1367221,35.3762338,91.05,98.99,21.22,0.0,26.05,13.16,37.18,11.95
3775,San Mateo,94404,-122.2630195,37.5606971,6.38,25.75,72.72,0.0,38.16,8.13,24.44,1.88
6014,Los Angeles,91214,-118.2325716,34.2442558,91.05,55.92,5.99,25.72,1.4,18.63,31.46,5.55
5104,Sacramento ,95610,-121.2551672,38.7059233,65.36,17.78,25.97,9.07,27.1,66.81,66.54,30.78
6510,Sonoma ,95409,-122.6753429,38.4670566,10.57,9.32,66.17,0.0,42.68,24.38,10.01,36.8
2970,San Mateo,94062,-122.2487924,37.4403446,7.52,12.97,27.49,25.45,75.48,5.91,1.46,17.19
3017,Los Angeles,90277,-118.3903264,33.8222769,26.7,71.13,56.08,0.0,38.56,9.67,23.82,7.83
3564,Santa Clara,95008,-121.9669404,37.2646993,22.19,13.76,77.47,0.0,74.84,10.84,13.27,17.19
3729,San Luis Obispo,93449,-120.6698317,35.1545689,14.92,12.3,44.6,36.31,86.5,12.49,25.5,20.38
3923,San Diego,92027,-117.0765852,33.1535702,55.38,13.79,55.92,20.14,12.41,19.29,28.45,30.29
5737,Sonoma ,94951,-122.6340481,38.3441037,7.52,9.01,10.57,61.14,20.46,23.54,19.68,21.27
1679,Placer ,95747,-121.3520569,38.7846135,63.29,17.05,25.46,0.0,15.14,31.62,74.64,37.64
2731,Butte ,95954,-121.6019972,39.8262662,69.32,5.25,8.18,0.0,4.45,57.23,89.79,68.48
7480,San Diego,92126,-117.1578602,32.9234425,46.99,41.85,16.91,0.0,16.06,22.15,16.33,19.89
2433,San Diego,91941,-116.9918436,32.7561469,50.99,48.87,25.95,0.0,36.09,27.22,6.89,25.98
3197,Placer ,95648,-121.282875,38.8721495,66.81,11.96,7.84,0.0,26.06,28.2,63.31,31.55
6421,Ventura ,91362,-118.8196834,34.223312,62.66,40.15,18.17,13.34,78.79,8.19,7.38,3.18
3859,Santa Clara,95020,-121.7106173,37.0468198,24.94,4.29,0.88,70.48,7.49,33.01,33.29,9.46
5938,Santa Barbara,93105,-120.020725,34.5630379,20.88,5.18,3.83,47.72,13.29,34.28,25.07,36.98
2630,San Luis Obispo,93430,-120.8898032,35.4395337,14.92,6.57,11.82,50.41,9.34,35.9,15.93,40.8
2620,Orange ,92692,-117.6535608,33.5812401,67.9,46.14,28.13,0.0,44.96,10.51,45.87,9.27
4465,Orange ,92677,-117.7268281,33.5002639,63.29,42.89,11.61,0.0,46.91,4.97,9.78,15.83
4508,Orange ,92705,-117.8074364,33.7672498,59.69,69.11,10.21,0.0,15.13,38.3,34.72,1.52
4824,Orange ,92691,-117.6672345,33.6050678,67.9,40.88,56.34,0.0,55.33,14.84,46.32,5.8
6189,Alameda ,94542,-122.0458797,37.6552403,14.92,20.21,25.63,0.0,55.26,22.47,8.76,25.43
4122,Santa Clara,94087,-122.0178787,37.3445479,16.78,15.67,55.05,0.0,66.91,2.22,11.63,11.67
6315,Santa Barbara,93105,-119.7296812,34.4449009,24.88,10.74,30.99,0.0,16.18,20.97,6.13,22.93
4985,San Mateo,94062,-122.2412328,37.4844567,7.52,14.84,56.94,0.0,40.28,10.28,2.26,14.27
4217,Orange ,92808,-117.7543976,33.8549585,59.69,76.0,33.23,0.0,93.08,4.94,10.74,9.27
5674,Santa Clara,95124,-121.93624,37.24693,24.88,13.45,58.22,0.0,59.25,13.22,8.69,8.24
3642,San Mateo,94403,-122.311952,37.5342151,7.52,22.2,39.07,0.0,12.75,45.16,15.45,9.85
4037,San Diego,92131,-117.0954837,32.9193342,53.73,41.94,33.02,0.0,24.16,4.66,10.22,7.06
5394,Placer ,95765,-121.2774336,38.8000444,65.36,16.75,28.99,0.0,32.83,11.65,28.83,23.3
5521,Orange ,92675,-117.645955,33.5244496,66.81,44.16,36.15,51.07,92.79,8.31,38.11,4.57
7115,San Diego,92009,-117.233336,33.077855,37.57,28.95,19.99,59.55,54.89,1.76,10.58,3.33
6793,San Luis Obispo,93453,-119.9980217,35.2199659,59.93,4.7,2.29,73.28,3.88,21.88,8.49,29.46
5033,Riverside ,92270,-116.4163763,33.7755085,88.7,7.62,13.15,0.0,37.23,22.67,19.35,38.91
2847,Sacramento ,95662,-121.2564915,38.6845185,65.36,18.23,29.28,0.0,30.44,48.24,50.64,35.15
1527,Orange ,92663,-117.9163437,33.6123827,50.54,53.73,34.67,0.0,84.29,15.27,16.33,13.73
5610,Solano ,95687,-121.9444369,38.3401253,35.16,10.26,19.91,36.79,14.04,83.44,68.1,11.95
4813,Los Angeles,90064,-118.404305,34.043325,48.7,68.54,40.34,0.0,73.84,9.58,10.82,7.37
3007,San Diego,92129,-117.144382,32.9411064,48.45,42.61,21.74,0.0,67.08,15.75,30.45,1.06
4859,San Diego,92024,-117.2532768,33.0526994,37.57,40.16,30.16,32.17,36.41,6.94,25.5,1.19
2686,San Diego,92131,-117.067832,32.9301327,56.96,40.58,6.52,0.0,59.41,3.0,5.43,7.06
2526,Orange ,92653,-117.6841854,33.5831592,67.9,42.48,36.23,0.0,87.06,20.73,33.67,17.19
6753,San Diego,92129,-117.160587,32.9525769,50.54,41.77,18.29,21.28,67.9,14.11,26.89,2.34
5668,Solano ,95687,-121.9443575,38.3572485,35.16,9.1,24.38,48.76,17.93,83.44,68.1,2.12
3782,Sonoma ,95409,-122.6641385,38.4784138,10.57,9.45,10.49,52.62,12.49,42.25,27.41,58.62
5312,Santa Cruz,95005,-122.091668,37.0994152,15.05,3.46,3.9,0.0,23.04,6.16,5.82,46.18
6578,Santa Cruz,95062,-121.9700357,36.9597176,13.62,3.62,16.35,0.0,19.88,25.42,25.5,48.44
7880,San Diego,92120,-117.0489527,32.7864961,42.76,45.91,31.09,0.0,43.99,19.83,9.07,24.17
7186,Ventura ,93065,-118.7737363,34.2261536,66.96,40.62,6.33,0.0,17.05,29.32,32.6,19.12
8456,Santa Clara,95124,-121.9426217,37.2581371,22.19,14.79,62.5,0.0,75.03,10.03,5.75,7.24
1739,Orange ,92612,-117.7890788,33.6520157,62.53,53.65,6.46,17.24,94.25,1.13,0.55,17.89
8045,San Mateo,94065,-122.2418801,37.5432736,6.38,21.82,9.55,0.0,39.31,3.19,9.92,6.92
2982,Los Angeles,91436,-118.4786421,34.1404819,75.3,65.14,61.77,0.0,98.75,10.09,23.13,2.91
3183,Riverside ,92270,-116.4318477,33.825793,88.7,6.29,42.19,0.0,75.39,17.9,15.1,28.63
3804,San Francisco,94112,-122.4571587,37.7286172,6.38,27.41,54.86,0.0,25.63,32.9,9.92,10.14
6182,Placer ,95746,-121.1936951,38.73169,69.32,12.66,22.65,49.76,37.53,20.41,34.26,2.12
5852,Alameda ,94566,-121.8647522,37.6602817,26.7,19.81,22.38,0.0,31.43,20.15,15.1,19.6
5692,Madera ,93614,-119.7721217,37.1853582,79.99,59.25,2.07,21.45,34.43,30.82,10.58,41.03
8331,Kern ,93314,-119.0955184,35.4306701,91.05,98.88,42.6,76.72,35.5,19.68,31.68,0.74
7004,Santa Barbara,93105,-119.6645571,34.4611878,22.33,7.42,10.59,11.45,7.94,3.76,0.82,42.24
2776,Calaveras ,95223,-120.3934638,38.1924839,74.1,10.62,5.91,3.55,9.35,14.1,58.69,40.8
3987,San Diego,92056,-117.2666754,33.1752541,35.16,33.73,16.45,70.93,12.63,18.03,30.75,20.38
3983,Sonoma ,94954,-122.6401777,38.2654848,10.57,13.25,50.32,0.0,11.63,41.43,55.4,15.03
4089,Orange ,92651,-117.7443955,33.528328,63.29,42.44,16.15,0.0,69.09,8.24,3.71,14.48
8876,San Diego,91914,-116.9524957,32.6537849,42.76,54.14,10.7,0.0,29.73,2.33,6.61,15.33
4271,Sonoma ,94954,-122.6067891,38.2440564,10.57,14.41,30.95,0.0,49.71,41.43,55.4,21.72
5041,Sacramento ,95830,-121.2914003,38.4655654,48.7,18.34,12.58,64.9,11.94,34.52,49.25,8.98
2940,Contra Costa,94530,-122.2954872,37.9242735,3.12,33.57,15.3,0.0,14.14,34.41,9.45,15.59
7121,Los Angeles,91108,-118.1222337,34.1202462,75.3,54.69,14.21,0.0,24.38,1.06,1.17,14.27
2673,Santa Clara,95125,-121.9147109,37.2902332,22.19,20.75,14.44,0.0,44.74,20.05,10.48,6.28
5121,Orange ,92656,-117.732059,33.5918953,65.69,45.14,41.88,0.0,65.7,9.78,21.52,8.24
2675,San Mateo,94403,-122.2825353,37.5317305,6.38,21.63,74.05,0.0,90.46,11.7,0.64,13.73
3591,Sacramento ,95628,-121.2539353,38.6708781,66.81,18.2,31.69,32.55,45.6,36.53,25.62,39.82
3251,El Dorado,95667,-120.9351333,38.7788639,76.94,12.02,3.96,53.48,4.53,27.06,17.07,23.91
5845,Los Angeles,90266,-118.4171775,33.8933341,32.15,70.35,71.25,0.0,24.9,2.37,16.75,6.28
5316,Humboldt ,95503,-124.1483154,40.7691596,0.27,5.16,9.32,0.0,11.55,75.56,81.39,42.41
5091,Los Angeles,90274,-118.383478,33.7977558,26.7,61.89,11.89,51.31,47.78,1.69,5.5,13.73
4775,Sacramento ,95662,-121.2349624,38.6713445,66.81,16.73,39.88,6.9,38.21,46.02,44.68,21.51
3826,Alameda ,94546,-122.0837445,37.7229094,11.56,27.97,9.37,19.31,6.41,70.6,58.21,5.35
5054,San Diego,92129,-117.0908369,32.9901496,53.73,40.36,73.62,0.0,81.31,2.93,2.97,15.83
3244,Sonoma ,95492,-122.8020356,38.5525461,13.62,5.15,46.57,62.83,22.13,43.15,54.96,40.34
8635,Contra Costa,94521,-121.9702207,37.9368163,26.7,26.07,4.56,0.0,55.05,44.42,31.99,4.17
7211,Los Angeles,90278,-118.3812877,33.8699758,26.7,74.69,52.64,0.0,70.85,12.52,20.78,10.44
1622,Placer ,96161,-120.130439,39.2756925,59.69,7.03,7.7,40.69,16.78,13.8,1.0,11.67
7981,Contra Costa,94582,-121.9127563,37.7631598,26.7,23.36,4.77,0.0,35.19,12.84,24.44,22.93
3570,Orange ,92870,-117.8351052,33.8843552,55.38,82.7,58.77,0.0,29.08,11.45,20.78,16.56
5286,San Diego,92119,-117.0134472,32.8085467,53.73,45.61,50.59,0.0,29.24,28.07,23.19,14.05
2219,San Mateo,94025,-122.1886855,37.4439637,10.57,13.99,48.26,0.0,19.91,21.88,9.17,7.37
3191,San Diego,92122,-117.2264811,32.8472028,39.99,43.58,77.9,0.0,62.5,3.58,3.71,2.12
3600,Contra Costa,94518,-122.0423399,37.9413456,17.65,35.36,17.8,0.0,19.3,35.68,30.86,11.27
4261,San Diego,91913,-116.9935066,32.6481404,37.57,54.15,30.37,0.0,60.49,7.88,3.85,23.91
6781,Santa Clara,95132,-121.8596884,37.4093269,20.85,20.57,15.88,0.0,14.76,28.4,39.89,12.16
3974,Orange ,92646,-117.9580722,33.6650486,42.56,57.19,16.29,0.0,51.83,28.61,40.19,28.17
5808,Santa Clara,95123,-121.8445177,37.2410831,26.7,14.8,19.19,0.0,26.66,58.86,43.58,18.71
1111,Los Angeles,91390,-118.3491278,34.5927585,91.05,17.39,1.03,0.0,1.73,12.14,35.56,32.27
2716,Santa Barbara,93455,-120.4778503,34.8835245,13.62,10.06,27.92,99.48,1.48,43.2,32.12,2.73
2477,Placer ,95765,-121.2687886,38.8098522,66.81,16.22,11.62,0.0,21.26,19.69,48.22,35.15
2736,San Diego,92118,-117.182643,32.6906311,29.89,52.27,59.69,0.0,43.43,14.67,3.43,30.78
5914,San Francisco,94122,-122.4692415,37.7569429,6.38,26.47,63.4,0.0,75.7,9.26,5.82,28.17
3191,San Bernardino,91784,-117.6586491,34.1545422,95.27,93.75,15.07,48.62,0.81,12.51,42.22,9.85
2071,San Diego,91913,-116.9844864,32.6590401,37.57,53.27,4.09,0.0,32.2,3.34,1.11,18.44
3112,Alameda ,94550,-121.787947,37.6721084,35.16,19.8,33.62,5.0,25.81,27.01,33.5,8.68
5006,San Luis Obispo,93401,-120.6236236,35.2739653,16.78,9.98,14.56,16.17,,40.55,16.84,52.11
4978,Santa Clara,94043,-122.0596831,37.3914662,14.92,15.36,84.21,0.0,71.76,6.79,14.01,5.35
4176,Monterey ,93923,-121.8059271,36.5623469,11.56,1.56,15.61,31.69,66.94,8.56,0.51,3.07
2772,Riverside ,92260,-116.3693669,33.7324563,88.7,8.81,31.96,0.0,63.89,8.29,18.98,54.95
4123,Contra Costa,94526,-121.9862797,37.8199841,22.19,28.67,73.49,0.0,85.39,12.31,15.45,2.34
3673,San Diego,92109,-117.2400754,32.7883849,35.16,47.82,19.68,0.0,50.26,6.42,12.99,33.2
5175,Orange ,92672,-117.5947849,33.4458787,60.66,41.88,12.06,0.0,22.04,7.54,26.15,19.12
4224,Marin ,94941,-122.5225708,37.899975,6.38,26.75,55.31,0.0,78.1,2.57,4.0,17.71
1997,Ventura ,91320,-118.986805,34.1023158,48.51,35.2,3.35,43.59,2.51,2.72,10.63,14.05
3054,Santa Cruz,95005,-122.0886342,37.080028,16.78,3.15,17.41,0.0,31.75,11.04,7.74,47.32
8763,Contra Costa,94517,-121.9288441,37.9505922,32.15,23.1,4.7,36.93,38.93,34.57,26.76,3.73
6517,Riverside ,92241,-116.2439847,33.8022017,91.05,6.01,0.9,43.34,3.93,19.17,33.55,32.79
4781,Santa Cruz,95018,-122.0465656,37.0960709,17.65,3.87,2.28,16.9,21.98,4.13,3.71,21.51
5614,Los Angeles,91011,-118.1926568,34.2181704,84.58,56.25,22.58,0.0,2.68,6.78,8.66,8.53
1785,Shasta ,96001,-122.4511152,40.5171512,39.99,16.69,2.49,0.0,1.16,73.79,73.37,20.8
3096,Placer ,95661,-121.2543801,38.7237694,66.81,17.87,34.85,0.0,25.78,48.21,62.05,27.85
3848,Orange ,92886,-117.7847204,33.8699584,55.38,81.07,65.85,0.0,14.38,14.1,45.8,21.27
4405,Los Angeles,90077,-118.4698011,34.1017214,69.57,59.38,58.54,31.14,99.55,0.4,0.44,0.29
7097,San Mateo,94025,-122.1619788,37.4623955,10.57,15.2,53.49,0.0,77.29,20.87,8.1,19.12
1011,Orange ,92675,-117.5055177,33.6466007,71.8,50.58,2.58,47.86,13.15,1.67,8.39,16.56
9547,Ventura ,91320,-118.9727464,34.1780435,42.56,39.85,11.46,54.21,47.24,8.28,29.77,14.79
3764,San Diego,92122,-117.1962537,32.8583742,39.99,42.39,81.39,61.52,74.11,7.15,12.06,12.16
6965,San Mateo,94061,-122.2335642,37.4662884,10.57,14.46,38.31,0.0,23.73,48.53,19.58,25.72
4816,Sonoma ,95472,-122.794423,38.3374068,6.38,6.25,8.84,66.34,7.09,17.61,7.78,11.67
1669,San Luis Obispo,93446,-120.7208175,35.6362276,37.57,5.44,6.83,51.9,17.43,50.47,23.47,30.78
5965,Ventura ,91377,-118.7737939,34.1744737,64.73,43.72,7.06,0.0,40.54,0.97,27.63,14.66
5469,San Diego,92131,-117.1043719,32.9050522,50.54,42.41,67.36,0.0,78.03,4.56,10.12,14.05
5526,Placer ,95765,-121.2618313,38.803745,66.81,14.93,26.65,0.0,19.56,16.8,39.21,5.09
2678,Los Angeles,90077,-118.4570806,34.1085369,67.02,59.07,52.67,11.62,62.98,1.25,9.23,8.98
3232,Marin ,94965,-122.4855376,37.8510768,3.83,21.93,49.86,0.0,99.24,32.7,23.82,9.64
3211,Santa Clara,95032,-121.9735787,37.2380768,22.19,10.98,52.43,0.0,85.0,4.9,6.22,14.48
2297,Shasta ,96001,-122.4129541,40.5631564,39.99,12.48,10.96,0.0,12.8,73.79,73.37,13.52
7748,Placer ,95747,-121.3450222,38.7598403,63.29,21.39,10.28,0.0,24.83,31.62,74.64,15.33
2546,Placer ,95663,-121.1915419,38.8663777,70.52,8.66,24.33,80.62,13.1,9.98,23.94,16.32
3627,San Diego,92024,-117.2996671,33.0572295,32.15,44.13,71.76,65.07,40.13,6.94,25.5,20.8
6578,Los Angeles,91390,-118.527587,34.4734725,93.63,42.94,10.18,0.0,27.91,12.19,45.8,1.75
4460,Sonoma ,94931,-122.6934004,38.3222713,6.38,10.57,39.09,32.86,14.71,37.18,27.74,45.74
8548,San Diego,92014,-117.183626,32.9909105,47.38,20.8,18.68,50.48,16.66,1.15,1.81,13.27
2541,Inyo ,93514,-118.4421772,37.3622921,7.54,1.07,6.68,43.93,18.64,74.26,60.78,26.38
6361,Orange ,92692,-117.6450407,33.5941166,67.9,45.56,17.69,0.0,39.23,9.07,40.42,4.02
5079,Santa Clara,95127,-121.8211438,37.3845939,22.19,18.02,15.82,0.0,6.63,45.85,41.16,7.55
4755,Contra Costa,94521,-121.9871443,37.9518749,24.88,32.67,10.07,0.0,56.7,55.84,45.54,3.54
6395,San Mateo,94044,-122.4857197,37.5808674,10.57,15.26,13.63,21.48,60.63,61.35,31.03,7.24
2657,Yolo ,95616,-121.7984692,38.5541301,44.98,29.18,14.03,79.41,3.35,17.15,29.24,47.5
6437,San Francisco,94112,-122.4461642,37.7296356,6.38,28.69,92.5,0.0,80.34,21.67,4.7,8.53
4305,Los Angeles,90277,-118.3796449,33.8227549,24.88,72.58,52.02,0.0,49.75,6.18,13.91,11.95
5700,Orange ,92679,-117.5916259,33.6153523,69.32,48.81,21.93,0.0,29.13,1.6,9.28,4.91
3888,Santa Clara,94301,-122.1533718,37.4431603,10.57,15.91,59.48,0.0,21.71,0.34,5.75,22.93
4881,Monterey ,93940,-121.9095446,36.5895988,13.62,2.14,48.31,0.0,34.93,21.91,5.5,21.51
4107,Santa Clara,95135,-121.7792597,37.3115068,24.88,20.72,5.92,0.0,51.68,11.78,18.26,1.98
4059,Orange ,92677,-117.6978084,33.5316199,65.36,41.82,38.79,0.0,58.79,8.4,22.05,29.46
4438,San Francisco,94122,-122.4673274,37.7630839,6.38,26.47,56.29,0.0,48.03,14.23,13.4,24.72
6502,Ventura ,91360,-118.897803,34.2252098,52.06,39.7,4.32,64.59,19.84,7.8,26.22,10.72
3797,Los Angeles,90034,-118.3938372,34.0434085,50.54,66.99,37.83,0.0,27.2,19.3,22.92,2.12
3809,Orange ,92780,-117.8143983,33.7587899,59.69,71.15,18.66,0.0,31.56,21.66,14.89,12.45
4470,San Mateo,94025,-122.177794,37.455699,10.57,14.59,58.64,0.0,31.5,12.94,3.91,10.44
5711,Los Angeles,91381,-118.5964298,34.3860838,91.05,48.23,3.17,0.0,,10.36,43.46,6.92
3114,San Diego,92106,-117.235636,32.7323705,35.16,49.05,36.52,1.9,18.39,9.7,2.84,9.46
1514,Riverside ,92210,-116.3216036,33.7187828,91.05,7.73,23.71,63.66,77.2,3.61,8.16,22.22
3161,Los Angeles,90210,-118.4376439,34.1379878,74.1,60.42,16.24,12.41,38.89,1.57,6.22,0.6
4538,San Mateo,94025,-122.1817224,37.4492215,10.57,14.96,68.84,0.0,35.98,21.47,8.66,22.22
3394,Alameda ,94610,-122.2190899,37.8121648,3.12,41.73,53.59,0.0,84.11,41.79,5.36,7.55
6704,Sacramento ,95757,-121.4250605,38.3868483,42.56,33.18,3.42,19.1,17.75,50.27,63.4,24.17
4550,Placer ,95603,-121.0997167,38.8567146,74.1,7.75,24.69,31.17,67.59,28.3,23.47,16.04
10138,San Diego,92129,-117.155987,32.9666949,48.45,43.04,16.28,40.62,25.13,8.66,14.44,14.79
6243,Ventura ,93021,-118.904262,34.2624249,52.06,39.32,9.07,86.21,22.61,11.18,30.58,5.09
2448,Riverside ,92270,-116.4039612,33.7973075,88.7,7.34,43.39,0.0,64.56,20.92,16.53,21.51
4913,Orange ,92629,-117.7165385,33.4741078,62.53,46.68,56.17,0.0,40.41,13.75,32.9,3.54
4624,Santa Clara,94024,-122.1018082,37.3719046,14.92,13.4,35.84,0.0,10.51,0.15,0.75,2.91
4535,San Diego,92106,-117.2390197,32.7171992,32.15,49.93,40.92,0.0,16.58,20.84,9.11,21.51
3289,Placer ,95648,-121.3278582,38.8889816,66.81,12.16,34.39,67.03,4.98,28.2,63.31,28.63
3549,Santa Barbara,93109,-119.7460689,34.4140887,20.85,10.64,23.65,0.0,75.71,8.8,1.25,37.89
4537,Santa Clara,95132,-121.8137292,37.4096778,22.19,12.99,2.55,0.0,9.13,26.4,35.72,30.46
3877,Alameda ,94611,-122.2344651,37.8361078,3.12,40.72,67.94,0.0,25.54,5.61,7.34,5.09
5194,San Diego,92119,-117.030735,32.7984505,50.54,45.72,22.76,0.0,12.15,34.51,34.01,19.6
2951,Placer ,95677,-121.2609977,38.7870482,66.81,16.08,47.01,0.0,27.61,40.79,52.92,28.42
2844,San Francisco,94123,-122.4356807,37.806476,3.12,31.11,96.94,0.0,22.69,4.01,2.97,8.53
4818,El Dorado,95667,-120.8954226,38.7186274,76.94,12.86,6.98,34.83,61.38,43.23,23.13,11.27
6720,San Luis Obispo,93402,-120.8503065,35.3215844,11.56,7.93,7.57,72.83,32.1,41.64,10.48,28.86
4519,Alameda ,94550,-121.7900626,37.6621232,35.16,19.75,40.51,48.86,19.43,27.01,33.5,2.34
3505,Santa Clara,94301,-122.1435946,37.4359497,10.57,15.57,53.95,0.0,30.23,0.66,4.54,8.07
4556,San Francisco,94123,-122.4417466,37.7978099,3.12,29.83,86.21,0.0,52.33,2.85,2.42,12.45
4148,Alameda ,94705,-122.248923,37.8618413,3.12,38.07,52.58,0.0,16.73,9.82,9.53,60.28
5001,San Diego,92009,-117.2387904,33.0914037,32.15,20.5,33.68,34.21,61.83,4.01,26.41,9.27
6506,Santa Cruz,95003,-121.8771977,36.9736247,14.92,3.61,21.51,80.24,57.61,17.01,13.5,14.05
5437,San Luis Obispo,93402,-120.833076,35.327091,11.56,10.32,7.89,0.0,27.78,55.0,20.64,37.16
4629,Santa Clara,95148,-121.7764533,37.3313031,24.88,15.43,25.99,0.0,8.59,44.37,37.87,17.71
2475,El Dorado,95667,-120.7055174,38.6909824,75.12,8.84,2.95,42.34,3.23,51.42,26.89,34.21
5377,San Mateo,94061,-122.2251406,37.451725,10.57,14.51,31.35,0.0,21.89,30.51,7.07,19.38
5779,Santa Cruz,95060,-122.0312516,37.0239056,14.92,3.53,25.9,29.28,71.89,11.18,17.5,15.83
2435,Riverside ,92240,-116.5359901,33.9823125,93.63,4.26,11.2,0.0,4.08,78.9,91.25,30.78
4266,Sonoma ,94952,-122.8783675,38.335159,6.38,5.04,8.61,70.79,4.81,11.55,5.4,42.76
5573,San Francisco,94116,-122.4675173,37.7469509,6.38,23.67,61.13,0.0,78.61,19.29,12.33,11.95
2659,San Diego,92109,-117.2526157,32.7996991,35.16,49.21,34.59,0.0,24.19,6.42,12.99,56.85
5812,Riverside ,92211,-116.3592093,33.7786347,91.05,7.12,74.96,7.07,85.03,16.03,13.82,14.79
7737,Santa Clara,95120,-121.8435544,37.1861406,26.7,8.62,6.41,18.34,23.4,5.38,12.43,1.06
3069,Los Angeles,90254,-118.3883787,33.8600257,29.89,73.34,51.35,0.0,68.11,2.13,3.64,12.69
3300,Orange ,92869,-117.8204295,33.7769301,57.77,69.48,68.26,1.14,86.54,10.01,6.33,29.21
2970,San Diego,92037,-117.2757498,32.845504,39.99,47.49,27.68,0.0,31.23,5.05,1.52,11.67
5890,Orange ,92692,-117.6438225,33.6059752,67.9,45.48,13.59,0.0,31.7,10.51,45.87,12.84
4433,Los Angeles,90275,-118.3974684,33.7725815,24.88,63.05,13.95,0.0,46.96,3.19,15.93,5.35
5836,Santa Clara,95035,-121.8694198,37.4260378,20.85,21.59,14.93,0.0,10.05,18.31,31.46,20.1
4271,Santa Cruz,95065,-121.9775807,36.9968265,14.92,3.31,36.28,0.0,80.16,6.28,2.74,24.42
4177,Marin ,94941,-122.5058805,37.8886599,6.38,25.76,28.43,0.0,82.59,3.41,5.36,17.49
3606,San Diego,92129,-117.1225603,32.9597794,51.9,44.03,49.56,0.0,49.46,15.75,30.45,22.93
4284,Los Angeles,91030,-118.1699079,34.1049373,69.32,63.53,25.89,0.0,57.1,7.91,2.34,8.24
4120,Orange ,92780,-117.8013386,33.7487977,60.66,70.57,17.85,0.0,35.09,16.91,11.02,10.44
2738,Los Angeles,91354,-118.538453,34.4524039,93.63,46.71,14.04,0.0,49.86,6.52,13.16,7.24
4007,Sacramento ,95630,-121.1293034,38.6506226,72.55,12.47,46.51,0.0,60.99,20.59,50.56,20.95
2214,San Diego,92008,-117.3266984,33.1575405,32.15,41.23,51.33,43.14,42.91,7.64,22.67,29.03
2635,Santa Clara,94024,-122.0975545,37.3534664,16.78,12.11,46.65,0.0,49.91,0.4,5.3,0.18
2054,Napa ,94558,-122.345438,38.3072684,16.78,38.47,6.05,59.24,1.9,53.79,55.98,3.33
2529,Los Angeles,90265,-118.8610455,34.0602402,55.38,41.68,10.73,22.41,9.4,3.1,11.5,17.71
4113,San Francisco,94117,-122.4460837,37.7657245,6.38,23.35,69.72,0.0,12.21,51.93,19.35,5.09
5738,Los Angeles,91302,-118.6236584,34.1316542,72.83,53.76,18.37,12.93,29.56,4.86,4.04,13.04
5790,Fresno ,93619,-119.6445547,36.8605423,88.7,93.8,62.49,34.69,5.8,22.12,27.74,4.91
4011,San Mateo,94404,-122.2619095,37.54088,6.38,24.88,35.2,0.0,77.78,6.85,18.62,2.6
8499,Orange ,92694,-117.6391029,33.569062,67.9,45.33,12.02,0.0,56.84,4.21,49.0,6.92
4359,Santa Clara,95127,-121.7922139,37.3764316,22.19,14.03,4.44,30.66,1.36,42.53,24.55,8.24
3584,San Mateo,94404,-122.24891,37.5590519,6.38,25.75,12.45,0.0,38.55,8.13,24.44,5.92
3093,San Diego,92103,-117.1858941,32.7530053,32.15,50.16,74.54,0.0,48.24,28.75,8.16,8.98
3012,San Francisco,94109,-122.4274293,37.7926193,3.12,29.61,98.36,0.0,77.31,14.89,0.29,15.03
3785,Los Angeles,90272,-118.5202383,34.0503509,62.53,58.56,51.19,28.1,56.68,1.38,10.98,3.33
4432,San Luis Obispo,93449,-120.6558448,35.1656726,14.92,12.71,35.37,29.72,73.05,8.19,7.34,32.79
5716,Marin ,94920,-122.4494238,37.8785872,3.83,26.38,30.3,0.0,39.58,8.55,11.44,26.21
2153,San Diego,92118,-117.1291938,32.623646,24.88,60.31,40.61,0.0,43.55,14.67,3.43,13.04
4182,Los Angeles,90077,-118.4418058,34.1132765,68.18,58.49,14.45,0.0,40.98,0.65,2.34,18.91
1835,Orange ,92660,-117.8908902,33.6491716,53.73,55.76,41.47,0.0,72.26,8.03,8.76,29.03
5025,San Diego,92119,-117.0343554,32.8156078,50.99,41.17,4.48,0.0,16.13,26.92,21.87,7.83
4731,Los Angeles,90503,-118.3675825,33.832222,24.88,71.49,18.18,0.0,45.74,11.8,19.48,2.47
3229,Santa Cruz,95073,-121.9607648,37.0433747,15.05,3.7,6.19,38.97,56.51,6.01,2.18,30.29
3620,Sacramento ,95630,-121.1036665,38.6509225,74.1,13.8,82.04,0.0,73.21,14.52,37.75,4.4
6525,Contra Costa,94526,-121.9795982,37.7966528,20.85,27.04,74.8,41.24,82.51,8.72,8.28,3.07
6564,Santa Clara,94024,-122.0797574,37.358449,16.78,12.69,22.04,0.0,38.15,0.29,2.85,1.26
3623,Placer ,95765,-121.2959935,38.8062227,65.36,16.53,69.81,0.0,46.23,18.05,44.53,6.48
8397,Sacramento ,95835,-121.5182326,38.6726382,57.77,32.12,13.28,0.0,4.14,58.04,80.67,29.74
3873,San Diego,92124,-117.0747667,32.8149696,46.99,39.56,6.78,10.31,16.03,15.83,6.26,28.86
3551,Orange ,92677,-117.7312595,33.5255567,64.73,39.86,12.89,0.0,26.9,8.4,22.05,5.09
4660,San Diego,92129,-117.1357871,32.9583944,50.54,43.55,42.08,0.0,36.96,15.75,30.45,7.83
919,Orange ,90742,-118.0760209,33.7205507,24.88,58.78,19.71,0.0,80.94,0.79,1.17,13.27
4797,Santa Clara,95118,-121.8966886,37.2367224,24.88,13.49,14.23,12.69,26.26,6.74,2.12,25.43
15339,Orange ,92675,-117.5516686,33.5107583,64.92,41.87,14.31,52.72,26.39,2.09,7.74,6.08
3971,Orange ,92691,-117.6614068,33.6414325,67.9,27.58,13.52,0.0,42.71,9.85,31.46,9.85
3567,San Diego,92118,-117.170224,32.6938849,29.89,51.77,99.94,0.0,82.41,14.67,3.43,10.44
4884,Santa Cruz,95006,-122.1354489,37.1289134,16.78,3.81,5.46,0.0,18.43,7.8,7.83,19.89
4277,Los Angeles,91011,-118.1950103,34.2062405,82.48,57.96,65.21,0.0,65.65,6.78,8.66,1.32
4008,San Francisco,94117,-122.4369729,37.7750995,3.83,25.26,75.15,0.0,58.88,51.93,19.35,5.8
5674,San Francisco,94131,-122.426705,37.7450512,6.38,26.82,71.3,0.0,10.23,25.6,4.41,14.48
2937,San Diego,92109,-117.2539836,32.7943988,35.16,49.21,27.13,0.0,39.21,6.42,12.99,49.72
5686,San Luis Obispo,93420,-120.3377678,35.1211636,26.72,7.84,3.57,79.48,16.15,27.75,4.8,24.72
6623,Ventura ,91320,-118.9463969,34.1687001,46.99,41.21,9.65,14.97,11.71,11.91,42.4,5.09
3412,San Francisco,94115,-122.4385023,37.778079,3.83,25.26,75.35,0.0,54.91,35.07,2.49,28.17
3167,Santa Clara,94040,-122.0823435,37.3787632,14.92,13.96,50.52,0.0,71.88,7.84,31.54,5.55
3536,Santa Barbara,93110,-119.7755258,34.4230589,20.85,11.21,12.96,70.66,56.78,13.19,4.54,22.71
2660,Shasta ,96003,-122.3243173,40.6092572,46.99,19.89,15.17,54.31,7.68,52.69,65.18,51.41
2107,Alameda ,94546,-122.1010932,37.7202531,10.57,22.9,7.69,11.1,4.38,62.84,43.87,9.85
4282,Los Angeles,91350,-118.5168986,34.4533926,93.63,46.16,8.81,0.0,23.81,15.53,37.75,5.35
4416,Los Angeles,91011,-118.218217,34.2263088,84.58,56.13,16.59,10.45,34.45,5.72,7.02,9.64
6142,Marin ,94945,-122.5912651,38.1166035,10.57,17.93,11.75,0.0,10.21,30.75,14.68,21.27
4875,Placer ,95722,-121.0246048,39.0089065,76.94,6.26,8.06,0.0,15.25,7.34,20.18,35.75
2764,Orange ,92625,-117.8809155,33.6048432,53.73,53.01,48.36,0.0,80.14,3.68,1.73,6.73
5996,Contra Costa,94598,-122.0145836,37.9067555,17.87,28.84,6.1,0.0,57.31,20.2,33.0,1.88
1406,Orange ,92660,-117.8975312,33.6108943,51.9,53.01,38.84,0.0,86.26,5.22,5.96,11.44
4843,Ventura ,93012,-118.9874839,34.2327593,42.56,41.48,13.07,62.66,24.66,11.35,33.92,3.07
2860,Napa ,94558,-122.3294424,38.3098473,16.78,45.24,9.81,48.69,6.59,53.79,55.98,4.91
14679,San Diego,92009,-117.2488951,33.1173821,32.15,23.6,31.4,0.0,44.44,2.73,18.73,22.01
5930,Placer ,95648,-121.3178888,38.8758804,66.81,12.23,44.11,8.52,13.91,28.2,63.31,7.83
3407,Santa Clara,94304,-122.1743786,37.4385528,10.57,15.44,88.18,20.48,49.14,0.76,3.78,17.89
7169,Contra Costa,94563,-122.1826098,37.9015621,7.52,32.55,26.67,27.14,52.28,3.08,5.86,0.83
4115,Contra Costa,94803,-122.2658347,37.9682566,6.38,32.42,8.33,0.0,7.26,52.89,33.6,7.24
5278,Orange ,92886,-117.780736,33.8838283,56.96,81.74,15.86,0.0,18.33,7.58,24.78,8.98
5610,Sonoma ,95476,-122.4902094,38.306745,13.62,13.33,27.59,56.76,24.55,24.75,22.59,17.19
7294,Santa Clara,95124,-121.9087056,37.2593174,24.88,16.23,48.86,0.0,41.14,17.51,11.39,28.17
5936,San Diego,92071,-116.9941684,32.8723023,62.66,41.71,7.79,0.0,28.85,31.56,25.12,22.71
2516,San Francisco,94123,-122.4391478,37.8022695,3.12,29.83,78.06,0.0,51.24,4.19,4.4,7.24
4232,San Diego,92120,-117.073373,32.78497,42.56,45.34,32.45,0.0,74.3,34.02,21.61,18.71
2841,Monterey ,93950,-121.9316658,36.627781,13.62,2.38,8.64,0.0,1.76,33.59,22.48,22.71
4603,Orange ,92629,-117.7050638,33.4834258,63.29,46.65,23.0,0.0,36.43,13.75,32.9,18.44
2390,Ventura ,91377,-118.7764684,34.1918776,65.36,42.74,3.82,0.0,29.59,2.27,18.13,11.95
5436,Alameda ,94566,-121.8275908,37.6673926,32.15,18.01,21.23,66.14,39.91,16.63,11.34,5.35
4496,Santa Barbara,93455,-120.4100285,34.8714281,13.62,10.65,34.28,95.41,39.93,43.34,32.42,7.55
9131,San Luis Obispo,93465,-120.7549322,35.5166981,26.73,4.19,7.27,58.45,35.15,32.37,24.0,15.83
2755,Monterey ,93950,-121.9208115,36.6173223,13.62,3.01,29.58,0.0,2.71,34.15,23.13,4.02
3240,Lassen ,96114,-120.5179712,40.2835896,55.38,0.93,1.74,48.79,7.33,11.53,13.6,37.16
3606,Ventura ,91362,-118.8516573,34.1938841,59.69,40.86,52.22,1.55,73.88,12.3,15.45,8.53
3350,Placer ,95703,-120.9841213,38.993655,74.1,6.91,21.67,0.0,39.18,14.68,5.67,44.07
4066,Los Angeles,91105,-118.1745514,34.1341118,72.83,58.51,60.39,0.0,80.63,13.35,6.22,10.44
5881,San Diego,92130,-117.2420969,32.9677976,42.56,31.13,51.09,0.0,88.54,0.64,1.36,5.8
3641,Alameda ,94588,-121.930798,37.653163,17.87,16.71,30.33,38.07,98.6,4.47,3.58,3.18
6878,Alameda ,94552,-122.0615667,37.7216743,13.62,25.12,8.31,28.66,22.28,48.97,34.41,2.91
2845,Los Angeles,90049,-118.4768353,34.0751025,64.85,60.44,42.76,40.17,98.63,4.1,18.13,7.55
7231,Orange ,92657,-117.829038,33.5950883,58.23,49.3,12.91,0.0,67.43,0.98,0.4,4.17
4207,Orange ,92653,-117.6836291,33.5688148,67.9,41.36,62.22,0.0,91.76,6.99,8.89,14.27
8116,Santa Clara,95014,-122.075678,37.3194403,16.78,11.6,25.65,0.17,64.59,0.42,2.43,6.28
2553,San Diego,92128,-117.0682214,33.0159951,56.96,31.9,33.83,0.0,45.06,7.4,14.52,31.26
2440,Alameda ,94706,-122.2910214,37.8947731,3.12,37.93,61.34,0.0,6.18,17.45,5.11,10.9
2748,Los Angeles,90049,-118.4912444,34.0918293,69.57,58.74,20.31,19.07,99.21,1.22,5.3,13.73
7652,Contra Costa,94595,-122.0543368,37.8736123,14.92,30.63,67.64,0.0,94.16,10.14,6.02,4.57
17461,San Diego,92078,-117.1809654,33.1159777,37.78,14.13,24.65,26.69,37.15,5.1,26.22,16.32
7849,Santa Clara,95135,-121.7397981,37.3090443,26.7,11.05,8.43,6.76,13.13,18.92,39.32,0.74
5781,Contra Costa,94583,-121.9386173,37.7319234,24.88,25.43,82.65,0.0,80.35,17.53,12.48,6.48
7753,Santa Clara,95130,-121.9867326,37.2807949,20.85,14.36,33.09,0.0,70.05,13.46,5.55,10.9
6381,Orange ,92782,-117.7820948,33.7399828,60.66,62.7,25.48,0.0,46.93,5.13,3.3,17.71
5894,Sacramento ,95630,-121.173807,38.7028284,71.66,11.49,25.55,0.0,36.65,18.42,42.4,17.19
2519,Orange ,92662,-117.8923185,33.605086,51.9,53.01,94.2,0.0,80.95,5.48,10.73,4.02
8320,San Diego,92028,-117.1998988,33.3337164,55.38,18.07,17.24,57.72,56.79,15.39,40.83,20.6
4730,Los Angeles,90274,-118.4179511,33.7724316,26.7,61.31,4.94,0.0,43.6,1.5,5.21,4.91
879,Los Angeles,90254,-118.4052294,33.8696728,29.89,73.44,15.11,0.0,75.05,3.15,9.57,7.83
4493,Sonoma ,95476,-122.5327531,38.3129516,11.56,10.67,10.52,71.76,20.11,14.32,9.65,20.8
2300,Sacramento ,95638,-121.1238857,38.3134475,59.85,24.31,5.79,76.59,1.21,16.84,51.46,49.55
4884,San Luis Obispo,93422,-120.6811592,35.5116739,32.15,3.5,24.26,44.0,49.56,33.21,12.15,17.71
5413,San Diego,92107,-117.252275,32.7408214,32.15,48.94,23.31,5.55,6.9,13.92,8.1,22.71
2700,Santa Clara,94306,-122.1184581,37.4205589,13.62,17.56,47.29,0.0,23.88,4.75,5.3,24.17
8131,Sonoma ,95404,-122.6369331,38.5260666,11.56,6.27,3.95,55.69,18.71,29.75,15.78,8.68
5240,Contra Costa,94595,-122.0838023,37.8874605,11.56,31.41,68.3,17.48,74.91,13.83,9.92,1.65
6111,Contra Costa,94549,-122.1364828,37.879801,7.52,31.81,31.82,18.07,67.04,4.82,3.25,6.73
4538,San Diego,92067,-117.2118813,33.0198637,42.76,21.64,28.05,79.0,13.54,0.77,2.65,19.6
2545,Orange ,92603,-117.8209398,33.634782,59.69,52.55,24.14,0.0,36.74,2.82,8.1,7.83
4624,Ventura ,93003,-119.230938,34.2960463,32.15,29.42,25.77,12.07,22.93,41.91,20.11,14.05
2917,Napa ,94558,-122.2248403,38.3226754,22.19,34.75,8.26,67.97,2.38,45.84,44.25,8.53
5868,San Diego,92120,-117.0607193,32.8068307,46.99,43.27,7.33,0.0,20.65,18.31,7.13,10.44
2470,San Mateo,94002,-122.2802497,37.5134397,6.38,17.54,45.91,0.0,15.26,6.23,1.71,16.82
4095,San Francisco,94117,-122.4504754,37.7654353,6.38,23.21,60.6,0.0,7.16,51.93,19.35,23.17
4053,Riverside ,92260,-116.3757329,33.7163278,88.7,8.3,34.06,0.0,53.61,7.24,19.85,65.41
4910,San Diego,92121,-117.1877825,32.9125478,46.99,43.46,27.08,0.0,60.09,2.55,0.92,5.8
4080,Alameda ,94550,-121.8009991,37.6672948,35.16,17.7,38.74,45.34,30.26,27.01,33.5,7.06
5929,San Mateo,94044,-122.4626241,37.5946374,10.57,14.44,3.25,3.93,58.01,31.69,5.0,9.85
3791,Contra Costa,94595,-122.0807769,37.8725669,11.56,29.3,18.54,5.21,40.74,10.34,6.04,37.64
6026,Ventura ,91301,-118.7204079,34.1885775,70.58,46.93,2.97,0.0,46.65,3.32,33.55,7.37
6254,Alameda ,94566,-121.8997998,37.6694679,24.88,22.39,81.37,0.0,76.15,20.15,15.1,1.65
3306,San Diego,92116,-117.104299,32.7699149,37.57,46.58,83.82,0.0,83.71,18.06,1.0,2.34
2203,San Luis Obispo,93428,-121.0973548,35.5799023,17.65,7.02,6.88,0.0,7.41,31.21,17.5,55.39
1367,Los Angeles,90803,-118.1100855,33.7557499,22.19,60.67,80.1,0.0,70.91,6.67,21.04,5.8
5569,San Diego,92019,-116.9179144,32.7752264,65.69,45.53,20.52,0.0,31.08,23.57,21.44,26.67
3319,San Diego,92107,-117.2489105,32.747805,32.15,49.12,29.11,3.38,16.54,13.92,8.1,45.36
4285,Alameda ,94610,-122.2321836,37.8114477,3.12,43.71,49.3,0.0,81.53,40.09,14.57,0.95
5891,Alameda ,94611,-122.2026154,37.8345259,3.12,35.27,44.57,0.0,10.35,33.89,19.95,0.29
2451,San Mateo,94025,-122.1706821,37.4747978,10.57,13.23,76.28,0.0,94.65,21.98,8.84,2.12
5505,Alameda ,94566,-121.8865529,37.6811899,26.7,22.03,42.14,0.0,61.09,16.65,14.18,6.28
2245,Shasta ,96073,-122.2544681,40.6178721,50.62,20.37,2.7,53.69,2.55,20.1,26.89,37.4
3088,Los Angeles,91354,-118.5457784,34.4462571,91.05,47.07,15.56,0.0,52.24,18.62,41.45,0.18
4564,San Francisco,94131,-122.4444148,37.7528357,6.38,25.65,58.02,0.0,35.48,8.59,1.92,20.8
16363,San Diego,92130,-117.2092215,32.9260179,46.99,42.92,47.58,0.0,76.05,0.57,0.92,3.73
6546,Alameda ,94587,-122.0724418,37.5699748,13.62,26.93,23.52,0.0,18.75,66.11,69.63,2.47
2234,Santa Cruz,95065,-121.9990254,36.9957924,13.62,3.2,14.72,0.0,69.51,12.43,9.73,31.73
4115,Sonoma ,95404,-122.6991437,38.4600591,10.57,7.59,28.6,0.0,48.83,32.94,27.74,13.04
3038,Los Angeles,90049,-118.4868492,34.0660696,63.61,59.76,25.8,16.34,65.83,4.1,18.13,7.24
1667,Monterey ,93950,-121.9104587,36.6221465,13.62,3.01,14.46,0.0,5.5,34.15,23.13,22.93
5262,San Francisco,94131,-122.4580012,37.7594542,6.38,23.21,53.89,0.0,30.28,7.33,0.22,11.67
5738,Santa Cruz,95006,-122.0929441,37.1646713,17.65,5.07,2.54,20.1,20.71,7.89,3.78,8.53
3262,Los Angeles,90069,-118.3875164,34.1016653,65.69,60.82,36.8,0.0,77.98,2.06,3.96,4.91
7789,Contra Costa,94597,-122.0844254,37.9107096,11.56,32.99,59.71,10.72,82.11,10.39,4.9,13.04
3609,Ventura ,91362,-118.8453433,34.2151494,59.69,40.87,53.24,3.48,78.29,5.71,7.07,22.22
7893,Santa Clara,95124,-121.9156579,37.273586,22.19,17.47,29.93,0.0,38.44,21.8,16.48,4.72
2425,Sacramento ,95608,-121.3394431,38.5863682,56.96,40.17,7.45,0.0,13.56,63.88,28.54,6.48
7420,Alameda ,94552,-121.9830876,37.6518042,16.8,16.96,7.48,21.76,82.04,17.21,13.66,5.35
5345,San Diego,92024,-117.2529532,33.0362413,37.57,36.19,44.17,60.14,30.39,5.87,21.52,2.73
7348,Sacramento ,95662,-121.2486806,38.6916618,66.81,17.34,19.49,0.0,16.9,56.54,58.39,26.67
1525,Monterey ,93940,-121.8297974,36.5825013,10.57,2.7,31.8,0.0,28.14,23.64,3.8,17.89
4667,Santa Clara,94087,-122.0571249,37.344829,16.78,13.7,61.46,0.0,66.26,1.72,9.07,1.88
7385,Ventura ,93004,-119.1886473,34.281982,32.15,35.48,37.57,65.28,28.64,32.28,11.17,10.72
6817,Contra Costa,94598,-122.0467663,37.9190883,16.78,34.52,42.12,5.34,65.54,9.43,8.89,4.72
8596,Alameda ,94550,-121.8054596,37.5511338,24.94,11.79,15.31,43.79,87.89,8.76,7.22,1.52
1958,San Luis Obispo,93401,-120.5594692,35.2737346,20.9,7.99,2.27,74.69,65.75,6.97,1.03,12.45
3478,Orange ,92672,-117.6512991,33.4516707,62.53,50.69,77.13,0.0,87.44,3.29,3.07,8.98
2668,Nevada ,95949,-121.1947188,39.1006443,77.03,7.97,1.21,27.24,0.54,23.99,17.9,55.11
2455,San Mateo,94403,-122.3234915,37.5405075,10.57,19.38,60.93,0.0,76.45,29.06,6.75,3.18
3867,Orange ,92651,-117.7681955,33.5409778,63.29,45.69,9.83,0.0,57.34,19.52,12.23,17.19
3032,Ventura ,91360,-118.9030079,34.2028424,50.99,40.65,16.22,20.45,82.69,3.33,9.61,2.2
3426,Shasta ,96002,-122.3229123,40.5431529,42.56,34.09,12.74,25.31,4.21,80.31,87.04,28.63
2822,Orange ,92861,-117.8092479,33.8222704,55.38,77.35,7.93,56.41,30.49,2.7,4.9,10.14
5143,Orange ,92688,-117.5959073,33.6493352,70.28,51.54,24.82,58.24,33.71,3.61,26.48,15.59
4335,Santa Clara,95033,-121.9287007,37.1484376,22.33,6.19,3.31,30.76,81.16,24.6,6.33,7.83
3419,Alameda ,94539,-121.9351067,37.5592488,20.85,17.26,45.18,11.69,87.25,10.37,28.61,0.08
3613,Los Angeles,90274,-118.4049506,33.7882095,26.7,61.95,6.5,0.0,54.35,1.92,6.75,12.84
5545,San Diego,91901,-116.7641322,32.8078834,75.3,18.63,5.7,0.0,8.19,10.61,13.5,24.92
2328,Santa Cruz,95003,-121.873767,36.9631315,14.92,3.22,33.91,48.31,71.15,17.37,14.1,12.16
7675,Placer ,95746,-121.135857,38.7669083,72.83,10.18,6.09,33.55,12.34,9.22,17.67,4.02
3727,San Diego,91901,-116.647342,32.8244867,78.22,11.45,2.81,38.1,5.49,5.4,5.11,23.66
6527,Orange ,92657,-117.838955,33.6147718,56.96,51.29,14.59,0.0,59.58,1.03,0.49,13.52
8938,Santa Clara,95138,-121.7688495,37.2791433,26.7,13.95,10.43,51.38,63.64,11.73,7.47,2.34
5277,San Diego,92128,-117.0749912,33.0009657,55.38,33.23,28.69,0.0,65.21,2.82,3.91,8.07
6704,Placer ,95746,-121.2003901,38.7553138,69.32,12.55,25.04,31.72,49.54,22.72,38.57,14.27
2290,Marin ,94960,-122.5616009,37.9636753,6.38,18.81,15.76,0.0,69.74,0.34,0.46,11.95
1312,San Bernardino,92242,-114.3064842,34.1887788,20.85,44.78,1.08,0.0,2.3,9.28,15.78,78.1
5271,San Diego,92130,-117.2211586,32.9512328,44.98,43.42,47.75,0.0,23.85,0.75,1.65,16.82
2200,Monterey ,93940,-121.879603,36.5816889,10.57,2.08,63.8,66.83,80.26,22.72,4.54,6.48
2468,San Diego,92019,-116.8984176,32.7723038,66.96,44.92,5.63,0.0,12.13,30.07,34.18,1.88
3906,San Diego,92024,-117.2397938,33.0487896,39.99,33.99,12.25,61.38,13.3,6.94,25.5,24.72
3520,Los Angeles,90210,-118.4248511,34.1131952,68.18,58.25,6.4,0.0,31.81,2.28,10.36,8.98
3028,Orange ,92861,-117.812099,33.8106746,55.38,75.91,9.92,65.66,44.49,3.23,6.93,16.82
2766,Los Angeles,91423,-118.4214241,34.1358007,72.83,59.35,16.76,18.69,28.34,4.15,11.63,8.07
7263,Santa Clara,95148,-121.7642787,37.32486,26.7,15.17,8.13,0.0,14.5,19.6,11.84,1.65
1797,Contra Costa,94530,-122.2911825,37.9045535,3.12,35.42,61.97,0.0,6.76,22.03,5.0,20.1
2224,San Diego,92118,-117.1703733,32.6854276,29.89,51.77,72.05,0.0,80.93,14.67,3.43,19.38
2214,San Diego,92037,-117.2409319,32.8551617,39.99,44.68,75.12,0.0,69.71,3.8,1.26,7.06
2428,Riverside ,92210,-116.3498865,33.7257343,91.05,7.58,28.64,49.41,68.68,2.88,2.62,24.42
2743,Sacramento ,95630,-121.1389007,38.6706643,72.55,11.19,4.46,0.0,28.59,20.59,50.56,47.11
4245,Orange ,92625,-117.8701726,33.5927639,55.38,52.59,53.42,0.0,58.13,5.16,3.07,17.89
7095,Santa Clara,95030,-121.9934281,37.2212376,22.19,8.89,32.86,12.76,80.68,3.9,3.07,3.54
5678,Santa Clara,95120,-121.8341798,37.2057405,29.89,11.23,29.57,25.66,3.4,6.62,16.33,3.33
2997,Fresno ,93619,-119.6660507,36.8592093,88.7,94.51,40.05,15.76,4.46,15.9,14.61,5.92
3845,San Diego,92109,-117.254695,32.8047692,37.57,48.65,23.29,0.0,11.73,6.42,12.99,28.17
6999,San Mateo,94002,-122.2883303,37.5208293,6.38,18.98,43.68,0.0,28.21,12.72,4.7,6.48
2467,El Dorado,95623,-120.8721231,38.5855876,74.19,14.09,1.71,9.79,5.43,18.78,18.17,12.84
6359,Orange ,92679,-117.6331763,33.6797872,69.32,52.36,23.55,0.0,15.45,1.6,8.66,5.8
7835,San Diego,92009,-117.2469015,33.0991711,32.15,22.4,26.85,31.34,34.89,4.01,26.41,15.59
3991,Monterey ,93953,-121.9452821,36.5852187,11.56,1.39,14.65,0.0,15.33,4.81,8.57,18.44
2686,Riverside ,92253,-116.2526918,33.6381933,88.7,7.7,31.92,0.0,1.51,30.62,44.13,10.44
4782,Sonoma ,95442,-122.5375898,38.3800529,11.56,9.22,14.74,66.66,16.36,13.33,7.51,33.77
4486,San Diego,92128,-117.0829654,32.9799345,55.38,45.79,74.62,0.0,83.63,5.42,9.38,1.52
4233,San Bernardino,91701,-117.6163568,34.1541568,97.0,94.01,8.41,0.0,3.44,11.76,34.72,6.73
3634,Placer ,95602,-121.1657403,38.983718,75.3,6.75,3.11,14.21,6.83,40.09,13.1,11.03
2155,Los Angeles,91364,-118.5720594,34.1480383,76.94,64.42,5.77,4.34,10.11,22.27,21.61,4.02
3588,San Mateo,94403,-122.3232206,37.5247152,7.52,18.18,29.43,0.0,60.45,29.14,5.55,3.73
4016,San Diego,92109,-117.2350137,32.7898373,35.16,47.82,21.13,0.0,31.58,6.42,12.99,33.77
3135,Santa Clara,94041,-122.0731778,37.3853495,14.92,14.6,93.69,0.0,86.01,3.53,4.9,19.89
7256,San Diego,92130,-117.235812,32.944286,42.56,44.52,81.92,0.0,74.8,0.75,1.65,11.67
3907,Contra Costa,94583,-121.9480876,37.7449639,22.19,27.11,64.58,0.0,84.13,22.08,18.39,1.88
6543,Marin ,94903,-122.5626533,38.017872,10.57,18.88,28.19,3.62,28.74,16.94,24.44,5.35
4926,Santa Cruz,95003,-121.9240389,37.0237015,15.05,3.63,12.53,34.79,22.96,8.87,3.5,30.04
5229,San Diego,92065,-116.7875799,33.0348099,74.1,6.67,2.45,28.97,8.94,17.31,48.48,12.16
4739,Contra Costa,94553,-122.1124879,37.9702795,13.62,29.91,45.38,26.93,12.93,41.0,20.25,4.57
5315,Contra Costa,94517,-121.9256511,37.8934212,26.85,17.36,0.82,0.0,25.04,33.97,30.0,4.27
1838,Los Angeles,90049,-118.4594426,34.0704417,62.53,60.16,85.63,0.62,91.35,1.51,7.51,8.98
4382,Sonoma ,95472,-122.8272234,38.3819817,6.38,5.5,18.81,70.72,16.81,31.7,21.44,27.85
2816,San Mateo,94061,-122.2345855,37.4564906,10.57,15.0,18.27,0.0,19.14,45.18,16.16,5.8
5858,Santa Clara,95070,-122.0182629,37.2882356,20.85,14.62,47.54,0.0,60.74,0.95,3.73,1.75
2038,Santa Clara,94306,-122.1103938,37.4144214,13.62,15.72,62.39,0.0,54.51,4.99,4.59,7.55
7124,San Diego,92071,-117.0656323,32.8437051,48.7,36.71,24.64,0.0,56.53,20.38,10.22,8.53
3675,San Diego,92064,-117.010947,33.041943,60.93,11.03,17.57,64.24,4.28,4.01,2.34,1.52
4698,Santa Clara,94301,-122.1470265,37.4511865,10.57,16.05,35.12,0.0,18.53,1.16,3.12,4.72
4332,San Mateo,94027,-122.2147667,37.4463,10.57,13.02,47.79,60.21,29.44,1.3,0.35,9.27
7024,San Francisco,94127,-122.4503095,37.7372232,6.38,24.19,70.84,0.0,24.3,18.2,7.42,17.49
5467,San Diego,92071,-116.978192,32.8753135,65.69,41.19,11.35,0.0,15.79,35.63,30.17,20.1
3418,Alameda ,94550,-121.7246715,37.6894445,42.56,24.48,33.49,0.0,19.94,27.01,33.5,0.11
5206,Marin ,94930,-122.5941051,37.9762769,7.52,16.4,4.73,0.0,62.76,10.08,8.39,11.27
5722,Santa Clara,95120,-121.8770809,37.2305812,26.7,12.68,35.06,0.0,42.93,6.52,15.53,2.6
3494,San Diego,92120,-117.0736093,32.795586,42.56,45.12,15.26,0.0,22.01,34.02,21.61,12.84
5954,Placer ,95747,-121.3353191,38.7832996,63.29,19.29,7.82,0.0,48.7,31.62,74.64,5.8
4348,San Francisco,94116,-122.4716376,37.7519442,6.38,26.51,75.73,0.0,86.38,9.75,4.75,18.44
6469,Ventura ,93065,-118.8089778,34.2377255,63.61,40.8,6.04,30.31,17.76,36.12,45.46,0.74
3736,Orange ,92675,-117.5673455,33.6311195,68.09,48.13,12.94,6.66,57.28,2.85,17.16,0.18
3230,San Francisco,94131,-122.4517871,37.7523832,6.38,22.33,44.95,0.0,40.08,4.76,0.4,19.6
5029,El Dorado,95762,-121.0617481,38.6825337,75.12,14.45,9.96,19.21,23.59,10.76,37.67,7.06
5490,Alameda ,94552,-121.9692968,37.714448,17.87,20.07,51.05,15.41,98.94,11.67,5.58,2.6
3573,Los Angeles,91361,-118.8174173,34.1447221,62.53,43.3,23.82,0.0,73.25,5.48,24.44,1.52
5706,Fresno ,93730,-119.7682639,36.9039783,84.58,93.57,26.42,61.72,21.05,10.51,5.55,6.28
5630,Santa Clara,94087,-122.0268266,37.3451032,16.78,15.54,66.8,24.24,70.6,2.22,11.63,0.06
2913,Solano ,94534,-122.084367,38.29468,22.33,20.26,2.69,71.28,4.33,60.52,29.89,3.73
2500,El Dorado,95726,-120.6258013,38.7330245,74.1,6.63,9.06,47.55,14.59,47.07,15.53,15.83
2012,Contra Costa,94595,-122.0638053,37.8644358,13.62,28.82,4.97,0.0,14.2,19.17,15.27,24.17
5910,Contra Costa,94583,-121.9816307,37.7393783,17.87,20.34,33.39,9.03,91.43,19.78,15.67,1.75
2957,San Diego,92064,-117.0488065,33.0121262,58.23,33.24,6.58,0.0,14.65,8.6,13.4,4.57
2136,Contra Costa,94563,-122.216662,37.8838155,3.83,33.94,26.37,0.52,72.14,3.84,9.28,9.46
1528,Sonoma ,95421,-123.3277435,38.610412,14.92,2.69,0.7,35.66,1.01,4.24,0.88,35.35
4578,San Diego,92008,-117.3205365,33.1483685,32.15,39.63,56.86,25.14,61.01,8.41,24.58,10.9
3444,San Luis Obispo,93428,-121.0752154,35.5312167,17.65,6.31,5.18,0.0,8.74,31.21,17.5,34.7
3350,Santa Clara,95123,-121.8242758,37.2325432,29.89,13.9,11.66,0.0,24.05,57.1,41.24,1.88
3275,San Diego,92064,-116.9909735,32.9600148,64.85,35.96,10.37,0.0,35.66,15.08,26.48,4.17
7299,Contra Costa,94582,-121.9553576,37.7784401,22.19,24.74,25.15,61.59,82.79,5.89,7.13,4.17
2072,Monterey ,93950,-121.9173782,36.6198749,13.62,3.01,21.17,0.0,4.1,33.69,22.48,24.42
4556,San Francisco,94131,-122.4392706,37.740278,6.38,26.78,77.97,0.0,21.46,18.31,8.42,19.12
4146,Orange ,92887,-117.7056802,33.8831822,64.73,86.09,26.17,0.0,2.9,10.98,34.76,1.19
4552,Sacramento ,95630,-121.1025625,38.6698999,74.1,13.62,78.1,0.0,13.09,13.78,36.83,0.23
1634,Alameda ,94707,-122.270922,37.8883409,3.12,36.05,28.3,0.0,1.66,3.4,1.0,14.48
4373,Los Angeles,90254,-118.3938557,33.8698051,29.89,73.3,82.25,0.0,80.21,2.04,4.84,3.73
3448,Orange ,92677,-117.7094915,33.5354152,64.73,41.51,16.9,0.0,49.16,8.4,22.05,16.56
5687,Contra Costa,94513,-121.797346,37.8328349,35.21,16.5,0.97,44.41,16.39,4.94,4.14,11.95
751,Placer ,96145,-120.1832593,39.1853773,59.69,4.04,10.39,0.0,19.16,5.13,6.22,29.74
3920,Santa Clara,95032,-121.9339443,37.239751,24.88,12.92,23.88,0.0,21.76,5.52,3.96,8.98
1796,Ventura ,91320,-118.9266027,34.1665091,50.54,39.58,4.49,8.07,9.91,7.07,26.67,8.53
6482,San Diego,92011,-117.2875241,33.0980696,32.15,39.46,38.61,55.62,75.49,2.31,7.22,3.33
3865,San Francisco,94123,-122.4321032,37.8006155,3.12,31.11,89.81,0.0,40.61,3.89,2.62,6.08
5991,Monterey ,93923,-121.8182712,36.5409106,10.57,1.54,3.66,48.03,34.44,7.59,1.17,23.91
4681,San Diego,92124,-117.0924729,32.8247352,44.98,35.61,12.73,0.0,15.21,25.4,15.99,12.45
2889,San Diego,92019,-116.8356541,32.8013941,74.19,30.26,5.6,1.1,13.69,16.58,10.48,21.72
3266,Monterey ,93908,-121.6316313,36.5436798,11.69,1.37,3.88,90.41,12.44,3.39,4.0,16.82
5188,San Diego,92128,-117.0665065,33.0037084,56.96,28.6,16.43,0.0,28.56,5.93,11.23,6.08
2363,Placer ,95677,-121.250877,38.7965217,66.81,14.72,18.42,0.0,15.1,47.47,60.42,27.05
3352,Orange ,92677,-117.6870276,33.5031281,64.73,46.06,39.53,37.79,46.4,2.83,6.47,6.08
9713,San Diego,92009,-117.2527759,33.0779769,32.15,37.87,27.38,34.38,63.0,3.35,22.23,0.9
4781,Orange ,92677,-117.7195001,33.536825,64.73,41.52,18.78,0.0,42.3,8.4,22.05,16.56
3936,Santa Clara,95118,-121.8972821,37.2633246,24.88,17.3,21.77,0.0,22.81,35.54,33.92,23.66
4286,Santa Clara,95129,-122.0192271,37.301992,17.65,15.02,35.3,0.0,15.11,5.38,18.46,1.06
5969,San Diego,92117,-117.2237382,32.8318456,39.99,45.51,60.62,0.0,77.81,12.84,4.17,34.21
4789,Santa Clara,94022,-122.1409467,37.3611924,14.92,11.18,33.84,45.17,65.86,0.26,1.4,0.95
3270,Los Angeles,90265,-118.6049503,34.0516505,63.66,53.45,5.61,2.21,76.1,1.42,4.4,15.83
2460,El Dorado,96150,-119.9479318,38.90693,62.53,0.49,7.63,0.0,11.76,27.33,2.62,27.35
3539,Los Angeles,90272,-118.5555249,34.0737773,66.81,55.67,1.95,9.93,,1.97,15.83,0.35
5927,Santa Clara,95070,-122.0239096,37.274416,20.85,12.56,20.05,13.28,57.2,1.28,7.25,13.04
6099,San Mateo,94010,-122.3691594,37.5649612,10.57,17.41,21.92,0.0,36.64,11.42,10.01,3.07
3535,San Mateo,94402,-122.3377716,37.5294551,7.52,18.71,35.78,0.0,41.84,16.35,3.8,5.8
1318,Placer ,95724,-120.3619496,39.2581988,64.92,5.03,4.37,0.0,31.01,6.69,4.0,29.46
889,El Dorado,96150,-120.1061688,38.9115774,62.53,0.57,6.16,0.0,6.15,18.74,4.04,50.52
6100,San Diego,92065,-116.7742268,33.0025617,76.94,8.23,0.96,45.69,8.71,13.78,37.5,3.73
7148,San Mateo,94028,-122.2158436,37.3697092,11.56,10.19,5.4,42.21,37.38,0.67,1.08,1.88
4072,Santa Barbara,93108,-119.5131625,34.4413978,32.2,10.21,3.91,62.76,17.15,3.89,0.27,36.55
5857,Marin ,94939,-122.5372766,37.9354506,6.38,22.12,24.02,0.0,74.21,1.08,0.06,13.27
6440,San Diego,92130,-117.2061538,32.9681969,44.98,36.79,41.9,14.0,15.0,0.19,0.12,10.44
2864,Los Angeles,90275,-118.3748916,33.7671014,22.19,57.95,70.57,0.0,32.64,0.7,2.08,9.85
5053,Orange ,92651,-117.762964,33.5306175,63.29,44.38,11.13,0.0,70.83,13.24,7.34,6.08
4160,Orange ,92656,-117.738192,33.6011253,65.36,47.57,17.32,0.0,50.24,8.85,15.45,5.92
2538,Nevada ,96161,-120.2110907,39.353485,57.77,25.07,7.09,0.0,9.53,19.9,1.98,27.35
5172,Santa Clara,95125,-121.9050522,37.2779339,24.88,18.32,15.69,0.0,40.15,22.88,13.4,8.53
4074,Monterey ,93950,-121.926271,36.6028686,13.62,2.33,37.03,0.0,23.89,16.58,6.26,36.8
3154,San Mateo,94062,-122.2862916,37.4210369,7.52,11.35,10.42,30.14,23.2,5.57,2.5,15.33
3662,Santa Barbara,93117,-119.8420038,34.4739783,26.85,9.7,4.07,59.76,5.95,21.77,12.56,4.91
4301,San Diego,92014,-117.2641232,32.9625651,37.57,36.04,63.88,2.97,43.2,0.56,9.73,11.44
1641,Marin ,94956,-122.8602138,38.052907,7.52,6.17,0.15,0.0,1.56,2.12,3.5,25.72
3515,Contra Costa,94598,-121.9944596,37.9210134,22.19,29.62,11.57,0.0,55.66,20.2,33.0,0.95
2454,Contra Costa,94530,-122.2934783,37.9139392,3.12,34.91,51.79,0.0,8.24,34.2,12.6,1.43
3548,San Francisco,94114,-122.4294368,37.7649411,3.83,24.82,71.13,0.0,18.03,21.25,2.65,23.66
6755,Riverside ,92211,-116.2955164,33.7787664,93.63,7.95,24.37,16.83,54.2,22.79,20.92,31.73
5191,San Francisco,94114,-122.4303496,37.7595628,6.38,23.62,69.67,0.0,23.55,15.47,6.47,9.27
3078,El Dorado,95762,-121.0951787,38.6989223,74.1,13.03,24.32,0.0,40.48,9.56,33.5,1.88
5446,El Dorado,95664,-121.0317149,38.8331487,74.1,9.77,1.8,37.66,3.63,17.35,34.18,17.71
6011,Placer ,95648,-121.2864775,38.8474985,68.09,11.82,24.93,7.86,47.31,15.5,40.64,0.18
4957,Marin ,94941,-122.5502453,37.8915878,6.38,18.25,16.18,0.0,45.39,2.95,2.34,9.27
2113,Monterey ,93950,-121.9252483,36.6129762,13.62,2.55,35.35,0.0,9.94,27.98,15.67,8.98
2398,El Dorado,96150,-119.9583769,38.8426463,62.53,0.4,3.63,0.0,7.11,18.96,1.17,20.6
2985,Sonoma ,95409,-122.5987997,38.4219565,10.57,7.78,12.21,52.69,16.3,29.74,12.79,21.27
4287,San Francisco,94114,-122.4394975,37.7648874,6.38,23.35,68.65,0.0,22.29,9.04,0.76,1.98
3554,Sonoma ,95405,-122.667742,38.436066,10.57,10.17,11.08,38.9,40.68,65.43,53.34,4.17
4053,Alameda ,94539,-121.8964116,37.4871497,20.85,15.62,31.43,15.97,89.26,7.99,23.73,4.17
1513,Los Angeles,90274,-118.347163,33.7600134,17.87,57.73,7.78,15.86,58.99,0.36,0.6,5.09
2830,Santa Clara,95008,-121.9272408,37.2875614,22.19,19.55,64.42,0.0,58.04,12.0,8.1,8.68
2007,Alameda ,94618,-122.2495763,37.848171,3.12,41.97,92.71,0.0,37.49,9.8,14.53,11.44
3182,Orange ,92603,-117.8123266,33.6401283,59.69,53.19,9.48,0.0,17.16,3.51,11.23,2.34
4639,Placer ,95661,-121.2378798,38.7266398,66.81,15.78,27.62,0.0,26.74,46.92,60.42,19.89
3823,San Francisco,94114,-122.4294049,37.7495758,6.38,25.8,77.64,0.0,10.73,8.0,1.0,5.35
4946,Sacramento ,95630,-121.1202103,38.6654891,72.55,12.58,8.86,0.0,20.96,20.59,50.56,2.68
2495,San Francisco,94127,-122.4571446,37.743754,6.38,24.34,42.81,0.0,33.16,18.13,7.42,9.46
3120,Alameda ,94704,-122.2319033,37.8675947,3.12,36.27,34.76,0.0,55.94,4.44,1.42,11.03
6658,Contra Costa,94556,-122.1392991,37.8529718,7.52,30.62,15.81,14.17,22.43,0.86,0.6,19.12
3851,Marin ,94901,-122.5480916,37.9834871,7.52,21.27,14.51,1.21,26.84,9.91,7.63,10.72
7297,Placer ,95765,-121.2249758,38.8481243,68.09,11.4,8.48,34.34,9.74,21.76,40.42,4.72
3050,Santa Clara,95030,-121.9492004,37.2095465,24.88,8.28,10.08,27.17,2.36,1.12,0.31,14.48
2700,Alameda ,94619,-122.1887608,37.805237,3.83,33.96,57.21,0.0,24.58,50.76,2.84,4.72
2794,Contra Costa,94583,-121.9742883,37.7642406,20.85,25.21,77.34,0.0,87.05,22.08,18.39,0.13
14332,Placer ,95765,-121.2796761,38.8268169,66.81,12.98,46.0,0.0,36.89,13.06,33.92,8.38
5016,Marin ,94901,-122.4741961,37.9856076,7.52,22.94,6.65,0.0,,29.85,36.0,1.06
3459,Sonoma ,95448,-122.7450282,38.5679564,13.62,5.21,4.33,64.72,13.21,23.27,19.35,0.83
4859,Contra Costa,94598,-122.0394131,37.903197,17.65,32.41,24.8,9.31,52.48,10.69,12.15,8.98
6913,Contra Costa,94523,-122.0929535,37.9754127,14.92,31.15,12.11,0.86,16.43,36.34,27.82,1.06
4212,Marin ,94960,-122.5641105,37.9746108,7.52,19.13,20.24,0.0,60.69,2.58,2.42,11.44
5911,Orange ,92705,-117.7856521,33.7537091,60.66,65.8,21.47,0.0,21.64,18.42,10.53,3.54
4356,Los Angeles,90275,-118.3780098,33.7857153,24.88,63.51,23.62,52.86,56.38,0.69,2.11,7.83
2676,Contra Costa,94707,-122.284319,37.90719,3.12,35.42,19.07,0.0,7.78,8.28,3.71,5.8
1825,Marin ,94970,-122.6761173,37.9248161,6.38,11.92,1.33,15.03,1.43,0.5,15.83,50.24
2986,Alameda ,94705,-122.2441385,37.8547587,3.12,39.0,71.06,0.0,40.56,28.04,12.99,6.73
5066,Contra Costa,94549,-122.132124,37.9026902,7.6,31.43,50.28,29.38,83.76,16.43,16.03,4.57
4320,Santa Clara,95120,-121.8912127,37.2275236,24.88,12.45,11.29,19.62,20.51,6.11,14.52,0.9
1113,Santa Clara,94304,-122.1620848,37.4055527,11.56,13.37,53.01,64.69,76.24,0.49,1.28,2.91
2137,Alameda ,94602,-122.2070119,37.8133625,3.12,39.48,63.21,0.0,12.53,45.36,3.46,1.37
4625,Alameda ,94611,-122.1910599,37.8197458,3.83,35.28,39.79,0.0,10.58,31.56,11.34,10.14
4392,Santa Clara,94022,-122.1318447,37.3782554,14.92,12.53,39.1,40.9,80.49,0.44,1.21,7.83
2208,San Diego,92029,-117.0934081,33.0672688,50.54,14.9,28.23,29.31,64.98,4.32,26.62,11.67
1938,Santa Clara,94040,-122.0863447,37.3695442,16.78,13.04,60.47,0.0,20.7,1.99,8.69,1.32
3405,Santa Clara,95135,-121.7588033,37.2948902,26.7,15.41,19.73,0.0,37.75,19.79,42.22,5.09
4182,Placer ,95648,-121.2638454,38.856861,66.81,11.99,2.74,0.0,15.85,28.2,63.31,21.51
6895,El Dorado,95762,-121.0483699,38.6670529,75.12,15.27,15.42,0.0,67.21,10.76,37.67,6.28
3971,Santa Cruz,95003,-121.8784677,36.9574068,14.92,3.37,12.37,81.69,29.69,16.18,11.34,16.32
4201,Orange ,92677,-117.6966091,33.5469795,66.81,42.05,26.55,0.0,58.95,8.4,22.05,5.8
4095,San Francisco,94131,-122.4290987,37.737952,6.38,26.78,95.16,0.0,22.66,19.45,6.75,6.73
3105,San Francisco,94114,-122.4381261,37.7531762,6.38,26.43,61.92,0.0,26.36,13.38,6.41,0.35
1809,Alameda ,94611,-122.2171515,37.8271275,3.12,38.82,70.72,0.0,18.58,24.9,12.23,0.45
3004,San Diego,92109,-117.2422494,32.8083069,37.57,46.7,19.13,0.0,14.88,6.42,12.99,29.74
5628,Alameda ,94611,-122.2150894,37.8462442,3.12,37.14,57.6,0.0,53.18,14.52,4.7,8.98
6161,Santa Clara,95014,-122.0617266,37.2991911,17.65,11.43,13.19,12.48,10.76,0.6,3.25,3.07
7040,Nevada ,95949,-121.0499715,39.124831,78.01,6.0,7.41,0.0,7.59,33.89,29.89,32.79
2157,Riverside ,92260,-116.428717,33.6765145,88.7,4.51,7.34,0.0,23.43,6.87,19.68,36.42
5566,Santa Clara,95070,-122.0526843,37.2712577,17.65,9.5,6.85,35.52,14.31,1.27,6.93,3.07
6743,Contra Costa,94526,-122.0221467,37.8050946,15.05,22.13,29.98,0.0,96.16,6.28,5.11,17.89
3820,Los Angeles,90274,-118.3386906,33.7797891,22.19,62.94,8.8,3.03,60.55,2.24,3.85,6.92
4223,Santa Clara,95120,-121.8542523,37.2197661,26.7,12.4,40.76,0.0,29.58,6.62,16.33,1.65
2423,San Diego,92129,-117.1331584,32.9678415,50.54,43.11,19.25,0.0,20.19,15.75,30.45,2.6
5844,Monterey ,93924,-121.6806215,36.3913637,13.71,1.01,1.32,45.93,3.94,4.41,2.68,34.92
6464,Monterey ,93908,-121.6553273,36.5796828,10.57,1.41,6.53,84.62,43.94,8.45,16.16,3.54
2874,San Diego,92024,-117.251696,33.0624939,37.57,39.8,9.6,0.0,54.46,3.32,11.39,9.27
6547,Santa Cruz,95065,-121.9940956,37.0305521,14.92,3.47,15.02,34.45,69.6,6.19,5.5,12.16
2932,San Diego,92075,-117.2636285,33.0018126,37.57,36.68,77.05,1.76,90.26,3.61,12.31,3.18
2783,San Francisco,94123,-122.427246,37.8019611,3.12,31.11,99.2,0.0,44.68,3.27,0.32,2.47
882,Los Angeles,91301,-118.738967,34.0874944,63.61,47.28,4.12,19.38,38.86,0.45,0.46,18.71
2898,San Mateo,94402,-122.3457627,37.5200289,7.52,18.83,30.43,0.0,65.88,20.75,7.02,1.19
4936,San Diego,92129,-117.1150623,32.9800714,50.54,36.81,9.5,0.0,34.96,15.68,30.32,3.54
3431,San Mateo,94070,-122.2518655,37.4907772,6.38,16.13,55.79,0.0,50.44,6.52,5.11,3.54
2153,Riverside ,92260,-116.3865775,33.694826,88.7,7.89,3.1,0.0,22.64,12.14,34.81,18.91
3013,Sonoma ,95409,-122.5509594,38.4523882,11.56,7.21,10.64,43.31,27.88,23.64,8.25,4.02
7274,Los Angeles,90265,-118.8054481,34.0235975,59.69,47.87,18.25,26.62,56.58,3.1,11.5,11.44
4819,Los Angeles,90266,-118.4050812,33.8984626,29.89,70.6,50.57,0.0,42.41,2.37,16.75,2.47
3694,Alameda ,94708,-122.2590314,37.8920346,3.12,33.11,11.69,0.0,1.98,5.26,2.65,7.37
3242,Marin ,94930,-122.5996345,38.0029688,7.52,15.79,4.43,0.0,62.21,2.53,0.8,13.04
3373,Ventura ,93003,-119.2122733,34.3175245,35.27,24.63,4.89,31.0,34.58,31.84,9.17,6.92
4658,Sacramento ,95630,-121.1856973,38.6875399,70.28,12.06,17.87,0.0,49.04,13.48,24.55,19.38
3131,Santa Clara,94087,-122.0415383,37.3556392,16.78,13.75,20.4,26.24,38.45,2.22,11.63,2.2
3274,San Diego,91901,-116.7519581,32.8647039,78.01,11.77,6.93,0.0,29.01,12.41,17.34,4.91
3591,San Mateo,94025,-122.1923317,37.4364399,10.57,14.61,47.28,5.41,25.94,19.54,7.99,4.27
4712,El Dorado,95672,-121.010745,38.7325771,76.94,12.94,1.72,17.17,5.94,5.76,9.78,7.55
6665,San Diego,92011,-117.3081307,33.1143888,32.15,42.13,56.99,90.9,85.85,4.3,13.4,10.72
4502,Los Angeles,90266,-118.4018082,33.8915717,29.89,71.69,75.76,0.0,50.68,2.37,16.75,0.5
4008,El Dorado,95682,-121.012167,38.662649,76.94,17.66,14.25,0.0,32.39,33.33,29.77,6.73
7887,Marin ,94947,-122.6416644,38.1145306,7.52,11.38,6.43,15.24,3.51,35.03,18.62,11.67
5826,San Diego,92131,-117.0805415,32.9270444,53.73,42.86,11.52,0.0,30.48,4.66,10.22,1.19
841,Placer ,96145,-120.1453411,39.2047708,59.69,4.01,26.45,0.0,13.63,4.55,5.16,8.07
6266,El Dorado,95762,-121.0086199,38.67665,76.94,16.54,4.47,0.0,7.15,9.33,8.45,9.46
5682,San Diego,92082,-117.0811098,33.2721347,58.34,10.77,22.49,67.66,34.51,18.25,20.92,7.24
3156,Orange ,92677,-117.7138296,33.5110094,64.73,40.11,18.08,0.0,34.91,4.7,10.08,14.66
3616,Santa Clara,94024,-122.071847,37.3465927,16.78,13.13,39.38,0.0,23.11,0.21,2.37,0.21
7939,Santa Clara,95032,-121.9321689,37.2276327,24.88,10.24,12.62,37.24,14.7,8.72,8.57,0.45
7292,Contra Costa,94582,-121.8968502,37.7460371,26.7,19.84,5.8,0.0,21.93,10.23,17.5,0.45
10275,Orange ,92694,-117.638277,33.5521436,67.9,44.99,9.0,0.0,39.86,4.24,49.17,1.32
6948,San Mateo,94002,-122.303064,37.5037677,6.38,15.81,11.49,0.0,62.19,6.53,1.76,12.69
3571,Los Angeles,90272,-118.5245644,34.0350108,60.93,59.13,33.33,44.55,74.08,1.07,7.34,9.46
5943,Orange ,92887,-117.7666421,33.8796577,56.96,84.46,43.24,0.0,19.99,8.46,26.48,1.88
2551,El Dorado,96150,-120.0306547,38.8832961,62.53,0.54,7.72,0.0,12.66,30.2,3.25,18.44
3448,Sonoma ,95404,-122.6287915,38.4126004,10.57,7.69,7.75,58.97,9.59,34.06,14.79,2.12
3971,San Diego,92131,-117.0766489,32.9144857,53.73,41.38,12.4,0.0,16.71,4.66,10.22,0.26
4080,San Francisco,94114,-122.4298144,37.75397,6.38,25.8,74.93,0.0,13.73,15.45,6.02,7.83
4541,Santa Clara,94022,-122.120112,37.3927828,13.62,14.76,59.51,0.0,59.0,0.24,0.36,4.91
2518,Santa Clara,94087,-122.0458424,37.3448815,16.78,14.71,25.02,5.72,30.68,2.22,11.63,2.91
3873,Alameda ,94707,-122.2813663,37.8911093,3.12,37.17,34.19,0.0,7.44,11.07,6.54,2.47
3496,San Diego,92037,-117.2571877,32.8407682,39.99,44.44,23.1,0.0,47.2,5.05,1.52,18.44
4008,Contra Costa,94563,-122.1812338,37.8566708,3.83,32.32,23.39,14.45,69.3,1.35,2.74,5.55
5731,San Diego,92064,-117.045904,32.9895326,59.69,39.27,5.43,0.0,50.89,4.77,5.67,21.51
2268,San Diego,92107,-117.2446667,32.7357705,35.16,48.94,16.85,5.52,6.6,12.87,6.89,15.59
3641,Orange ,92691,-117.6494963,33.6443064,67.9,42.91,20.14,0.0,35.96,8.14,27.63,4.4
5725,San Diego,92037,-117.2458162,32.8253173,39.99,45.0,55.27,0.0,56.15,1.38,0.11,18.71
6226,San Francisco,94127,-122.4678545,37.7391922,6.38,26.55,61.22,0.0,68.63,13.33,4.9,2.12
3176,San Francisco,94114,-122.4434836,37.7595166,6.38,26.43,62.65,0.0,20.08,9.82,2.47,9.85
1987,Monterey ,93923,-121.735102,36.3010787,13.71,0.87,0.12,0.0,3.11,9.78,5.22,43.53
8226,Orange ,92694,-117.6442558,33.5418916,66.81,42.78,18.98,0.0,37.24,1.47,19.2,2.91
5584,San Diego,92024,-117.2787053,33.0812238,32.15,40.85,50.55,59.14,81.39,2.54,9.07,6.08
2273,Nevada ,96161,-120.2644328,39.333391,57.77,11.36,19.45,61.34,24.2,19.99,1.99,15.83
3250,San Diego,92075,-117.2420769,33.0027873,42.56,28.09,36.07,77.41,78.96,1.81,6.54,8.98
3558,Los Angeles,91390,-118.467462,34.4580131,95.27,48.0,7.85,0.0,31.33,6.85,14.01,12.16
2785,Los Angeles,90266,-118.4003277,33.8828078,29.89,75.59,52.82,0.0,56.5,1.91,13.5,17.19
3154,Marin ,94960,-122.5758726,37.9796411,7.52,18.86,10.19,0.0,66.93,3.02,3.64,7.83
3969,Contra Costa,94596,-122.0291114,37.8863578,17.65,29.06,26.27,0.0,85.6,20.87,19.2,1.65
5580,Santa Clara,95014,-122.0379145,37.3022842,17.65,14.52,57.47,0.0,68.85,0.55,2.37,3.18
4412,San Diego,92010,-117.3117343,33.163745,35.16,40.02,37.82,37.48,26.95,6.13,21.3,13.52
8933,Contra Costa,94582,-121.8811647,37.7733137,32.15,18.92,2.19,16.14,15.15,3.05,2.54,1.88
6803,Marin ,94903,-122.5839902,38.0386059,10.57,15.31,7.73,0.0,38.23,15.23,17.8,14.05
6054,San Diego,92106,-117.2533174,32.7215901,32.15,49.76,32.71,2.31,10.34,9.86,1.88,15.33
4246,Santa Clara,94022,-122.1115851,37.377503,13.62,13.57,19.59,0.0,37.84,0.54,1.81,3.54
11848,Contra Costa,94582,-121.9082293,37.7872985,26.7,20.63,1.87,13.48,45.38,5.2,8.16,4.4
6602,Santa Clara,95070,-122.0078856,37.2589677,20.85,10.73,21.71,18.93,56.19,1.02,3.46,12.45
3563,Los Angeles,91390,-118.5206685,34.463885,93.63,45.86,19.04,0.0,31.19,5.45,18.46,1.43
1759,Los Angeles,90274,-118.3853116,33.763048,24.88,58.36,18.06,10.69,22.26,0.3,0.51,3.07
2836,San Mateo,94027,-122.1849613,37.4675423,10.57,12.79,41.42,0.0,23.84,1.33,0.65,0.26
2087,Monterey ,93923,-121.871267,36.4997312,10.57,1.32,2.75,23.28,19.73,18.86,7.51,28.86
5523,Los Angeles,90272,-118.5485779,34.0511084,64.73,57.42,25.09,5.28,54.9,1.62,13.27,11.44
6480,Orange ,92656,-117.7391584,33.563581,64.73,43.65,13.73,0.0,68.36,3.69,6.54,2.12
5355,Orange ,92679,-117.5683182,33.6539114,71.66,51.9,21.49,63.83,14.44,2.79,17.07,1.52
2758,Contra Costa,94563,-122.1594575,37.8296606,3.83,29.65,4.34,7.66,10.83,1.32,1.92,8.24
2906,Santa Clara,94024,-122.0798819,37.3407774,16.78,12.72,58.98,0.0,82.53,0.41,5.5,0.74
2426,Santa Clara,95030,-121.9857093,37.2435393,22.19,10.47,28.79,0.0,23.39,2.98,2.72,0.9
3443,Alameda ,94618,-122.2381008,37.8451917,3.12,41.18,91.62,0.0,53.95,7.37,14.28,0.55
4960,Sacramento ,95630,-121.1230683,38.6779296,72.55,12.13,19.7,0.0,37.83,20.59,50.56,0.26
3436,Alameda ,94706,-122.2870621,37.8870336,3.12,38.32,51.08,0.0,11.19,18.69,6.82,2.91
1904,Napa ,94559,-122.3831025,38.2921654,14.92,21.24,14.13,72.48,27.86,8.81,1.67,27.35
2572,San Mateo,94402,-122.3451754,37.5680176,10.57,17.96,24.94,0.0,48.33,11.49,1.11,0.35
5348,San Mateo,94010,-122.3483099,37.5480113,10.57,17.85,22.41,0.0,42.85,7.39,3.53,0.55
3755,Sacramento ,95819,-121.440758,38.5740594,46.99,38.46,63.36,0.0,4.94,16.43,22.3,10.44
3903,San Diego,92037,-117.2628601,32.8086093,37.57,48.65,18.12,0.0,16.35,3.44,3.33,18.71
2971,Santa Clara,95032,-121.9644741,37.2513154,22.19,12.46,56.78,0.0,76.71,4.36,4.8,11.95
7012,Sacramento ,95630,-121.1301153,38.6960099,71.66,11.9,17.49,68.69,51.25,11.59,30.89,2.12
4003,Alameda ,94550,-121.7864954,37.6506604,35.16,18.03,23.3,71.1,28.11,26.66,32.9,1.52
2924,San Diego,92109,-117.2324258,32.81621,37.57,46.3,71.24,0.0,84.86,2.33,1.67,6.08
5453,San Diego,92128,-117.072852,32.9794748,56.96,44.95,22.45,0.0,58.81,5.41,9.28,2.91
4741,Los Angeles,91301,-118.8124276,34.1237813,60.96,43.21,17.25,23.69,63.45,1.65,6.67,8.98
1890,Riverside ,92260,-116.3871379,33.7048238,88.7,8.29,8.14,0.0,34.55,6.01,16.61,13.27
6687,Contra Costa,94526,-121.9650943,37.7992823,22.19,23.15,10.3,73.59,42.59,3.0,1.86,7.83
4968,Santa Clara,95129,-122.0102043,37.3026196,20.85,15.76,22.2,0.0,19.65,5.17,17.11,1.75
5649,Los Angeles,90275,-118.3284429,33.7535997,17.65,59.3,6.76,0.0,32.99,2.49,7.63,0.63
2704,Alameda ,94541,-122.0404785,37.6668495,14.92,21.37,7.03,39.38,3.98,22.3,4.54,3.07
2248,Sacramento ,95630,-121.1454813,38.6632674,71.66,11.65,3.43,0.0,17.86,20.59,50.56,6.08
3594,Alameda ,94707,-122.2752271,37.8975481,3.12,34.66,34.04,0.0,3.03,7.69,5.67,0.5
4226,San Francisco,94129,-122.480109,37.7991353,3.83,25.2,90.13,0.0,85.83,2.42,0.83,11.95
6167,El Dorado,95762,-121.0874235,38.737015,74.1,13.63,6.45,44.17,8.33,8.87,24.0,11.67
3413,San Diego,92037,-117.2734661,32.8191521,37.57,48.24,13.01,0.0,19.19,5.05,1.52,19.12
3359,San Mateo,94070,-122.2631052,37.4946099,6.38,17.32,22.18,0.0,59.43,13.3,16.16,0.9
1803,San Mateo,94070,-122.2762021,37.4889079,6.38,16.52,6.47,0.0,45.01,13.3,16.16,0.74
4947,Contra Costa,94506,-121.9040691,37.8065479,29.89,19.2,1.84,0.0,55.28,5.92,12.15,0.45
6492,El Dorado,95762,-121.086335,38.6722167,74.1,14.06,27.55,0.0,54.88,9.85,34.62,7.55
5494,Santa Clara,94306,-122.1296816,37.4277012,11.56,17.15,42.28,0.0,38.41,2.67,1.33,5.35
4719,San Francisco,94123,-122.4305121,37.7972449,3.12,29.61,91.28,0.0,34.05,3.5,0.93,14.05
2084,Alameda ,94708,-122.2661928,37.899434,3.12,34.66,23.58,0.0,1.74,6.23,4.17,0.83
3046,San Francisco,94114,-122.4370296,37.7591285,6.38,26.43,67.19,0.0,22.0,16.35,9.0,10.14
6911,Marin ,94941,-122.5317487,37.8717847,6.38,18.82,19.64,0.0,73.8,2.77,1.98,6.28
5318,Orange ,92677,-117.7023638,33.500522,64.73,43.09,9.01,22.55,28.81,3.94,7.94,11.27
2621,San Diego,92130,-117.2241058,32.9426037,44.98,45.82,68.49,0.0,35.71,0.75,1.65,9.64
6453,San Mateo,94061,-122.2524753,37.4580008,7.52,14.69,11.14,0.0,8.38,27.12,5.61,0.35
3810,Contra Costa,94523,-122.0885363,37.9372675,13.62,33.17,8.38,0.0,20.14,15.15,16.16,12.69
3705,Santa Clara,94022,-122.1076542,37.3913072,13.62,15.64,56.15,0.0,57.6,0.61,1.69,0.9
1705,Monterey ,93923,-121.9239502,36.5494476,10.57,2.51,40.29,0.0,1.25,23.72,6.17,9.27
6455,Contra Costa,94582,-121.9274296,37.7614431,24.88,21.61,5.97,0.0,29.8,8.19,11.34,3.73
5610,Contra Costa,94507,-121.9836906,37.8636653,21.01,23.25,9.62,8.03,82.73,3.94,1.4,1.26
2897,Los Angeles,90266,-118.410369,33.8807307,29.89,72.43,26.98,0.0,20.15,1.88,13.1,3.54
3368,San Diego,92065,-116.9890364,33.0040421,63.61,17.08,8.55,23.21,24.18,6.07,9.53,14.48
5642,Santa Clara,95135,-121.738317,37.281579,29.89,11.54,8.89,39.34,21.08,11.48,21.04,5.55
2834,Orange ,92625,-117.8634236,33.6046208,55.38,52.03,12.41,22.59,49.5,3.73,1.86,8.98
4884,San Mateo,94062,-122.2530388,37.4721968,7.52,14.86,13.84,0.0,5.98,10.94,3.25,4.91
2403,San Diego,92118,-117.1850758,32.686581,29.89,52.17,56.96,0.0,28.18,14.67,3.43,5.8
1056,Placer ,96140,-120.0964128,39.2320269,59.69,4.31,17.35,0.0,14.33,1.71,2.28,33.77
3145,Santa Clara,95120,-121.8693742,37.2129709,26.7,11.2,30.64,0.0,42.33,6.62,16.33,2.34
3371,Marin ,94963,-122.6665068,38.0139328,7.52,11.39,3.65,0.0,8.73,0.46,0.22,38.91
2439,San Diego,92014,-117.2402519,32.989035,42.56,30.72,44.19,56.17,81.2,0.22,1.2,0.6
7528,Marin ,94960,-122.5831555,38.0056961,10.57,16.32,5.71,6.72,67.85,2.43,2.08,11.27
2125,Monterey ,93923,-121.9209602,36.5587379,10.57,1.58,47.07,0.0,3.29,23.09,5.82,18.18
3433,Santa Barbara,93105,-119.7744367,34.4984602,26.85,8.04,5.13,47.59,5.69,6.28,0.41,7.37
5889,Marin ,94920,-122.4887283,37.902744,6.38,24.56,17.09,0.0,72.23,4.42,4.7,8.07
3350,Santa Barbara,93105,-119.7080007,34.4674371,26.7,7.17,8.0,27.52,1.55,16.77,2.69,12.16
3300,Placer ,95765,-121.2420642,38.8290525,67.9,11.55,4.65,0.0,6.69,17.47,43.96,5.55
2421,Marin ,94945,-122.5913644,38.1316526,10.57,14.7,5.51,0.0,58.91,16.28,3.78,10.72
6426,Contra Costa,94549,-122.1209824,37.9329608,7.6,29.22,9.36,19.34,21.03,11.83,6.41,2.91
4135,San Francisco,94131,-122.4381417,37.7454964,6.38,26.37,52.06,0.0,16.21,18.53,8.76,12.84
7708,Contra Costa,94506,-121.9506215,37.8194966,22.33,20.55,11.8,6.69,42.31,4.41,4.7,0.45
4992,Contra Costa,94583,-121.9283939,37.738748,24.88,22.53,10.12,0.0,13.84,14.77,12.15,5.35
3352,Orange ,92679,-117.5985167,33.5817672,67.9,48.14,9.33,0.0,37.58,1.97,12.15,0.95
6521,Alameda ,94611,-122.2253292,37.8216214,3.12,40.7,29.15,0.0,4.65,21.46,5.96,0.04
2526,Santa Barbara,93108,-119.6071067,34.4581241,26.7,8.2,7.17,55.28,3.08,1.48,2.62,17.19
5226,San Mateo,94070,-122.2815708,37.4814961,6.38,13.89,9.1,0.0,75.01,2.89,0.92,2.6
3404,Contra Costa,94598,-122.0070141,37.8810018,17.87,26.4,38.41,6.31,90.03,5.27,1.88,4.02
4697,El Dorado,95672,-121.033171,38.6926348,75.12,14.08,12.17,27.45,15.55,7.33,25.67,3.54
3763,Contra Costa,94507,-122.0429151,37.8320573,14.92,24.43,25.5,0.0,87.2,2.62,0.42,0.74
4502,Placer ,95746,-121.2083211,38.7166599,69.32,13.98,9.77,0.0,13.4,16.6,21.3,6.48
6328,San Mateo,94002,-122.3110298,37.5166078,6.38,17.51,14.01,0.0,47.94,11.37,3.3,0.83
3424,Los Angeles,90272,-118.5024565,34.0458645,60.93,58.37,38.54,17.38,61.51,0.47,1.18,4.57
4983,Marin ,94904,-122.5532763,37.9435456,6.38,19.32,11.25,0.0,63.61,0.88,2.47,7.55
3253,Santa Cruz,95003,-121.8654863,37.0227547,17.65,3.41,1.47,51.0,22.8,10.69,3.64,17.71
3206,San Mateo,94062,-122.247959,37.4800486,7.52,14.81,17.64,0.0,10.63,8.67,4.24,6.92
3059,Los Angeles,90049,-118.508627,34.0918093,68.23,58.29,5.65,13.97,48.95,0.93,4.04,5.55
2653,Contra Costa,94708,-122.2748794,37.9094178,3.12,34.14,18.93,0.0,6.01,4.91,1.06,5.55
4930,San Mateo,94070,-122.277553,37.5048796,6.38,16.25,27.33,0.0,20.2,9.87,9.38,0.04
2424,Alameda ,94546,-122.0747102,37.7726562,10.6,22.64,1.73,16.41,6.3,9.18,9.95,2.91
3578,Santa Cruz,95033,-121.9115725,37.0900016,17.87,4.23,5.87,28.86,63.49,10.51,1.17,6.48
3406,Contra Costa,94556,-122.0953355,37.8450691,7.6,25.59,10.77,14.83,19.59,4.34,6.67,2.6
5183,Nevada ,96161,-120.1090918,39.342348,57.77,10.63,10.99,0.0,56.18,19.9,1.98,7.83
4548,Contra Costa,94506,-121.9417988,37.7955824,26.7,21.32,4.85,61.45,55.09,1.77,1.3,1.65
2683,Contra Costa,94595,-122.0659799,37.8531059,13.62,25.87,5.59,0.0,,2.46,0.22,16.56
7859,Contra Costa,94526,-121.9759134,37.8447107,21.01,22.48,32.79,8.55,86.1,1.86,0.61,2.68
4583,Marin ,94941,-122.5585051,37.9104407,6.38,17.92,7.55,0.0,23.94,3.89,6.41,10.72
6004,Orange ,92679,-117.58352,33.5764329,67.9,47.89,20.2,0.0,36.91,1.57,9.0,1.98
5669,Contra Costa,94556,-122.1053062,37.8173344,7.6,24.44,1.63,11.86,22.44,4.27,6.33,6.92
2936,San Diego,92037,-117.2633257,32.8253212,39.99,46.05,7.13,0.0,9.61,5.05,1.52,3.54
2590,San Francisco,94114,-122.4384676,37.7492646,6.38,26.37,61.87,0.0,25.14,8.66,2.26,7.37
4397,Contra Costa,94563,-122.1684192,37.8795035,6.38,33.27,38.22,14.38,49.35,2.29,2.48,0.74
2820,Santa Clara,95014,-122.1195977,37.292652,13.71,7.83,5.26,50.76,43.95,0.16,0.25,8.24
3617,Alameda ,94708,-122.2559829,37.8839567,3.12,37.31,12.32,0.0,2.63,3.54,1.33,8.24
4936,San Mateo,94062,-122.2802889,37.468165,7.52,13.08,10.78,0.0,54.06,8.8,4.59,1.43
2892,Santa Clara,95070,-122.0292243,37.2382823,20.85,8.21,15.72,11.48,15.58,0.52,0.62,0.45
6292,Contra Costa,94549,-122.1051075,37.8682861,11.56,29.46,10.48,12.14,23.33,7.49,5.3,0.2
3363,San Mateo,94070,-122.2833309,37.4953071,6.38,14.42,9.67,0.0,20.23,12.38,14.31,1.98
6195,Marin ,94941,-122.540486,37.9121511,6.38,20.61,12.92,0.0,44.11,3.71,6.13,0.9
1043,Alameda ,94720,-122.2545472,37.8738125,3.12,38.57,82.19,0.0,4.8,1.46,14.94,4.02
58,Alameda ,94607,-122.3198955,37.8033573,3.12,44.63,97.7,0.0,64.96,98.98,54.09,
63,Alameda ,94607,-122.2943959,37.7961258,3.12,46.82,99.1,0.0,56.1,98.98,54.09,
457,Calaveras ,95223,-120.2111512,38.4051305,68.18,2.53,1.98,5.93,0.65,40.58,72.22,48.03
3251,Fresno ,93210,-120.2430393,36.1300647,63.61,45.44,6.25,50.79,4.3,72.12,91.6,
4137,Imperial ,92233,-115.4628141,33.1874637,11.6,16.33,5.29,83.69,1.34,86.76,79.55,
5571,Kern ,93280,-119.4116611,35.5905734,82.48,95.59,36.68,81.83,0.23,45.65,92.21,
3267,Kern ,93215,-119.312322,35.783063,82.48,93.83,21.36,37.52,1.23,55.4,95.26,
2231,Kern ,93215,-119.3223087,35.7673126,82.48,90.86,2.36,49.1,0.68,55.4,95.26,
4228,Kern ,93561,-118.5709793,35.1129063,93.63,7.39,23.27,42.55,,71.66,86.99,
9035,Kings ,93212,-119.5540669,36.057953,82.48,94.87,45.94,76.62,0.44,66.86,91.71,
2972,Kings ,93204,-120.1209322,35.9707414,60.66,48.69,3.39,0.0,1.53,48.87,87.11,
9280,Lassen ,96117,-120.3657009,40.4415822,55.38,0.76,2.09,80.93,4.74,52.17,13.16,62.59
3381,Los Angeles,91330,-118.5274632,34.2438266,93.63,73.95,58.74,0.0,46.81,5.1,5.4,99.84
11977,Los Angeles,90024,-118.4454343,34.0710687,60.93,67.33,88.44,5.1,63.35,0.01,7.65,
0,Los Angeles,91608,-118.3509328,34.1387609,71.66,64.03,95.12,2.03,97.98,,,
3945,Los Angeles,91711,-117.708673,34.1007144,84.58,94.36,81.23,19.83,28.1,29.21,45.08,
1862,Los Angeles,91768,-117.8174587,34.0539197,72.83,88.89,44.08,75.83,94.55,39.37,20.78,
399,Los Angeles,91768,-117.812962,34.0382703,71.66,89.84,87.11,25.86,73.43,72.12,55.26,99.97
9,Los Angeles,90670,-118.0424162,33.9002766,47.38,75.93,78.57,0.0,73.83,27.85,45.31,
45,Los Angeles,90058,-118.2109137,34.0029371,47.38,87.88,87.9,0.0,56.25,94.93,87.85,1.06
1982,Los Angeles,90650,-118.0671761,33.9239459,50.54,73.85,85.9,0.0,56.26,54.8,83.51,98.58
31,Los Angeles,90242,-118.1619504,33.9255374,39.99,79.23,79.75,0.0,51.71,57.18,89.0,
2276,Los Angeles,90840,-118.1148009,33.7837945,24.88,60.81,25.18,0.0,71.46,14.47,51.61,
133,Los Angeles,90815,-118.118648,33.7784358,24.88,60.86,70.73,0.0,85.16,14.47,51.61,
93,Los Angeles,90813,-118.2146254,33.7868656,20.85,66.62,97.24,0.0,79.85,94.19,95.68,99.75
483,Los Angeles,90704,-118.4584354,32.8977598,21.01,5.55,4.23,0.0,,41.56,29.45,48.58
4895,Los Angeles,93536,-118.2277779,34.6955698,88.7,7.41,11.5,0.0,,69.79,61.98,
179,Los Angeles,93510,-118.1235974,34.4083832,95.31,43.05,1.18,0.0,1.49,17.65,3.07,
363,Los Angeles,93550,-118.0967177,34.5024487,91.05,19.74,5.2,0.0,28.9,94.42,88.52,30.04
172,Los Angeles,91390,-118.4200954,34.5455872,95.27,34.88,0.46,0.0,5.46,12.21,45.97,
5393,Los Angeles,91384,-118.5983695,34.465384,84.58,36.61,1.62,42.45,94.15,24.29,35.18,
90,Los Angeles,91011,-118.1390988,34.256481,91.08,55.02,0.41,1.28,0.94,3.64,1.23,
461,Los Angeles,91342,-118.2894308,34.3387926,97.1,50.43,0.76,12.34,72.4,27.8,10.64,61.28
796,Los Angeles,93563,-117.8661408,34.2803329,97.1,53.11,0.45,0.1,0.25,13.63,7.94,
0,Los Angeles,91505,-118.3575364,34.1997155,84.58,60.97,91.33,0.0,56.73,,,
0,Los Angeles,90745,-118.2386708,33.8104081,20.85,70.34,86.97,12.38,82.09,,,
0,Los Angeles,93535,-117.9667789,34.8098536,88.7,4.85,0.01,0.0,12.2,54.34,40.64,
0,Los Angeles,93550,-118.0947612,34.619832,88.7,6.87,5.33,70.62,41.99,78.51,44.01,
0,Los Angeles,90501,-118.3273387,33.8534589,24.88,81.53,48.66,54.66,68.08,,,
0,Los Angeles,90808,-118.0863795,33.814394,26.85,63.17,69.55,0.0,95.86,,,
0,Los Angeles,90803,-118.1007408,33.7663042,24.88,60.88,45.12,10.38,78.65,,,
68,Los Angeles,91406,-118.4906762,34.2106318,91.05,90.7,71.7,0.0,66.24,84.25,86.24,
5,Los Angeles,90027,-118.3009695,34.1412655,69.57,65.91,47.45,0.0,99.49,8.92,23.82,
0,Los Angeles,90245,-118.3871451,33.9164971,29.89,72.01,95.78,44.14,84.65,0.92,0.71,
9,Los Angeles,90744,-118.2384201,33.7824778,17.87,67.32,99.58,0.0,65.78,83.04,92.62,
0,Los Angeles,90807,-118.1539086,33.8152519,26.7,65.18,88.0,52.83,92.14,2.48,4.36,
138,Los Angeles,90272,-118.5442322,34.0874598,68.23,55.57,1.28,11.59,29.63,0.2,0.05,4.57
0,Los Angeles,91352,-118.303403,34.2266893,91.05,56.18,16.03,0.0,90.88,,,
33,Los Angeles,91342,-118.3812804,34.2700342,97.0,56.09,44.41,21.69,84.28,16.76,1.08,
0,Los Angeles,91344,-118.4803023,34.3029687,97.0,53.89,74.69,0.0,97.6,9.63,0.54,
0,Los Angeles,91311,-118.6324389,34.2367861,79.99,50.98,8.53,0.0,7.91,29.35,19.48,
223,Los Angeles,91406,-118.4883751,34.1803242,82.63,89.04,64.36,51.48,99.28,48.5,40.99,0.55
0,Los Angeles,90745,-118.240029,33.8433748,24.88,85.7,61.61,0.0,39.95,,,
26,Los Angeles,91042,-118.2633094,34.2734829,95.27,53.98,4.21,0.0,,17.31,31.68,
0,Los Angeles,90045,-118.417488,33.942108,32.15,76.74,95.64,42.72,84.08,15.49,28.83,
0,Los Angeles,90245,-118.4094782,33.9096235,32.15,72.62,81.51,2.86,76.23,,,
1175,Los Angeles,90731,-118.2627271,33.7338349,16.78,68.09,99.71,0.0,63.95,93.1,62.46,
16,Los Angeles,90802,-118.2203101,33.7443155,17.65,69.5,99.81,0.0,72.7,40.49,19.52,
2649,Marin ,94964,-122.4901332,37.9403057,6.38,28.21,44.48,0.0,,0.1,15.33,
8821,Monterey ,93960,-121.374591,36.4717572,32.15,1.64,38.77,79.34,79.63,42.42,59.5,
2366,Monterey ,93944,-121.911505,36.6045157,13.62,1.93,57.69,0.0,52.65,9.46,0.6,28.86
1892,Monterey ,93955,-121.7987528,36.6518615,10.57,2.5,70.12,0.0,3.49,49.9,18.39,
0,Monterey ,93905,-121.6050021,36.6632605,11.56,1.88,38.07,98.76,19.03,13.97,1.98,
757,Napa ,94558,-122.2727846,38.274245,17.65,41.57,60.86,66.28,58.36,52.14,53.81,99.91
738,Napa ,94558,-122.1823381,38.421982,22.25,12.91,4.04,71.38,1.04,21.4,9.33,3.73
4,Orange ,92807,-117.8046652,33.8581239,55.38,87.23,86.71,18.86,78.24,15.78,27.02,
33,Orange ,92802,-117.9186718,33.8096249,50.54,79.8,97.69,57.97,88.53,36.07,15.15,
525,Placer ,96145,-120.2181031,39.1164345,60.66,2.15,2.91,0.0,9.93,1.94,1.45,37.64
415,Placer ,96142,-120.1683531,39.0701937,60.66,1.16,3.07,0.0,6.39,1.46,4.14,67.61
171,Riverside ,92239,-114.4753345,34.0001828,20.85,41.95,0.37,55.72,0.66,82.51,98.18,32.79
0,Riverside ,92507,-117.3162137,33.9361587,97.6,66.14,12.93,0.0,14.28,31.87,24.73,
6196,Riverside ,92239,-114.9176889,33.5603344,20.85,37.34,27.87,0.0,,23.64,42.53,
312,Sacramento ,95836,-121.550054,38.7092002,59.85,27.18,10.95,91.07,46.39,27.41,43.08,8.07
4860,Sacramento ,95630,-121.1564584,38.6941055,71.66,10.29,45.31,0.0,50.83,20.59,50.56,
4966,San Bernardino,92346,-117.2197585,34.1390176,100.0,54.24,7.52,0.0,34.26,61.52,77.58,99.36
0,San Bernardino,92408,-117.2398343,34.0978652,100.0,57.49,51.06,0.0,21.31,,,
3817,San Bernardino,92394,-117.3717881,34.5852811,82.48,9.2,2.61,0.0,9.1,87.59,88.16,
6372,San Diego,92136,-117.1207979,32.6835337,26.7,51.5,93.78,0.0,38.39,11.65,7.63,
285,San Diego,92134,-117.1468406,32.7241215,29.89,50.89,92.89,0.0,67.79,23.11,2.97,
23,San Diego,92101,-117.1904453,32.7317286,29.89,51.34,89.88,0.0,74.96,78.68,31.75,
3760,San Diego,92140,-117.1977435,32.7377186,29.89,50.91,80.88,0.0,65.91,0.37,13.66,
767,San Diego,92106,-117.2455744,32.6853619,32.15,50.19,38.95,0.0,,18.44,0.88,
0,San Diego,92118,-117.1887005,32.7122439,26.7,52.17,72.92,0.0,71.19,80.05,33.92,
2467,San Diego,92135,-117.2096422,32.6992345,29.89,52.28,63.93,0.0,35.99,0.17,0.02,47.11
312,San Francisco,94121,-122.5028261,37.7860688,6.38,27.43,21.89,0.0,31.53,25.22,25.07,
63,San Francisco,94122,-122.4920873,37.7684025,6.38,22.8,52.1,0.0,63.68,5.3,0.49,
253,San Francisco,94124,-122.389477,37.7462861,3.83,28.1,98.71,25.24,81.14,69.29,8.25,43.53
3075,San Luis Obispo,93405,-120.7001012,35.3228262,14.92,9.47,45.89,42.1,64.21,6.02,3.12,
234,San Luis Obispo,93422,-120.6348783,35.4672586,29.89,4.95,12.1,46.69,26.78,39.72,16.48,91.04
0,San Mateo,94128,-122.3768614,37.6147578,10.57,32.62,98.38,0.0,98.03,,,
2879,Santa Barbara,93436,-120.4865233,34.6780677,7.52,9.15,11.3,74.21,26.46,52.44,67.3,51.95
0,Santa Barbara,93117,-119.8393624,34.4270203,20.85,13.83,20.41,17.55,50.88,25.92,41.16,
10,Santa Barbara,57,-120.0482206,33.9481863,17.67,6.99,1.01,0.0,,27.88,17.9,
269,Santa Clara,95035,-121.8525394,37.4321281,20.85,14.32,2.53,35.59,5.76,12.39,16.48,4.4
3302,Santa Clara,94305,-122.1772178,37.4292567,10.57,15.08,91.03,39.59,42.4,0.05,26.58,38.13
6720,Solano ,95687,-121.9787847,38.3206557,32.15,13.27,8.36,0.0,43.01,83.44,68.1,
0,Solano ,94535,-121.9456515,38.2544515,26.85,17.73,1.68,0.0,,27.08,12.31,
582,Tulare ,93257,-118.9838486,36.0380615,82.48,94.49,18.62,88.72,,71.09,91.55,99.42
2509,Tuolumne ,95327,-120.5370715,37.8919389,75.12,40.96,30.55,0.0,10.41,77.57,95.01,
778,Ventura ,93001,-119.371944,34.3439029,26.85,16.74,10.47,88.45,74.98,54.06,19.2,27.35
675,Ventura ,93036,-119.1801048,34.2350756,29.89,36.94,91.82,33.21,91.69,49.25,48.22,100.0
118,Ventura ,61,-119.5035884,33.2556547,29.89,2.87,1.43,0.0,,71.88,67.7,
